Epoch	Explore_Iteration	MacroPopSize	MicroPopSize	RMSE	Accuracy_Estimate	RuleCount	TreeCount	AveGenerality	ExpRules	Time(min)
1	100	1000	1000	41607.900281603164	2.4033319631909067e-05	0	1000	0.8701499999999995	0.0	1.177216899394989
2	200	1000	1000	1775.6525691762854	0.0005628562485143805	0	1000	0.8711499999999995	0.0	2.322322463989258
3	300	1000	1000	863.7713943761801	0.001156374975517512	0	1000	0.8716499999999995	0.0	3.449651662508647
4	400	1000	1000	545.6860020553944	0.0018292035944587298	0	1000	0.8719999999999998	0.0	4.5868745525678
5	500	1000	1000	435.26899831949504	0.002292163788515784	0	1000	0.8719	0.0	5.716391817728678
6	600	1000	1000	181.8903471129387	0.00546775713308958	0	1000	0.87225	0.0	6.838468499978384
7	700	1000	1000	145.86158753774956	0.006809132440727282	0	1000	0.8729499999999998	0.0	7.952022496859232
8	800	997	1000	120.7823735405893	0.008211368943853818	0	997	0.8732499999999999	0.0	9.124814283847808
9	900	993	1000	119.74108826143048	0.008282184750851214	0	993	0.8737999999999997	0.0	10.321315550804139
10	1000	993	1000	292.7028303198364	0.003404802054209081	0	993	0.8739499999999997	0.0	11.536048297087351
11	1100	992	1000	126.17339715616238	0.007863279761034075	0	992	0.8745499999999997	0.936491935483871	11.682284649213155
12	1200	992	1000	124.8005894852858	0.007949088347610362	0	992	0.8754499999999997	0.9334677419354839	11.826893595854441
13	1300	990	1000	116.03275198934466	0.008544616639374983	0	990	0.8762999999999997	0.9353535353535354	11.97055158217748
14	1400	990	1000	102.74714899827192	0.009638819087131316	0	990	0.8768999999999998	0.9333333333333333	12.111423134803772
15	1500	987	1000	111.27034844721456	0.0089070713134035	0	987	0.8773999999999998	0.9341438703140831	12.249836615721385
16	1600	987	1000	120.66576532011368	0.008219238973008629	0	987	0.87775	0.9422492401215805	12.379143913586935
17	1700	986	1000	116.54715879325171	0.008507223911373766	0	986	0.8789500000000003	0.9442190669371197	12.504299914836883
18	1800	984	1000	112.05496262789792	0.00884525523475991	0	984	0.8796000000000003	0.9451219512195121	12.626517097155253
19	1900	983	1000	109.71225853256422	0.009032423448446462	0	983	0.8809500000000006	0.9399796541200407	12.748204334576924
20	2000	982	1000	104.26723992581137	0.00949963161098139	0	982	0.8814500000000008	0.9409368635437881	12.86906269788742
21	2100	982	1000	117.85563023033843	0.008413568613132014	0	982	0.8819500000000011	0.9419551934826884	12.989511748154959
22	2200	977	1000	114.80350981583956	0.008635316853438067	0	977	0.8826000000000013	0.9457523029682702	13.121505347887675
23	2300	975	1000	110.80017733247504	0.00894452964082666	0	975	0.8831000000000013	0.9476923076923077	13.23640751838684
24	2400	970	1000	94.95683822669704	0.010421352125395278	0	970	0.883550000000001	0.9505154639175257	13.343858965237935
25	2500	970	1000	103.25030197042457	0.009592298354048857	0	970	0.883600000000001	0.9536082474226805	13.449088382720948
26	2600	964	1000	116.93389460138002	0.00847932651914896	0	964	0.8841500000000008	0.9543568464730291	13.555801816781361
27	2700	962	1000	108.55560835171089	0.009127784647862652	0	962	0.8847500000000006	0.9584199584199584	13.689292832215626
28	2800	959	1000	107.06175979069928	0.009253967378810617	0	959	0.8851000000000007	0.9614181438998958	13.788946334520976
29	2900	955	1000	103.67018724207495	0.009553818774464021	0	955	0.8857500000000008	0.9654450261780104	13.881340964635212
30	3000	952	1000	99.29569364094765	0.009970517812857828	0	952	0.886400000000001	0.9695378151260504	13.976153381665547
31	3100	948	1000	111.20189603186284	0.008912505361906025	0	948	0.887150000000001	0.9704641350210971	14.075632429122924
32	3200	945	1000	109.40560021475757	0.009057511557881402	0	945	0.887350000000001	0.9746031746031746	14.170688466231029
33	3300	941	1000	105.69697656133371	0.00937233680117599	0	941	0.8879000000000009	0.975557917109458	14.266665816307068
34	3400	940	1000	93.05494696008738	0.010632082971928677	0	940	0.8879500000000008	0.9787234042553191	14.348437917232513
35	3500	937	1000	99.18276302725269	0.00998175703866313	0	937	0.8883500000000009	0.9797225186766275	14.438759132226307
36	3600	935	1000	111.87779512009159	0.008859138318002155	0	935	0.888550000000001	0.9807486631016042	14.532826745510102
37	3700	930	1000	106.70225354300764	0.009284856789005628	0	930	0.889500000000001	0.9838709677419355	14.616238784790038
38	3800	928	1000	102.37917186199785	0.009673128368013168	0	928	0.890000000000001	0.9816810344827587	14.698184629281362
39	3900	927	1000	100.6724736584813	0.009835503789934417	0	927	0.8901500000000011	0.982740021574973	14.77899341583252
40	4000	926	1000	97.00726986954452	0.010203324726125722	0	926	0.890550000000001	0.9827213822894169	14.862767465909322
41	4100	923	1000	107.20954277482137	0.009241329131950495	0	923	0.8910000000000011	0.9837486457204767	14.944756563504537
42	4200	920	1000	106.39545706894071	0.009311380828316292	0	920	0.8915500000000013	0.9826086956521739	15.025678968429565
43	4300	916	1000	102.26602447997384	0.009683727102266127	0	916	0.8921000000000012	0.9847161572052402	15.104628547032673
44	4400	914	1000	89.72550261359837	0.011022259135438675	0	914	0.8924000000000012	0.9835886214442013	15.18114504814148
45	4500	908	1000	95.58143737968206	0.010353956486159846	0	908	0.893100000000001	0.9834801762114538	15.26191161473592
46	4600	904	1000	107.4257699349608	0.009222899690727121	0	904	0.8939000000000009	0.9823008849557522	15.347863614559174
47	4700	902	1000	103.03316002320297	0.009612319762054384	0	902	0.894600000000001	0.9800443458980045	15.445862380663554
48	4800	897	1000	99.2553684225001	0.009974528204671903	0	897	0.895300000000001	0.9821627647714605	15.526989297072094
49	4900	893	1000	96.34605879548377	0.010272629548371541	0	893	0.8960000000000008	0.9809630459126539	15.607513014475504
50	5000	887	1000	92.28806523993252	0.010719484828290167	0	887	0.8967500000000007	0.9842164599774521	15.685774934291839
51	5100	882	1000	103.53273228472358	0.009566381535653595	0	882	0.8973500000000005	0.9852607709750567	15.762688183784485
52	5200	879	1000	101.54154671431696	0.00975214468712884	0	879	0.8975000000000005	0.9886234357224118	15.847725415229798
53	5300	877	1000	98.4783395336318	0.010052439603316041	0	877	0.8976000000000006	0.9897377423033067	15.931164598464965
54	5400	873	1000	86.63206040826503	0.011411348715768469	0	873	0.8978000000000005	0.9896907216494846	16.037468516826628
55	5500	870	1000	92.04528720056025	0.010747454600731015	0	870	0.8980500000000005	0.9896551724137931	16.15891701777776
56	5600	868	1000	103.64426123854142	0.00955618576847185	0	868	0.8982000000000006	0.9896313364055299	16.277385465304057
57	5700	865	1000	99.39364195728014	0.009960790150690256	0	865	0.8983500000000004	0.991907514450867	16.372692199548087
58	5800	863	1000	96.2569621630409	0.010282040254594905	0	863	0.8986000000000006	0.9918887601390498	16.457685367266336
59	5900	863	1000	93.93671327199849	0.010533332843901488	0	863	0.8986000000000006	0.9942062572421785	16.5372496008873
60	6000	860	1000	90.10620070762457	0.010976201314871769	0	860	0.8988500000000005	0.9930232558139535	16.615342382589976
61	6100	857	1000	101.4267018838853	0.009763079173765031	0	857	0.8992000000000007	0.9929988331388565	16.693692048390705
62	6200	853	1000	99.48510361303961	0.009951723828149921	0	853	0.8996500000000005	0.9929660023446659	16.773954002062478
63	6300	850	1000	96.18320087964236	0.010289844242097576	0	850	0.9001000000000007	0.9905882352941177	16.85264544884364
64	6400	850	1000	84.71510403562331	0.01166655528510353	0	850	0.9001000000000007	0.991764705882353	16.929997062683107
65	6500	846	1000	89.99342889193134	0.010989804562565209	0	846	0.9004500000000007	0.9929078014184397	17.007002532482147
66	6600	843	1000	100.9619732164096	0.009807577947491718	0	843	0.9006000000000007	0.9928825622775801	17.081907363732658
67	6700	842	1000	96.72087667361306	0.010233227883740667	0	842	0.9006000000000006	0.9928741092636579	17.153087532520296
68	6800	839	1000	93.74616736908881	0.01055451663922664	0	839	0.9008000000000006	0.9940405244338498	17.223142313957215
69	6900	836	1000	91.49249492500255	0.010811688027345884	0	836	0.9013000000000009	0.992822966507177	17.29184889793396
70	7000	834	1000	87.5364356703392	0.011294784937169233	0	834	0.9014500000000006	0.9940047961630696	17.36304084857305
71	7100	834	1000	98.81200776692825	0.01001883463095049	0	834	0.9015000000000005	0.9928057553956835	17.434760399659474
72	7200	831	1000	96.8025481483464	0.010224682474358492	0	831	0.9019000000000007	0.9903730445246691	17.51062191724777
73	7300	830	1000	93.86189697404527	0.010541640341364936	0	830	0.9019500000000005	0.9915662650602409	17.583579699198406
74	7400	828	1000	82.96425693274398	0.011909829688613904	0	828	0.9022000000000004	0.9915458937198067	17.653950651486713
75	7500	823	1000	88.52311162283746	0.01117029984629018	0	823	0.9025500000000007	0.9902794653705954	17.729085298379264
76	7600	820	1000	98.90836775149624	0.01000917162902027	0	820	0.9027000000000008	0.9914634146341463	17.80773056348165
77	7700	819	1000	95.00583415614271	0.010416033658679661	0	819	0.9027000000000008	0.9914529914529915	17.887100382645926
78	7800	818	1000	91.80283078966188	0.010775533369951887	0	818	0.9028000000000008	0.988997555012225	17.96361901760101
79	7900	818	1000	89.80374906731743	0.01101276114996804	0	818	0.9028500000000006	0.9902200488997555	18.035681800047556
80	8000	817	1000	86.08813351465207	0.01148262064695365	0	817	0.9030000000000006	0.9902080783353733	18.103114366531372
81	8100	816	1000	97.19215985375538	0.0101841124738408	0	816	0.9030000000000004	0.991421568627451	18.17168286641439
82	8200	813	1000	95.03694667333531	0.010412659238339263	0	813	0.9031500000000003	0.993849938499385	18.239786167939503
83	8300	811	1000	91.98639400610836	0.010754261531362419	0	811	0.9033500000000005	0.9938347718865598	18.307136766115825
84	8400	806	1000	81.06769383367603	0.012185062760830931	0	806	0.9036500000000006	0.9937965260545906	18.374618649482727
85	8500	807	1000	86.67636910788988	0.011405581802429034	0	807	0.9036500000000007	0.9938042131350682	18.44230726559957
86	8600	805	1000	97.11825238410252	0.01019178364577174	0	805	0.9036500000000007	0.9937888198757764	18.50927255153656
87	8700	806	1000	93.32210881719294	0.010601968218693187	0	806	0.9037000000000008	0.9913151364764268	18.579507513840994
88	8800	802	1000	90.04501680494259	0.010983577521243454	0	802	0.904100000000001	0.9937655860349127	18.64867168267568
89	8900	800	1000	88.29234712526508	0.011199168038411346	0	800	0.904300000000001	0.995	18.71726104815801
90	9000	798	1000	84.42716436903385	0.011705878421530353	0	798	0.904550000000001	0.9924812030075187	18.78829521338145
91	9100	795	1000	94.75127955309064	0.010443724665272342	0	795	0.9050000000000008	0.9924528301886792	18.85796084801356
92	9200	793	1000	92.65242440392909	0.010677780168155968	0	793	0.9053000000000008	0.9924337957124842	18.927991501490276
93	9300	793	1000	89.93976653806715	0.010996289500934694	0	793	0.9053500000000008	0.9924337957124842	19.01212264696757
94	9400	793	1000	79.17981291202224	0.012471967240647664	0	793	0.905350000000001	0.9924337957124842	19.094661883513133
95	9500	789	1000	84.438402001066	0.011704338758437023	0	789	0.9057000000000012	0.9923954372623575	19.1764399488767
96	9600	786	1000	94.42580486450608	0.01047934572225917	0	786	0.905800000000001	0.9910941475826972	19.26146274805069
97	9700	785	1000	90.58412085015895	0.010918923397606261	0	785	0.9061000000000012	0.9923566878980892	19.347665099302926
98	9800	785	1000	87.55708920160036	0.011292150735933724	0	785	0.9061500000000011	0.9898089171974522	19.434634562333425
99	9900	783	1000	85.87988731868683	0.011510143841829223	0	783	0.906250000000001	0.9910600255427842	19.526141866048178
100	10000	782	1000	82.39866113958234	0.011990600164747536	0	782	0.906300000000001	0.9936061381074168	19.611727702617646
101	10100	783	1000	93.08657361512147	0.010628509059014997	0	783	0.906300000000001	0.9923371647509579	20.577938016255697
102	10200	782	1000	91.21274309386884	0.010844488152597743	0	782	0.906500000000001	0.989769820971867	20.668361047903698
103	10300	779	1000	88.61623619732337	0.011158692246326093	0	779	0.906600000000001	0.9910141206675225	20.759746901194255
104	10400	775	1000	77.65900825337533	0.012713102061734793	0	775	0.9067500000000012	0.9909677419354839	20.846530032157897
105	10500	775	1000	82.75681946390925	0.011939326330686412	0	775	0.9070000000000014	0.9896774193548387	20.92988404830297
106	10600	771	1000	92.53579940114072	0.010691093745950328	0	771	0.9074000000000013	0.9896238651102465	21.02332883278529
107	10700	769	1000	89.07245144214127	0.011102173683397056	0	769	0.9074000000000011	0.9895968790637191	21.110718448956806
108	10800	769	1000	85.8598846943877	0.011512794467992348	0	769	0.9074000000000011	0.9921976592977894	21.198364599545798
109	10900	768	1000	83.96174404923532	0.011770003207802563	0	768	0.9076500000000014	0.9908854166666666	21.28592434724172
110	11000	767	1000	80.54304711356987	0.012263461268589097	0	767	0.9078000000000013	0.9895697522816167	21.371295650800068
111	11100	764	1000	90.97263681217737	0.010872799070033816	0	764	0.9082000000000013	0.9895287958115183	21.45158280134201
112	11200	762	1000	89.1000048839539	0.011098778532675664	0	762	0.9082000000000011	0.9921259842519685	21.525492548942566
113	11300	760	1000	86.55426560583263	0.0114214880689192	0	760	0.9083000000000011	0.9921052631578947	21.594087545077006
114	11400	759	1000	75.97105901458683	0.012991896081493298	0	759	0.9087000000000012	0.9907773386034255	21.662922648588815
115	11500	759	1000	81.13016368554972	0.012175794557389196	0	759	0.9088000000000013	0.9920948616600791	21.72936290105184
116	11600	758	1000	90.61460497402449	0.010915290201639031	0	758	0.9090500000000014	0.9920844327176781	21.79504716793696
117	11700	755	1000	87.22455891840845	0.0113347123778178	0	755	0.9095000000000012	0.9920529801324504	21.862323347727457
118	11800	753	1000	83.99401377686128	0.011765534483703127	0	753	0.9097500000000012	0.9920318725099602	21.9289337793986
119	11900	754	1000	82.09687249979463	0.01203414725388698	0	754	0.9097500000000015	0.9907161803713528	21.996187380949657
120	12000	753	1000	78.87125500455308	0.012520148831303512	0	753	0.9098500000000013	0.9920318725099602	22.063085114955904
121	12100	749	1000	88.93119559533277	0.011119611980916417	0	749	0.9104000000000012	0.9919893190921228	22.134698049227396
122	12200	748	1000	86.7438429573009	0.011396811061565124	0	748	0.9104500000000011	0.9906417112299465	22.205656496683755
123	12300	745	1000	83.90664378546387	0.011777641364870452	0	745	0.9106500000000008	0.9906040268456375	22.27657878001531
124	12400	745	1000	73.65653910814717	0.013394673955504472	0	745	0.9109000000000008	0.9906040268456375	22.34436556895574
125	12500	743	1000	78.82392525292359	0.012527572364193836	0	743	0.9111000000000007	0.990578734858681	22.413771732648215
126	12600	742	1000	88.1242062723015	0.01122029627893343	0	742	0.9113500000000007	0.9905660377358491	22.48115091721217
127	12700	736	1000	84.46293041934013	0.011700979536897574	0	736	0.9119500000000009	0.9904891304347826	22.548662181695303
128	12800	733	1000	81.26999444471501	0.01215509988483097	0	733	0.9122500000000009	0.9890859481582538	22.61782629887263
129	12900	732	1000	79.44087779071434	0.012431490399716083	0	732	0.9122500000000007	0.9918032786885246	22.68461230198542
130	13000	731	1000	76.26386736912117	0.012942660444662833	0	731	0.9122000000000007	0.9917920656634747	22.753594982624055
131	13100	727	1000	86.10864012561596	0.011479917474982265	0	727	0.9123000000000009	0.9931224209078404	22.823936665058135
132	13200	724	1000	83.94743518056096	0.011771985791853973	0	724	0.9124500000000009	0.994475138121547	22.89323318004608
133	13300	723	1000	81.52425563606175	0.012117649438851968	0	723	0.912750000000001	0.9930843706777317	22.96638210217158
134	13400	721	1000	71.55026003342653	0.013783548116013145	0	721	0.9130500000000009	0.9930651872399445	23.042298865318298
135	13500	720	1000	76.40011519054426	0.012919877412820273	0	720	0.913500000000001	0.9916666666666667	23.12434466679891
136	13600	717	1000	85.46351830752012	0.011565571463832343	0	717	0.9139000000000012	0.9916317991631799	23.213777498404184
137	13700	716	1000	82.13872880540471	0.012028088646154423	0	716	0.9139500000000008	0.9916201117318436	23.303406417369843
138	13800	716	1000	79.414225571899	0.012435610650828094	0	716	0.9139500000000009	0.9930167597765364	23.396023031075796
139	13900	715	1000	77.68808084609545	0.012708404999174925	0	715	0.9140500000000009	0.993006993006993	23.484133847554524
140	14000	711	1000	74.47668173617986	0.013249125120462849	0	711	0.9143000000000009	0.9929676511954993	23.57027579943339
141	14100	711	1000	84.2919570797306	0.011724434920225875	0	711	0.9145500000000009	0.9915611814345991	23.65433439811071
142	14200	709	1000	82.42572295803922	0.011986710627643848	0	709	0.9149500000000009	0.9915373765867419	23.73689946333567
143	14300	709	1000	80.17532120005143	0.012319015006242643	0	709	0.9149500000000012	0.9929478138222849	23.81349354982376
144	14400	705	1000	70.28833173511913	0.014027541052799878	0	705	0.9152500000000013	0.9929078014184397	23.89619831244151
145	14500	703	1000	75.34612032815747	0.013098242526296214	0	703	0.9154500000000011	0.9943100995732574	23.977326635519663
146	14600	698	1000	84.08409391842102	0.011753078089528746	0	698	0.916150000000001	0.995702005730659	24.056431178251902
147	14700	693	1000	80.4594138420865	0.012276051997360971	0	693	0.9164500000000005	0.9942279942279942	24.140732868512472
148	14800	690	1000	77.07683542973123	0.012807896151221384	0	690	0.916700000000001	0.9927536231884058	24.22028021812439
149	14900	687	1000	75.24431877705547	0.013115731323196428	0	687	0.916850000000001	0.992721979621543	24.29568061431249
150	15000	686	1000	72.0630416472475	0.013686810423634654	0	686	0.916850000000001	0.9927113702623906	24.369370448589326
151	15100	685	1000	81.45240824701776	0.012128208517622883	0	685	0.9169500000000012	0.9912408759124087	24.442155166467032
152	15200	683	1000	79.68384196937778	0.012394055310102034	0	683	0.9171500000000011	0.9912152269399708	24.514789565404257
153	15300	681	1000	77.52415788932437	0.012734934405911705	0	681	0.9174500000000011	0.9911894273127754	24.58337981303533
154	15400	678	1000	67.94867001465961	0.014503542994917577	0	678	0.9174500000000011	0.9926253687315634	24.647566099961598
155	15500	677	1000	72.69073612804716	0.013570226768563839	0	677	0.917500000000001	0.9926144756277696	24.707172747453054
156	15600	673	1000	80.98633543422996	0.012197154497802959	0	673	0.9179500000000013	0.9925705794947994	24.770710364977518
157	15700	672	1000	77.51069471843064	0.012737118217924096	0	672	0.9181000000000014	0.9940476190476191	24.82961176633835
158	15800	669	1000	74.66132435945842	0.0132167921783805	0	669	0.9183000000000013	0.9955156950672646	24.88873896598816
159	15900	666	1000	72.81453309200167	0.01354746766132911	0	666	0.9184500000000015	0.9954954954954955	24.946310965220132
160	16000	664	1000	69.78797825299371	0.014126692479138699	0	664	0.9185000000000014	0.9954819277108434	25.003017048041027
161	16100	662	1000	79.0137267184327	0.012497855568195037	0	662	0.9185500000000014	0.9984894259818731	25.05934509833654
162	16200	656	1000	77.2574966949097	0.012778328495460876	0	656	0.9189500000000015	0.9969512195121951	25.115980315208436
163	16300	654	1000	75.02975010127905	0.013152746111461663	0	654	0.9191500000000015	0.9954128440366973	25.17380046447118
164	16400	653	1000	65.9326643404427	0.01494038837171719	0	653	0.9191000000000015	0.9954058192955589	25.229612867037456
165	16500	650	1000	70.19550710325908	0.014045830146973188	0	650	0.9190500000000016	0.9953846153846154	25.28447101513545
166	16600	646	1000	77.93037963824865	0.012669393009170487	0	646	0.9193500000000017	0.9938080495356038	25.33895138104757
167	16700	643	1000	74.64581080118951	0.013219502698281281	0	643	0.9197000000000016	0.9922239502332815	25.39254600207011
168	16800	640	1000	72.02987506796062	0.013693026300119144	0	640	0.9199500000000015	0.9921875	25.44807226260503
169	16900	639	1000	70.28031997036278	0.014029117720231672	0	639	0.9200500000000018	0.9906103286384976	25.504884362220764
170	17000	636	1000	67.13057413705788	0.014677698121085929	0	636	0.9202000000000016	0.9889937106918238	25.56630348364512
171	17100	635	1000	75.78225454246684	0.013023842630811504	0	635	0.9202000000000016	0.988976377952756	25.62746239900589
172	17200	636	1000	74.21160056154262	0.013295821289984917	0	636	0.9202000000000016	0.9889937106918238	25.689728514353433
173	17300	635	1000	72.12151155720944	0.013675866085148026	0	635	0.9204500000000014	0.9905511811023622	25.753168416023254
174	17400	635	1000	63.41907553996545	0.015523352230964604	0	635	0.9204500000000014	0.9905511811023622	25.81399808327357
175	17500	635	1000	67.99466148169992	0.014493875011840431	0	635	0.9204500000000015	0.9921259842519685	25.873882762591045
176	17600	634	1000	75.86418423446538	0.013009960490175953	0	634	0.9206000000000015	0.9921135646687698	25.934405199686687
177	17700	629	1000	72.53791086665713	0.013598428187785392	0	629	0.9210000000000017	0.9920508744038156	25.99701241652171
178	17800	627	1000	69.68507300714991	0.014147258501081953	0	627	0.9212000000000018	0.9904306220095693	26.0582093000412
179	17900	626	1000	67.84927434128072	0.014524481333573315	0	626	0.9212500000000017	0.9904153354632588	26.11916103363037
180	18000	625	1000	65.04496986215236	0.015141198521055858	0	625	0.9213500000000017	0.9888	26.178130916754405
181	18100	623	1000	73.1481515735492	0.013486512863480862	0	623	0.921500000000002	0.9839486356340289	26.239416750272117
182	18200	624	1000	71.24573074938462	0.013841648352467081	0	624	0.921600000000002	0.9791666666666666	26.298630166053773
183	18300	623	1000	69.15189656860316	0.014254782107310198	0	623	0.9215500000000019	0.9807383627608347	26.354306415716806
184	18400	622	1000	60.69448029811938	0.016208905483404853	0	622	0.921950000000002	0.977491961414791	26.41068389813105
185	18500	621	1000	65.1739105616534	0.015111695704734158	0	621	0.9221000000000019	0.9774557165861514	26.468570963541666
186	18600	619	1000	72.96552596203377	0.013519811925805765	0	619	0.922150000000002	0.9773828756058158	26.53036009867986
187	18700	617	1000	69.99943687155451	0.014084618752809346	0	617	0.9221000000000021	0.9789303079416531	26.596742514769236
188	18800	617	1000	67.56604116306923	0.014584479182948891	0	617	0.9221000000000019	0.9805510534846029	26.668876266479494
189	18900	617	1000	66.0945290558586	0.01490434487091286	0	617	0.9221500000000021	0.9789303079416531	26.741001013914744
190	19000	615	1000	63.42340897864705	0.015522308053140236	0	615	0.9222500000000021	0.9821138211382113	26.81444363196691
191	19100	612	1000	71.79600117632698	0.013737018295521385	0	612	0.9226000000000023	0.9852941176470589	26.88719003200531
192	19200	609	1000	70.13018441317735	0.014058729191411224	0	609	0.923000000000002	0.9901477832512315	26.956094165643055
193	19300	606	1000	67.81810409917426	0.01453106000361319	0	606	0.9231500000000018	0.9900990099009901	27.026088480154673
194	19400	606	1000	59.6523590580441	0.016487404868176743	0	606	0.9234000000000017	0.9917491749174917	27.111084616184236
195	19500	607	1000	63.8858215848836	0.015411687416052835	0	607	0.9235000000000021	0.9868204283360791	27.206620852152508
196	19600	606	1000	71.3567956563457	0.013820401952975372	0	606	0.924100000000002	0.9801980198019802	27.29522749980291
197	19700	605	1000	68.30727578933723	0.014428499585520397	0	605	0.9242000000000022	0.9785123966942149	27.378440964221955
198	19800	604	1000	66.03176588542148	0.014918300104301545	0	604	0.9243000000000022	0.9768211920529801	27.457200566927593
199	19900	602	1000	64.25425015949895	0.01532467230189192	0	602	0.9244500000000024	0.978405315614618	27.54011840025584
200	20000	602	1000	61.2534187465307	0.016063374833622752	0	602	0.9247000000000025	0.9767441860465116	27.618538018067678
201	20100	601	1000	69.35305567636745	0.014214023689320912	0	601	0.9248500000000025	0.9733777038269551	28.26987338066101
202	20200	600	1000	67.84423181318914	0.014525545186029958	0	600	0.9249000000000026	0.9733333333333334	28.3338383158048
203	20300	598	1000	65.91546575581629	0.014944228343999536	0	598	0.9253500000000024	0.9698996655518395	28.39784891605377
204	20400	596	1000	57.72446153274686	0.01702867891674689	0	596	0.9254500000000023	0.9714765100671141	28.461949797471366
205	20500	596	1000	61.634054050650576	0.01596575561261491	0	596	0.9256000000000023	0.9731543624161074	28.527847135066985
206	20600	596	1000	68.37165144261263	0.014415110195657447	0	596	0.9256000000000022	0.9798657718120806	28.591242464383445
207	20700	595	1000	65.66632071330315	0.015000077839910727	0	595	0.925650000000002	0.9815126050420168	28.64992719888687
208	20800	593	1000	63.3178625778561	0.015547780350901907	0	593	0.9260500000000019	0.9814502529510961	28.70906391541163
209	20900	592	1000	61.63837155775697	0.01596465513280354	0	592	0.9262000000000019	0.9831081081081081	28.765986998875935
210	21000	589	1000	58.99728861924325	0.016667419862024642	0	589	0.9263000000000019	0.9847198641765704	28.822308882077536
211	21100	588	1000	66.52115082289193	0.014810174113042023	0	588	0.9264000000000017	0.9880952380952381	28.87864363193512
212	21200	585	1000	64.99475908151913	0.015152718396392106	0	585	0.9266500000000018	0.9880341880341881	28.935541315873465
213	21300	585	1000	63.006390795381925	0.015623439903006534	0	585	0.9267500000000017	0.9880341880341881	28.987628869215648
214	21400	584	1000	55.34354003387753	0.017748263587959376	0	584	0.9269000000000017	0.9863013698630136	29.043042782942454
215	21500	584	1000	59.17851784487045	0.016617225478663712	0	584	0.9269000000000017	0.9897260273972602	29.105352568626405
216	21600	582	1000	66.05023818467711	0.014914190121826121	0	582	0.9269500000000016	0.9914089347079038	29.164998881022136
217	21700	579	1000	63.39389070593316	0.015529423506442382	0	579	0.9272500000000016	0.9913644214162349	29.222444633642834
218	21800	579	1000	61.285066275860196	0.016055212907232143	0	579	0.9272500000000015	0.9930915371329879	29.27809088230133
219	21900	577	1000	59.65027558993402	0.01648797124618454	0	577	0.9273500000000016	0.9913344887348353	29.334827415148418
220	22000	576	1000	57.03343313547552	0.017231446529547216	0	576	0.9273500000000019	0.9913194444444444	29.388184932867684
221	22100	575	1000	64.83624588104985	0.015189201428750325	0	575	0.9275000000000019	0.991304347826087	29.443364151318868
222	22200	574	1000	63.65802108773248	0.015465985243240445	0	574	0.9277500000000021	0.9895470383275261	29.499067616462707
223	22300	571	1000	61.87608000837716	0.01590429937532313	0	571	0.9280500000000022	0.9912434325744308	29.563535483678184
224	22400	570	1000	54.57282867802424	0.01799440524781926	0	570	0.9280500000000019	0.9929824561403509	29.63425885041555
225	22500	566	1000	58.34516569620685	0.0168505722120499	0	566	0.9285000000000022	0.991166077738516	29.71221073468526
226	22600	564	1000	65.01377930831329	0.015148352517882087	0	564	0.9286500000000022	0.9893617021276596	29.785819482803344
227	22700	562	1000	62.347117010123206	0.015786038058214942	0	562	0.9287000000000024	0.9893238434163701	29.851875480016073
228	22800	563	1000	60.42619133032721	0.01627970053722478	0	563	0.9287000000000023	0.9857904085257548	29.917588849862415
229	22900	559	1000	59.03938776451592	0.01665573279864478	0	559	0.9292000000000022	0.9874776386404294	29.97484569946925
230	23000	557	1000	56.456226564432235	0.01740455403695169	0	557	0.9295000000000023	0.9874326750448833	30.028075714906056
231	23100	556	1000	64.01122551072136	0.015381958917773123	0	556	0.9295000000000022	0.9892086330935251	30.078720466295877
232	23200	556	1000	62.953107245123796	0.015636456820888035	0	556	0.9295000000000022	0.9910071942446043	30.126109365622202
233	23300	555	1000	60.74977489247932	0.016194391019906256	0	555	0.9295500000000022	0.9855855855855856	30.175976812839508
234	23400	555	1000	53.31534395876519	0.018411003725930086	0	555	0.9295500000000023	0.9873873873873874	30.221563251813254
235	23500	553	1000	56.98772743751099	0.017245028287711822	0	553	0.9296000000000023	0.9891500904159132	30.266620616118114
236	23600	552	1000	63.51904879700401	0.01549929855826448	0	552	0.9296500000000024	0.9891304347826086	30.312549515565237
237	23700	551	1000	60.894034395092646	0.016156645947760135	0	551	0.9298000000000023	0.9891107078039928	30.357986148198446
238	23800	550	1000	58.73546218051602	0.016740474811730358	0	550	0.9298000000000022	0.9927272727272727	30.401817746957143
239	23900	550	1000	57.25640118599602	0.01716549563038208	0	550	0.9298000000000023	0.9927272727272727	30.442687718073525
240	24000	549	1000	54.99542424027761	0.017858602083430566	0	549	0.9298500000000023	0.9908925318761385	30.484941816329957
241	24100	548	1000	62.29900313117787	0.01579803710222177	0	548	0.9299000000000024	0.9908759124087592	30.527547629674277
242	24200	545	1000	61.0502944994472	0.016115958966301264	0	545	0.9300500000000023	0.9908256880733946	30.57035613457362
243	24300	544	1000	59.03781679579189	0.016656168617878372	0	544	0.9301500000000023	0.9944852941176471	30.61257249911626
244	24400	544	1000	51.86089429140033	0.018917576280253832	0	544	0.9301500000000021	0.9944852941176471	30.655863281091055
245	24500	543	1000	55.65392828977789	0.01765102668406545	0	543	0.930100000000002	0.994475138121547	30.69876811504364
246	24600	540	1000	62.320252360989954	0.015792735542160843	0	540	0.930150000000002	0.9962962962962963	30.742707232634228
247	24700	537	1000	59.85682877240353	0.01643200968850788	0	537	0.9303000000000022	0.994413407821229	30.787078634897867
248	24800	535	1000	57.94953390972061	0.016963662537713517	0	535	0.930350000000002	0.994392523364486	30.83901713291804
249	24900	535	1000	56.24222765864868	0.017469620608814844	0	535	0.9303500000000021	0.994392523364486	30.892983098824818
250	25000	533	1000	53.76910786578052	0.01825846793872637	0	533	0.9303500000000018	0.9962476547842402	30.94491424957911
251	25100	530	1000	60.83264147083705	0.016172687697187306	0	530	0.9305500000000019	0.9962264150943396	30.99570904572805
252	25200	528	1000	59.57362792835654	0.016508834524204992	0	528	0.930550000000002	0.9943181818181818	31.04747026761373
253	25300	529	1000	57.906233193739915	0.016976132164333878	0	529	0.930550000000002	0.9924385633270322	31.10906455119451
254	25400	529	1000	51.13880631474054	0.01917957219740343	0	529	0.930700000000002	0.9924385633270322	31.17788869937261
255	25500	527	1000	55.014682102039295	0.017852462291553264	0	527	0.9309500000000019	0.9886148007590133	31.242671597003937
256	25600	523	1000	61.41770235820375	0.016021095974683326	0	523	0.9313000000000019	0.9866156787762906	31.307396149635316
257	25700	521	1000	58.890404098704984	0.016697165682033246	0	521	0.9314500000000018	0.9846449136276392	31.373478865623476
258	25800	520	1000	56.82062759783398	0.01729486589034293	0	520	0.9316000000000021	0.9807692307692307	31.44650874932607
259	25900	518	1000	54.900649055324706	0.01788887994860852	0	518	0.931800000000002	0.9806949806949807	31.515775215625762
260	26000	516	1000	52.37089896391729	0.0187368026286399	0	516	0.931850000000002	0.9806201550387597	31.58387158314387
261	26100	514	1000	59.346432944428244	0.016570987732131226	0	514	0.9319500000000018	0.980544747081712	31.652125597000122
262	26200	515	1000	58.11184767314383	0.016917082435478126	0	515	0.9319500000000018	0.9805825242718447	31.720384832223257
263	26300	514	1000	56.41889086344401	0.017415871065469404	0	514	0.932100000000002	0.980544747081712	31.78602249622345
264	26400	512	1000	49.56094201379842	0.019778112514737035	0	512	0.9321500000000023	0.982421875	31.85126126607259
265	26500	512	1000	52.99569534389406	0.01851999485572107	0	512	0.9321500000000023	0.986328125	31.90846493244171
266	26600	509	1000	59.312944621017195	0.01658018865242953	0	509	0.9322500000000022	0.9882121807465619	31.964595949649812
267	26700	506	1000	56.973125631881125	0.01724937182703964	0	506	0.9326000000000023	0.9920948616600791	32.018332695961
268	26800	504	1000	55.37440157537198	0.017738547497715085	0	504	0.9326500000000023	0.996031746031746	32.0654244184494
269	26900	503	1000	53.907422028496384	0.018212474071010114	0	503	0.9326500000000023	0.9940357852882704	32.11088531414668
270	27000	502	1000	51.55032747395926	0.019029377133673222	0	502	0.9326500000000025	0.9900398406374502	32.15873511632284
271	27100	500	1000	58.62415156073836	0.016771727124390404	0	500	0.9327500000000025	0.99	32.20658256610235
272	27200	500	1000	57.23146361506392	0.017172846738155997	0	500	0.9328000000000023	0.988	32.25608549912771
273	27300	499	1000	55.457289940180026	0.017712504462392042	0	499	0.9328500000000023	0.9899799599198397	32.30373508135478
274	27400	499	1000	48.75835918694644	0.020097125715960888	0	499	0.9330500000000025	0.9879759519038076	32.35088994900386
275	27500	494	1000	52.13686194466147	0.01881932736339293	0	494	0.9335500000000023	0.9878542510121457	32.39707086483637
276	27600	493	1000	57.6226456797067	0.0170582543384965	0	493	0.9338000000000025	0.9817444219066938	32.44516274531682
277	27700	491	1000	55.18583239683634	0.017798081070278974	0	491	0.9340500000000026	0.9816700610997964	32.49360646804174
278	27800	491	1000	53.62916783032099	0.01830523948499481	0	491	0.9340500000000025	0.9816700610997964	32.54286206563314
279	27900	490	1000	52.121047597300944	0.018824929952074392	0	490	0.9341000000000026	0.9836734693877551	32.59194705088933
280	28000	489	1000	49.68206131119221	0.01973084705177862	0	489	0.9341500000000027	0.9856850715746421	32.63913909594218
281	28100	486	1000	56.04788126339139	0.01752913478737233	0	486	0.9346500000000026	0.9835390946502057	32.68709144592285
282	28200	483	1000	54.54544831948544	0.018003275340370207	0	483	0.9349000000000027	0.9875776397515528	32.73725574811299
283	28300	483	1000	52.84209279484553	0.018572829325381148	0	483	0.9349500000000025	0.9855072463768116	32.79824169874191
284	28400	484	1000	46.47385773208118	0.02106422456004107	0	484	0.9349500000000025	0.9855371900826446	32.854712883631386
285	28500	483	1000	49.762690689488494	0.01969950738263509	0	483	0.9352000000000026	0.9855072463768116	32.90897146463394
286	28600	482	1000	55.377943687807125	0.017737433020570955	0	482	0.9352000000000026	0.991701244813278	32.96045346657435
287	28700	481	1000	53.24518177032339	0.018434817017187743	0	481	0.9353000000000026	0.9916839916839917	33.00921021302541
288	28800	481	1000	51.71577984327254	0.018969652027781156	0	481	0.9353000000000027	0.9916839916839917	33.054844399293266
289	28900	480	1000	50.36358180459033	0.01946904722891873	0	480	0.9353000000000025	0.9916666666666667	33.09882358312607
290	29000	479	1000	48.42573078967635	0.020232376618877872	0	479	0.9355000000000024	0.9916492693110647	33.140356381734215
291	29100	476	1000	54.74402137630974	0.017939143522662737	0	476	0.9359500000000022	0.9894957983193278	33.18264541228612
292	29200	474	1000	53.48587735285149	0.018353379785443897	0	474	0.9361000000000024	0.989451476793249	33.22415588299433
293	29300	474	1000	52.037049831904774	0.018854744054757806	0	474	0.9362000000000024	0.989451476793249	33.26476103067398
294	29400	474	1000	45.882103594264635	0.021330100898508658	0	474	0.9362000000000024	0.9915611814345991	33.3030180811882
295	29500	472	1000	49.10534201906254	0.019957951781260183	0	472	0.9362500000000022	0.9915254237288136	33.34072426557541
296	29600	472	1000	54.64694436089748	0.017970438655436568	0	472	0.9362500000000025	0.9915254237288136	33.37824368079503
297	29700	469	1000	52.60540263885897	0.018654836094358376	0	469	0.9364000000000022	0.9893390191897654	33.415918266773225
298	29800	468	1000	51.02748780073156	0.019220608994807913	0	468	0.9364500000000023	0.9893162393162394	33.45333528121312
299	29900	469	1000	49.721744005394996	0.019715410414390237	0	469	0.9364500000000022	0.9872068230277186	33.49070223172506
300	30000	468	1000	47.60639955337242	0.020573422619010212	0	468	0.9366000000000021	0.9871794871794872	33.528480331103005
301	30100	467	1000	53.99677116174302	0.01818288562903166	0	467	0.9367000000000021	0.9914346895074947	33.961064080397286
302	30200	466	1000	52.97912950264041	0.018525678520826917	0	466	0.9367000000000023	0.9914163090128756	34.001078100999194
303	30300	463	1000	51.49926863888956	0.019047884397750185	0	463	0.9370000000000024	0.9913606911447084	34.0421827673912
304	30400	463	1000	45.08978104649897	0.02169678347985906	0	463	0.9370500000000027	0.9848812095032398	34.084168962637584
305	30500	463	1000	48.26736588007308	0.020297411524582136	0	463	0.9370500000000027	0.9848812095032398	34.125705846150716
306	30600	461	1000	54.152812989174365	0.018131441458775356	0	461	0.9371500000000028	0.9848156182212582	34.167877062161764
307	30700	458	1000	51.98920075051905	0.01887176982925534	0	458	0.937450000000003	0.9847161572052402	34.20942624807358
308	30800	457	1000	50.415642991051996	0.019449333740201066	0	457	0.9376000000000031	0.9846827133479212	34.25123396714528
309	30900	455	1000	48.83650281206815	0.02006561342739012	0	455	0.9377500000000031	0.9868131868131869	34.2909276843071
310	31000	455	1000	46.752035859731	0.020941515518572765	0	455	0.937750000000003	0.989010989010989	34.32958780129751
311	31100	455	1000	52.933144167713806	0.01854147417940884	0	455	0.9377500000000031	0.989010989010989	34.368731049696606
312	31200	455	1000	51.77728341057828	0.018947545901909144	0	455	0.9377500000000031	0.989010989010989	34.4089845140775
313	31300	455	1000	50.12201217593361	0.01956104537823266	0	455	0.937750000000003	0.9912087912087912	34.44885609547297
314	31400	454	1000	43.94203831678771	0.0222508821907719	0	454	0.937850000000003	0.9955947136563876	34.48783668279648
315	31500	455	1000	46.774329466810265	0.020931743284742888	0	455	0.937850000000003	0.9934065934065934	34.52534539699555
316	31600	454	1000	52.2997327384243	0.018761820155977823	0	454	0.9379000000000028	0.9933920704845814	34.56168779929479
317	31700	454	1000	50.426800629005136	0.01944511398276625	0	454	0.937900000000003	0.9955947136563876	34.598071964581806
318	31800	454	1000	48.94456439588234	0.02002219885378447	0	454	0.9379000000000032	0.9933920704845814	34.635054314136504
319	31900	454	1000	47.564177740112314	0.020591309202256602	0	454	0.9379000000000032	0.9911894273127754	34.674315452575684
320	32000	453	1000	45.45981865875675	0.02152397553130612	0	453	0.9380000000000032	0.9911699779249448	34.71273732980092
321	32100	451	1000	51.344030514717076	0.019104375229928836	0	451	0.938200000000003	0.991130820399113	34.75204464991887
322	32200	450	1000	50.33615444957222	0.019479448952147465	0	450	0.9382500000000029	0.9911111111111112	34.79128406445185
323	32300	448	1000	48.64955642260168	0.02014116685128683	0	448	0.9383000000000028	0.9910714285714286	34.82874723275503
324	32400	446	1000	42.73894211124865	0.022862921500399595	0	446	0.9383000000000027	0.9932735426008968	34.865114446481066
325	32500	447	1000	45.79219676894151	0.02137108469042329	0	447	0.9383000000000027	0.9932885906040269	34.901622267564136
326	32600	446	1000	51.213006288894064	0.019152316081303758	0	446	0.9384000000000027	0.9932735426008968	34.93638648192088
327	32700	445	1000	49.03318784079752	0.01998673366929842	0	445	0.938450000000003	0.9887640449438202	34.973056530952455
328	32800	443	1000	47.49913263397727	0.020618925446502217	0	443	0.9386000000000028	0.9887133182844243	35.0099766810735
329	32900	444	1000	46.11075211223737	0.02122657684635526	0	444	0.9387000000000028	0.9864864864864865	35.04723025163015
330	33000	444	1000	44.255123164687774	0.022096945717303723	0	444	0.9387000000000029	0.9864864864864865	35.08431562980016
331	33100	444	1000	50.44300474415934	0.01943898893490541	0	444	0.9387000000000028	0.9864864864864865	35.12147681713104
332	33200	443	1000	49.55367846527629	0.019780954232378325	0	443	0.9387500000000029	0.9864559819413092	35.15964583158493
333	33300	443	1000	48.21088552067318	0.02032070728700678	0	443	0.9387500000000027	0.9864559819413092	35.19665293296178
334	33400	441	1000	42.303649568675134	0.023092741834937095	0	441	0.9388000000000027	0.9863945578231292	35.23426763216654
335	33500	440	1000	45.33255119991847	0.021583098148106286	0	440	0.938800000000003	0.9886363636363636	35.27363131841024
336	33600	438	1000	50.67196121594483	0.019352855522956656	0	438	0.938800000000003	0.9885844748858448	35.31109759807587
337	33700	437	1000	48.5991277806873	0.020161644866452184	0	437	0.9387500000000029	0.9931350114416476	35.34780023495356
338	33800	436	1000	46.990360230282086	0.02083751810158317	0	436	0.9388000000000031	0.9931192660550459	35.38410101731618
339	33900	435	1000	45.50132647177505	0.021504762893311675	0	435	0.9388000000000031	0.9977011494252873	35.41874974966049
340	34000	434	1000	43.352511640577426	0.022546637450969416	0	434	0.9390000000000028	0.9953917050691244	35.452951379617055
341	34100	431	1000	48.992907007423305	0.02000283759957213	0	431	0.939550000000003	0.9953596287703016	35.4881064136823
342	34200	432	1000	48.04519554471211	0.020389356977654392	0	432	0.9395500000000028	0.9907407407407407	35.52381506363551
343	34300	430	1000	46.38654262977269	0.02110303779309077	0	430	0.9396500000000029	0.9906976744186047	35.55976759990056
344	34400	430	1000	40.6171597619148	0.024028549899148384	0	430	0.9396500000000031	0.9906976744186047	35.59496831496556
345	34500	432	1000	43.411859588783	0.022516508186308137	0	432	0.9396500000000031	0.9861111111111112	35.631812783082324
346	34600	433	1000	48.303897213104115	0.020282372317907103	0	433	0.939650000000003	0.9838337182448037	35.67042023340861
347	34700	433	1000	46.49325801649799	0.021055620139865422	0	433	0.939650000000003	0.9838337182448037	35.71008031368255
348	34800	432	1000	45.279658756317744	0.021607765201239467	0	432	0.939650000000003	0.9861111111111112	35.749466582139334
349	34900	433	1000	43.97365179922592	0.022235241302268716	0	433	0.9396500000000029	0.9838337182448037	35.788206513722734
350	35000	433	1000	42.572901516515124	0.022950043839081433	0	433	0.9396500000000028	0.9861431870669746	35.82712599833806
351	35100	432	1000	48.35424108687921	0.020261683251084357	0	432	0.9397000000000029	0.9861111111111112	35.86549843152364
352	35200	432	1000	47.51340744051859	0.020612858439722707	0	432	0.9397000000000029	0.9907407407407407	35.903372999032335
353	35300	432	1000	45.91661273038487	0.021314411714815983	0	432	0.9397000000000028	0.9907407407407407	35.9396657148997
354	35400	433	1000	40.3373509135689	0.024191197014314533	0	433	0.9397000000000025	0.9884526558891455	35.9764697988828
355	35500	430	1000	43.15975030391009	0.022645055579298776	0	430	0.9400500000000027	0.9930232558139535	36.01310013532638
356	35600	428	1000	48.19754281776926	0.020326218398834712	0	428	0.9402000000000028	0.9953271028037384	36.04807235002518
357	35700	426	1000	46.29326225224629	0.02114466104423792	0	426	0.9404500000000027	0.9953051643192489	36.08283208211263
358	35800	425	1000	44.93050051980178	0.021772024878519997	0	425	0.9405500000000028	0.9929411764705882	36.11868255138397
359	35900	426	1000	43.619418414403675	0.0224117667942796	0	426	0.9405500000000028	0.9929577464788732	36.15399293502172
360	36000	424	1000	41.7539647331694	0.02338964365623335	0	424	0.9407500000000031	0.9905660377358491	36.190783250331876
361	36100	423	1000	47.45974445369345	0.02063568455165023	0	423	0.940750000000003	0.9905437352245863	36.22730780045192
362	36200	423	1000	46.90676115421043	0.020873880343967106	0	423	0.940750000000003	0.9905437352245863	36.263878564039864
363	36300	423	1000	45.74725629023578	0.021391629784460152	0	423	0.9407500000000029	0.9905437352245863	36.29939775069555
364	36400	421	1000	40.42253634726588	0.024141447824838604	0	421	0.9408000000000027	0.9928741092636579	36.33465634981791
365	36500	419	1000	43.254365489081536	0.022596640782178216	0	419	0.9407500000000028	0.9928400954653938	36.370099751154584
366	36600	419	1000	48.39554693120151	0.020244739903230703	0	419	0.9407500000000026	0.9928400954653938	36.40377691586812
367	36700	419	1000	46.64312035286698	0.02098938928839122	0	419	0.9407000000000024	0.9904534606205251	36.43941315015157
368	36800	419	1000	45.524678471208475	0.02149396906888554	0	419	0.9407000000000024	0.9928400954653938	36.473701131343844
369	36900	417	1000	44.04931778513438	0.02219789442249857	0	417	0.9407000000000022	0.9952038369304557	36.50821559826533
370	37000	416	1000	42.22052753011998	0.02313715396701508	0	416	0.9407500000000023	0.9951923076923077	36.54206374883652
371	37100	416	1000	47.76035421138105	0.020508464636349834	0	416	0.9407500000000023	0.9951923076923077	36.57554673353831
372	37200	413	1000	46.807179698167374	0.020917360244079274	0	413	0.9408000000000022	0.9951573849878934	36.60898696581523
373	37300	412	1000	45.423509790582884	0.02154080991529969	0	412	0.9407500000000023	0.9951456310679612	36.64169174830119
374	37400	411	1000	39.91776377589789	0.024439263237279792	0	411	0.9407500000000023	0.9927007299270073	36.67556404670079
375	37500	412	1000	42.880339747079375	0.02278924925750054	0	412	0.9407500000000022	0.9902912621359223	36.70962063471476
376	37600	413	1000	47.819690636751844	0.02048353823953141	0	413	0.9407500000000022	0.9878934624697336	36.744552683830264
377	37700	408	1000	45.81321173503872	0.021361490975239383	0	408	0.9408000000000022	0.9901960784313726	36.77964971462885
378	37800	407	1000	44.27569467539976	0.022086905726558474	0	407	0.9408000000000022	0.9901719901719902	36.81481541395188
379	37900	404	1000	42.73569398007419	0.022864619467467377	0	404	0.9409500000000021	0.9900990099009901	36.84973196585973
380	38000	405	1000	40.6952393822716	0.023983553393992264	0	405	0.9409500000000017	0.9901234567901235	36.88477420012156
381	38100	406	1000	46.089243832017544	0.02123627220618197	0	406	0.9409500000000018	0.9876847290640394	36.91930344899495
382	38200	406	1000	45.32397886007027	0.021587092141214292	0	406	0.9409500000000017	0.9876847290640394	36.95533343156179
383	38300	406	1000	43.843145275570606	0.022299952286013586	0	406	0.940950000000002	0.9876847290640394	36.992652082443236
384	38400	406	1000	38.487659645107456	0.025324367384327893	0	406	0.9410000000000018	0.9852216748768473	37.02988828023275
385	38500	405	1000	41.38755528259366	0.02359183003910224	0	405	0.9410500000000016	0.9876543209876543	37.06783631642659
386	38600	404	1000	46.11386513034081	0.02122517431404733	0	404	0.9411000000000016	0.9900990099009901	37.106160430113476
387	38700	404	1000	44.20496449187758	0.0221214641188288	0	404	0.9411000000000017	0.9900990099009901	37.14233478307724
388	38800	404	1000	43.250520672786884	0.022598604147385286	0	404	0.9411000000000018	0.9900990099009901	37.17800137996674
389	38900	403	1000	41.88797865781618	0.02331655702355545	0	403	0.9411000000000019	0.9900744416873449	37.21243608395259
390	39000	402	1000	40.18206155332074	0.024282417205006686	0	402	0.9411000000000019	0.9900497512437811	37.246707034111026
391	39100	401	1000	45.60483815385447	0.021456999736781505	0	401	0.9412000000000019	0.9925187032418953	37.28161745071411
392	39200	401	1000	44.606607237665955	0.0219266474874744	0	401	0.9412000000000018	0.9925187032418953	37.31514043410619
393	39300	400	1000	43.21995306708619	0.022614225720296397	0	400	0.9412500000000018	0.9925	37.348561668395995
394	39400	397	1000	38.19582893745562	0.02551291877499745	0	397	0.9412500000000017	0.9974811083123426	37.381708983580275
395	39500	397	1000	41.24533023385468	0.023671255366317794	0	397	0.9412500000000017	0.9974811083123426	37.41330274740855
396	39600	395	1000	45.829397555033445	0.02135410772314143	0	395	0.9414500000000017	0.9974683544303797	37.445095562934874
397	39700	394	1000	43.91784555380162	0.022262866521552592	0	394	0.9415000000000017	0.9974619289340102	37.47718298435211
398	39800	392	1000	42.604091992764495	0.02293362742574565	0	392	0.9416500000000018	0.9974489795918368	37.509180982907615
399	39900	392	1000	41.22775287120133	0.02368110856028961	0	392	0.9416500000000019	0.9974489795918368	37.539550232887265
400	40000	392	1000	39.33112686082452	0.024794744849327432	0	392	0.9416500000000018	1.0	37.569944961865744
401	40100	392	1000	44.61654442932162	0.021921870946393196	0	392	0.9416500000000019	1.0	37.949376364549
402	40200	392	1000	43.81548634105021	0.022313715227586794	0	392	0.9416500000000017	1.0	37.97998436689377
403	40300	392	1000	42.67654556924591	0.022895583589928707	0	392	0.9416500000000017	1.0	38.010319415728254
404	40400	390	1000	37.52127142356181	0.025959683132066688	0	390	0.9418000000000015	1.0	38.04322959582011
405	40500	390	1000	40.416407336633334	0.024145020399089213	0	390	0.9418000000000015	1.0	38.07482093175252
406	40600	390	1000	45.1018154299485	0.021691119767712735	0	390	0.9418000000000015	1.0	38.10623968442281
407	40700	390	1000	43.655216891243526	0.022393800089146824	0	390	0.9418000000000017	1.0	38.13854936758677
408	40800	390	1000	42.65398601989449	0.022907415591883605	0	390	0.9418000000000015	1.0	38.16948039929072
409	40900	390	1000	41.24692105985952	0.023670364015003685	0	390	0.9418000000000015	1.0	38.20056695143382
410	41000	389	1000	39.50552514835972	0.02468799000475359	0	389	0.9418500000000017	1.0	38.23143253326416
411	41100	391	1000	45.01288701646329	0.02173304186807932	0	391	0.9418500000000017	0.9948849104859335	38.26430989901225
412	41200	391	1000	44.15153513640242	0.022147641203759918	0	391	0.9418500000000017	0.9948849104859335	38.29717589616776
413	41300	392	1000	43.03858213567523	0.022707361397766475	0	392	0.9418500000000017	0.9923469387755102	38.33120723168055
414	41400	390	1000	37.60105498403757	0.02590602770866038	0	390	0.9419500000000016	0.9923076923076923	38.36496785084407
415	41500	390	1000	40.12128704976506	0.024318304988601113	0	390	0.9419500000000016	0.9923076923076923	38.39868399699529
416	41600	390	1000	44.61883843621922	0.021920768574546758	0	390	0.9419500000000015	0.9923076923076923	38.432135566075644
417	41700	389	1000	43.0707663837843	0.0226907785376736	0	389	0.9421500000000017	0.9922879177377892	38.46559060017268
418	41800	389	1000	41.77764383342593	0.023376696572956462	0	389	0.9421500000000017	0.9922879177377892	38.49813038110733
419	41900	387	1000	40.167955966116466	0.024290737213745955	0	387	0.9424000000000012	0.9922480620155039	38.530549399058025
420	42000	387	1000	38.307049244123796	0.025440729315225688	0	387	0.9424000000000012	0.9922480620155039	38.56214636564255
421	42100	386	1000	43.44703500137753	0.02249868860699049	0	386	0.9424500000000012	0.9974093264248705	38.59308671553929
422	42200	385	1000	42.45134800177776	0.02301424572510584	0	385	0.942450000000001	0.9974025974025974	38.623200698693594
423	42300	385	1000	41.07228044126872	0.02376861889851589	0	385	0.942450000000001	1.0	38.65419880151749
424	42400	386	1000	35.93427703911306	0.02707512046170578	0	386	0.942450000000001	0.9974093264248705	38.685387365023296
425	42500	383	1000	38.49180556462649	0.025321708787498887	0	383	0.9426000000000008	0.9973890339425587	38.71620361804962
426	42600	383	1000	42.67623118478515	0.022895748393885123	0	383	0.9426000000000009	0.9973890339425587	38.74744353294373
427	42700	383	1000	41.257393750493044	0.023664497765869253	0	383	0.9426500000000008	0.9947780678851175	38.77867946624756
428	42800	383	1000	39.9415650876866	0.024425055511635912	0	383	0.9426500000000007	0.9947780678851175	38.809986317157744
429	42900	383	1000	38.50766358471323	0.02531154488181204	0	383	0.9426500000000007	0.9947780678851175	38.84180188179016
430	43000	383	1000	36.80703449794038	0.026450104148064753	0	383	0.9426500000000009	0.9947780678851175	38.87415738503138
431	43100	383	1000	41.798565583304594	0.02336526905448655	0	383	0.9426500000000009	0.9947780678851175	38.90633546511332
432	43200	383	1000	40.933480659049515	0.023847293005098864	0	383	0.9426500000000007	0.9947780678851175	38.93950023253759
433	43300	383	1000	39.62735566378326	0.02461395736103586	0	383	0.9426500000000007	0.9947780678851175	38.97231895128886
434	43400	383	1000	34.69256342864914	0.02801704063646311	0	383	0.9426500000000005	0.9973890339425587	39.00463399887085
435	43500	383	1000	37.31680881646342	0.026098206789348655	0	383	0.9426500000000005	0.9973890339425587	39.035608398914334
436	43600	384	1000	41.63489229712086	0.02345496719051241	0	384	0.9426500000000004	0.9947916666666666	39.0672710498174
437	43700	384	1000	40.2252900995726	0.024256954834876165	0	384	0.9426500000000007	0.9973958333333334	39.09914155006409
438	43800	384	1000	38.99083990962103	0.02500572636783803	0	384	0.9426500000000007	0.9973958333333334	39.1321970184644
439	43900	383	1000	37.701768816673656	0.025838612305729446	0	383	0.9428000000000003	0.9973890339425587	39.16564154624939
440	44000	383	1000	36.22492449041484	0.026863721382631496	0	383	0.9428000000000002	0.9973890339425587	39.20015883048375
441	44100	382	1000	41.15992315590859	0.023719208317860823	0	382	0.9429000000000003	0.9973821989528796	39.235113064448036
442	44200	381	1000	40.357768872278406	0.024179254037813618	0	381	0.9429500000000006	0.9973753280839895	39.26945354938507
443	44300	379	1000	38.888657504263854	0.02506978330602142	0	379	0.9430500000000005	0.9947229551451188	39.30503849585851
444	44400	378	1000	34.03256101661304	0.028544872854878722	0	378	0.9431000000000005	0.9947089947089947	39.34121656815211
445	44500	377	1000	36.35897117237234	0.026767332413573496	0	377	0.9431000000000006	0.9946949602122016	39.377658716837566
446	44600	377	1000	40.537689895554074	0.02407452129654985	0	377	0.9431000000000006	0.9946949602122016	39.41412866512935
447	44700	376	1000	39.101495931358116	0.024936725595267165	0	376	0.9431500000000006	0.9973404255319149	39.44884201685588
448	44800	375	1000	37.96841321056245	0.025661809594262574	0	375	0.9432000000000006	0.9973333333333333	39.483618930975595
449	44900	374	1000	36.85755157044545	0.026414809160048208	0	374	0.9432500000000007	0.9973262032085561	39.5169785340627
450	45000	373	1000	35.23259103213671	0.02759946146586768	0	373	0.9433500000000007	0.9973190348525469	39.55012296438217
451	45100	374	1000	39.94148418891995	0.024425103774587422	0	374	0.9433500000000006	0.9946524064171123	39.58354866902034
452	45200	373	1000	39.03374449282071	0.024978927469033803	0	373	0.9433500000000009	0.9946380697050938	39.61725080013275
453	45300	371	1000	37.52177869490611	0.025959341283797833	0	371	0.943450000000001	0.9973045822102425	39.649262030919395
454	45400	370	1000	32.878395102646934	0.029517336844621354	0	370	0.9436000000000008	0.9945945945945946	39.68005481561025
455	45500	370	1000	35.30139522629847	0.027547150564492688	0	370	0.9436000000000009	0.9945945945945946	39.71160250107447
456	45600	371	1000	39.18001956743169	0.024887991861770018	0	371	0.9436000000000009	0.9919137466307277	39.74307119846344
457	45700	371	1000	38.00425724830284	0.025638226966711745	0	371	0.9436000000000008	0.9919137466307277	39.7743242820104
458	45800	370	1000	37.09743379131868	0.026248487115367636	0	370	0.9436000000000008	0.9918918918918919	39.805255047480266
459	45900	371	1000	35.90172378793962	0.027099005069427792	0	371	0.9436000000000007	0.9892183288409704	39.83631136417389
460	46000	370	1000	34.45933155645067	0.02820132123494817	0	370	0.9437000000000008	0.9891891891891892	39.86732638279597
461	46100	370	1000	39.20159172313999	0.02487463697673446	0	370	0.9437000000000008	0.9918918918918919	39.89767656326294
462	46200	370	1000	38.54858920891605	0.025285352018942678	0	370	0.9437000000000006	0.9918918918918919	39.92754448254903
463	46300	369	1000	37.59649538200005	0.025909088120637042	0	369	0.9437500000000005	0.991869918699187	39.957796931266785
464	46400	368	1000	33.01659322741401	0.029397417704783522	0	368	0.9438000000000006	0.9918478260869565	39.98882966438929
465	46500	367	1000	35.364672647234656	0.02749921633286158	0	367	0.9438500000000007	0.9918256130790191	40.01801533301671
466	46600	367	1000	39.526900717486534	0.024674968534381912	0	367	0.9438500000000006	0.9945504087193461	40.04626223246257
467	46700	367	1000	38.08528216556096	0.025585078182731542	0	367	0.9438500000000007	0.9945504087193461	40.07419580221176
468	46800	367	1000	36.86857129000538	0.026407122474777105	0	367	0.9438500000000009	0.9945504087193461	40.10153119961421
469	46900	366	1000	35.60245321299348	0.02732057313702161	0	366	0.9439000000000008	0.9972677595628415	40.12897761662801
470	47000	366	1000	34.02117251775171	0.028554155332552473	0	366	0.9439000000000008	0.9972677595628415	40.1553267677625
471	47100	364	1000	38.63845094814689	0.025228029251399147	0	364	0.9438500000000009	0.9972527472527473	40.18298698266347
472	47200	363	1000	38.163129667362945	0.025534220796285385	0	363	0.9438500000000009	0.9944903581267218	40.21154008309046
473	47300	365	1000	37.07141621271852	0.026266425036900257	0	365	0.943850000000001	0.989041095890411	40.24189573129018
474	47400	365	1000	32.80157118004791	0.02958442359597388	0	365	0.9438500000000011	0.9917808219178083	40.27282806634903
475	47500	364	1000	35.07895138362045	0.02771699180963424	0	364	0.943850000000001	0.9917582417582418	40.30383919874827
476	47600	362	1000	39.019430222333156	0.024987862007139275	0	362	0.9438000000000009	0.9917127071823204	40.33516327937444
477	47700	362	1000	37.70634136705218	0.025835559876791283	0	362	0.9438000000000007	0.9917127071823204	40.366468199094136
478	47800	362	1000	36.79007151055369	0.026461976916892803	0	362	0.9438000000000007	0.9917127071823204	40.39843553304672
479	47900	363	1000	35.294314453886486	0.0275525248250809	0	363	0.9438000000000007	0.9889807162534435	40.43149403333664
480	48000	364	1000	33.79615975395556	0.02873880356542282	0	364	0.9438000000000007	0.9862637362637363	40.46480251550675
481	48100	363	1000	38.27339866317508	0.025462527666026916	0	363	0.9438000000000009	0.9862258953168044	40.50029059648514
482	48200	361	1000	37.613712276015235	0.025897535902580034	0	361	0.9439000000000007	0.9889196675900277	40.53438088099162
483	48300	361	1000	36.62063214404828	0.026581158875029792	0	361	0.9439000000000005	0.9944598337950139	40.56722406943639
484	48400	361	1000	32.197538286749506	0.030122715466500142	0	361	0.9439000000000005	0.9944598337950139	40.599016646544136
485	48500	362	1000	34.518716553244545	0.02815417044985125	0	362	0.9439000000000007	0.9917127071823204	40.63156314690908
486	48600	360	1000	38.36526333755821	0.025403107085172343	0	360	0.9439000000000006	0.9916666666666667	40.663215998808546
487	48700	360	1000	37.24908863055523	0.02614441378352611	0	360	0.9439000000000006	0.9916666666666667	40.694755848248796
488	48800	361	1000	36.35090498974524	0.02677311300153375	0	361	0.9439000000000007	0.9889196675900277	40.72798176209132
489	48900	361	1000	35.17771110670991	0.02764132858074952	0	361	0.9439000000000007	0.9916897506925207	40.75952251752218
490	49000	360	1000	33.70111589806983	0.02881751707747308	0	360	0.9439000000000007	0.9944444444444445	40.79047696590423
491	49100	360	1000	38.290224685027056	0.02545162334948636	0	360	0.9439000000000008	0.9944444444444445	40.821048112710315
492	49200	359	1000	37.57346771209367	0.025924555382571348	0	359	0.9440500000000007	0.9944289693593314	40.8522359808286
493	49300	359	1000	36.301586034587345	0.026808511548886013	0	359	0.9440500000000006	0.9944289693593314	40.88402113119761
494	49400	358	1000	31.780556433102696	0.0305058885147591	0	358	0.9441500000000007	0.994413407821229	40.91678107976914
495	49500	358	1000	34.33073975693342	0.02830396439134159	0	358	0.9441500000000008	0.9972067039106145	40.95010446310043
496	49600	357	1000	38.43190297339679	0.02536017601470216	0	357	0.9442000000000007	0.9971988795518207	40.982553581396736
497	49700	357	1000	37.17469273109357	0.02619536474187499	0	357	0.9442000000000008	0.9971988795518207	41.014394168059034
498	49800	357	1000	36.289717979923196	0.02681704379041967	0	357	0.9442000000000008	1.0	41.04545806248983
499	49900	356	1000	35.06265706605556	0.02772951527582428	0	356	0.9442000000000008	1.0	41.076774450143176
500	50000	355	1000	33.709925622495504	0.028810202904955232	0	355	0.9443500000000007	1.0	41.10762396653493
501	50100	355	1000	38.43841317722564	0.025355989742951078	0	355	0.9443500000000007	1.0	41.50289676586787
502	50200	355	1000	37.95600011487186	0.025669986575912334	0	355	0.9443500000000007	1.0	41.53161323070526
503	50300	356	1000	37.04226082868996	0.026286555483732967	0	356	0.9443500000000007	0.9971910112359551	41.561418334643044
504	50400	354	1000	32.62574534858817	0.02973911773949679	0	354	0.9443500000000007	0.9971751412429378	41.592032766342165
505	50500	352	1000	35.098280124541176	0.02770215081023089	0	352	0.9443500000000007	0.9971590909090909	41.62143671512604
506	50600	352	1000	38.89811005826854	0.02506384383970986	0	352	0.9444500000000007	0.9943181818181818	41.65172358353933
507	50700	351	1000	37.5925634733943	0.025911727804487507	0	351	0.9445000000000008	0.9943019943019943	41.68202764590581
508	50800	351	1000	36.51466447235923	0.026656242673762924	0	351	0.9445000000000009	0.9943019943019943	41.71099456548691
509	50900	351	1000	35.19259313415767	0.0276299627466103	0	351	0.9445000000000007	0.9943019943019943	41.74017916520437
510	51000	351	1000	33.48324140364297	0.028999593985220756	0	351	0.9445000000000008	0.9943019943019943	41.76891220013301
511	51100	350	1000	37.97354569863795	0.02565843014983746	0	350	0.9445500000000007	0.9942857142857143	41.79744939804077
512	51200	349	1000	37.178176988745925	0.026192974072459713	0	349	0.9446000000000006	0.994269340974212	41.825808497269946
513	51300	347	1000	36.11646520810309	0.026942220774344775	0	347	0.9446000000000007	0.9971181556195965	41.8533495148023
514	51400	346	1000	31.730721401291472	0.030552336067989704	0	346	0.9446000000000008	0.9971098265895953	41.87945894797643
515	51500	346	1000	34.337732257283896	0.028298363707079072	0	346	0.9446000000000008	0.9971098265895953	41.906108379364014
516	51600	347	1000	38.62209164200346	0.025238445487312383	0	347	0.9446000000000007	0.9971181556195965	41.93259451786677
517	51700	347	1000	37.41389873986569	0.026032244390809693	0	347	0.9446000000000007	0.9971181556195965	41.9591739654541
518	51800	347	1000	36.48620059533196	0.0266764831889772	0	347	0.9446000000000007	0.9971181556195965	41.98574150005977
519	51900	347	1000	35.172917273321744	0.027644991761212476	0	347	0.9446000000000007	0.9971181556195965	42.01237986485163
520	52000	347	1000	33.77520842994828	0.028756118083789937	0	347	0.9446000000000006	0.9971181556195965	42.039573248227434
521	52100	347	1000	38.71195661763855	0.025181332907576702	0	347	0.9446000000000006	0.9971181556195965	42.067867732048036
522	52200	346	1000	38.011636470441886	0.025633377383634606	0	346	0.9448000000000006	0.9971098265895953	42.09617511431376
523	52300	346	1000	36.779463905419654	0.0264694068318038	0	346	0.9448000000000006	0.9971098265895953	42.12463318109512
524	52400	346	1000	32.36826354157711	0.029968595721320424	0	346	0.9448000000000004	0.9971098265895953	42.15589008331299
525	52500	346	1000	34.82959937747837	0.02790988504963793	0	346	0.9448000000000005	0.9971098265895953	42.18843080202738
526	52600	346	1000	38.75439961523374	0.025154448556099027	0	346	0.9448000000000005	1.0	42.21803129911423
527	52700	346	1000	37.60922448486268	0.025900546134824978	0	346	0.9448000000000005	1.0	42.24692786534627
528	52800	346	1000	36.85286069561911	0.026418082586707504	0	346	0.9448000000000009	1.0	42.27597945133845
529	52900	346	1000	35.57515370741833	0.027340965071520007	0	346	0.944800000000001	1.0	42.304819917678834
530	53000	345	1000	34.07415590584926	0.02851102112576376	0	345	0.9448000000000009	1.0	42.333795714378354
531	53100	345	1000	38.85206271415591	0.025092804033071753	0	345	0.9450000000000008	0.9971014492753624	42.363955199718475
532	53200	343	1000	38.38162765030387	0.025392551290151767	0	343	0.9450500000000006	0.9970845481049563	42.39305843114853
533	53300	343	1000	37.12961309165059	0.02622633483314769	0	343	0.9450500000000007	0.9970845481049563	42.42138118346532
534	53400	341	1000	32.73481652395552	0.029642965429792313	0	341	0.9450500000000005	0.9970674486803519	42.44973245064418
535	53500	341	1000	35.1301524481935	0.027677713273806012	0	341	0.9450500000000004	0.9970674486803519	42.477908698717755
536	53600	340	1000	39.00060086220668	0.02499962446676192	0	340	0.9450500000000005	0.9970588235294118	42.5063511967659
537	53700	341	1000	37.67817109188666	0.025854376558403645	0	341	0.9450500000000005	0.9941348973607038	42.535335318247476
538	53800	341	1000	36.76971752290819	0.026476237196994587	0	341	0.9450500000000006	0.9941348973607038	42.565522948900856
539	53900	341	1000	35.80427902893166	0.02717075368366556	0	341	0.9450500000000007	0.9941348973607038	42.594688431421915
540	54000	341	1000	34.617755406760686	0.02807588486640536	0	341	0.9450500000000008	0.9941348973607038	42.62396871646245
541	54100	341	1000	39.47783689744994	0.02470487745018309	0	341	0.9450500000000008	0.9970674486803519	42.65265818436941
542	54200	341	1000	38.73911552193978	0.025164123228860105	0	341	0.9450500000000008	0.9970674486803519	42.68077855110168
543	54300	341	1000	37.361471085332276	0.02606782200233076	0	341	0.9450500000000007	0.9970674486803519	42.70874138275782
544	54400	340	1000	32.36619500114314	0.02997045362726375	0	340	0.9451000000000009	0.9970588235294118	42.736080980300905
545	54500	341	1000	34.63404342559441	0.02806305161770507	0	341	0.9451000000000009	0.9941348973607038	42.76317183176676
546	54600	342	1000	38.21724074261549	0.025498989247179447	0	342	0.945100000000001	0.9912280701754386	42.79134468237559
547	54700	342	1000	36.95468740693312	0.026347206849010478	0	342	0.945100000000001	0.9941520467836257	42.81972878376643
548	54800	342	1000	36.24752614698264	0.026847420579125043	0	342	0.9451000000000009	0.9941520467836257	42.848591196537015
549	54900	341	1000	34.82373705815756	0.027914452319046545	0	341	0.9451000000000009	0.9941348973607038	42.87731630007426
550	55000	341	1000	33.350832331889585	0.02911137611858244	0	341	0.9451000000000007	0.9941348973607038	42.90599941412608
551	55100	341	1000	38.04333967303285	0.025612563074123955	0	341	0.9452000000000007	0.9912023460410557	42.93629904985428
552	55200	341	1000	37.67954372206388	0.025853459057987086	0	341	0.9452000000000007	0.9912023460410557	42.96814384857814
553	55300	340	1000	36.81625842952837	0.026443652585660407	0	340	0.9451500000000008	0.9911764705882353	42.99878693024318
554	55400	340	1000	32.32846013348244	0.030004386521157635	0	340	0.9451500000000009	0.9911764705882353	43.02871188322703
555	55500	340	1000	34.849114356715496	0.027894691903669673	0	340	0.9451500000000009	0.9941176470588236	43.05872540076574
556	55600	340	1000	39.00480287320118	0.0249969985646371	0	340	0.9451500000000008	0.9970588235294118	43.08777719736099
557	55700	340	1000	37.68361699541154	0.025850736763281857	0	340	0.9451500000000008	0.9970588235294118	43.11644509633382
558	55800	341	1000	36.647770903740785	0.026561997589627205	0	341	0.9451500000000008	0.9941348973607038	43.14561746517817
559	55900	341	1000	35.470798561111955	0.02741919671225074	0	341	0.9451500000000008	0.9941348973607038	43.17536046504974
560	56000	340	1000	33.8556221564263	0.02868977622927413	0	340	0.9451500000000007	0.9941176470588236	43.20521949927012
561	56100	340	1000	38.40054711753811	0.02538035822235769	0	340	0.9451500000000007	0.9970588235294118	43.23374008337657
562	56200	341	1000	37.74189181719366	0.025811852573399623	0	341	0.9451500000000009	0.9912023460410557	43.26386863390605
563	56300	341	1000	36.54832629154264	0.02663234553347427	0	341	0.945150000000001	0.9912023460410557	43.29410203297933
564	56400	341	1000	32.17643961940166	0.030141872107795363	0	341	0.9451500000000009	0.9912023460410557	43.32424180110296
565	56500	341	1000	34.68496882699797	0.028023003322436305	0	341	0.9451500000000008	0.9912023460410557	43.354829200108846
566	56600	341	1000	38.62392002668195	0.025237280898170098	0	341	0.9451500000000007	0.9912023460410557	43.38523588180542
567	56700	341	1000	37.060769640982826	0.02627377242848044	0	341	0.9451500000000007	0.9912023460410557	43.41517976522446
568	56800	341	1000	36.15761829084789	0.026912381524902662	0	341	0.9453000000000009	0.9912023460410557	43.44560703039169
569	56900	341	1000	35.015928804467784	0.027765492469430633	0	341	0.9453000000000007	0.9912023460410557	43.47574278513591
570	57000	342	1000	33.490739937621306	0.0289932892657149	0	342	0.945300000000001	0.9883040935672515	43.50742246707281
571	57100	342	1000	38.04044506535315	0.025614462087356182	0	342	0.945300000000001	0.9883040935672515	43.53834453423818
572	57200	342	1000	37.55229639971386	0.02593879206654528	0	342	0.9453000000000011	0.9941520467836257	43.56851269801458
573	57300	343	1000	36.52351493113571	0.026649955416896052	0	343	0.945300000000001	0.9912536443148688	43.598412998517354
574	57400	343	1000	32.2970215148547	0.03003271627625531	0	343	0.9453000000000011	0.9912536443148688	43.62845276594162
575	57500	342	1000	34.86448750155883	0.027882734974437755	0	342	0.945300000000001	0.9912280701754386	43.66056688229243
576	57600	341	1000	38.89754505228965	0.025064198779383588	0	341	0.9453500000000009	0.9912023460410557	43.69226746559143
577	57700	341	1000	37.52525353883443	0.02595699984146697	0	341	0.9453500000000009	0.9912023460410557	43.723222331206
578	57800	341	1000	36.583134194206664	0.026607679786167147	0	341	0.9453500000000008	0.9912023460410557	43.75463459889094
579	57900	343	1000	35.062239356261934	0.027729836467472662	0	343	0.945350000000001	0.9883381924198251	43.78695255120595
580	58000	343	1000	33.56869372425909	0.028927908239073413	0	343	0.945350000000001	0.9912536443148688	43.81833343108495
581	58100	343	1000	38.01174355578915	0.025633307021254756	0	343	0.945350000000001	0.9912536443148688	43.84933146238327
582	58200	343	1000	37.506518742777686	0.02596962884855855	0	343	0.9454000000000009	0.9883381924198251	43.88174568017324
583	58300	343	1000	36.44498582088899	0.026705845337565648	0	343	0.945400000000001	0.9912536443148688	43.91335821549098
584	58400	343	1000	32.136886452625404	0.030177850336954967	0	343	0.945400000000001	0.9912536443148688	43.944967317581174
585	58500	343	1000	34.565627176293276	0.02811703544670127	0	343	0.9454000000000009	0.9912536443148688	43.97801065047582
586	58600	343	1000	38.29233658806931	0.025450255363628313	0	343	0.9454500000000008	0.9883381924198251	44.011959564685824
587	58700	343	1000	36.96865139614534	0.026337516957516224	0	343	0.9454500000000009	0.9883381924198251	44.04510523080826
588	58800	344	1000	36.35633524808065	0.026769221160455766	0	344	0.9454500000000009	0.9854651162790697	44.07984343369802
589	58900	344	1000	35.173056144731376	0.027644885629760384	0	344	0.9454500000000012	0.9912790697674418	44.112687063217166
590	59000	345	1000	33.83319298742963	0.028708249638810693	0	345	0.9454500000000011	0.9884057971014493	44.14602408011754
591	59100	344	1000	38.52755616553498	0.025298806630295143	0	344	0.9455500000000009	0.9883720930232558	44.17961634794871
592	59200	344	1000	37.83483070411089	0.02575008006650443	0	344	0.945550000000001	0.9912790697674418	44.212574084599815
593	59300	344	1000	36.68584365547442	0.026535162888803615	0	344	0.9455000000000011	0.9883720930232558	44.2450492143631
594	59400	344	1000	32.18843194975497	0.03013098062342722	0	344	0.945500000000001	0.9883720930232558	44.27675034999847
595	59500	343	1000	34.527035320294374	0.028147578062297885	0	343	0.945500000000001	0.9883381924198251	44.30892634789149
596	59600	343	1000	38.42984036766704	0.0253615026253064	0	343	0.945500000000001	0.9883381924198251	44.34243365128835
597	59700	344	1000	36.91655819563911	0.026373701822836146	0	344	0.9456000000000013	0.9825581395348837	44.3756712992986
598	59800	343	1000	35.80124394673967	0.027172994517447365	0	343	0.9457000000000011	0.9854227405247813	44.408774785200755
599	59900	343	1000	34.38511755836929	0.028260468496408314	0	343	0.9457000000000011	0.9854227405247813	44.4417714993159
600	60000	344	1000	32.91878456148318	0.02948218849609252	0	344	0.9456500000000012	0.9825581395348837	44.475041433175406
601	60100	345	1000	37.1329045375793	0.026224071104117383	0	345	0.9456500000000011	0.9768115942028985	44.510039047400156
602	60200	345	1000	36.53848568115656	0.02663932712933001	0	345	0.9456500000000011	0.9768115942028985	44.546467530727384
603	60300	344	1000	35.334578297384105	0.027521992736929457	0	344	0.9456500000000008	0.9796511627906976	44.582843784491224
604	60400	344	1000	31.013500273855506	0.031236821698521697	0	344	0.945650000000001	0.9796511627906976	44.617367617289226
605	60500	345	1000	33.18372930433759	0.02925368356088373	0	345	0.9456500000000011	0.9768115942028985	44.65261741479238
606	60600	345	1000	37.1239361762119	0.026230240114187568	0	345	0.945650000000001	0.9797101449275363	44.68709188302358
607	60700	345	1000	35.88652899951132	0.027110168051139975	0	345	0.9456500000000008	0.9855072463768116	44.72095578511556
608	60800	345	1000	35.095027005747355	0.027704647508388663	0	345	0.9459000000000009	0.9826086956521739	44.75441693464915
609	60900	345	1000	33.86796279218155	0.02867962220678491	0	345	0.9459000000000009	0.9826086956521739	44.7870818456014
610	61000	344	1000	32.25446689607523	0.030071148129517073	0	344	0.9459000000000007	0.9883720930232558	44.81874641577403
611	61100	344	1000	36.55046898309789	0.026630825848010502	0	344	0.9459000000000004	0.9941860465116279	44.84937756458918
612	61200	344	1000	35.93213950420214	0.02707668749832974	0	344	0.9459000000000003	0.9941860465116279	44.87878661553065
613	61300	344	1000	34.93594790273297	0.02782728878355116	0	344	0.9459000000000002	0.9941860465116279	44.90833996534347
614	61400	345	1000	30.677803725892616	0.03156784506441732	0	345	0.9459000000000003	0.991304347826087	44.93848148584366
615	61500	345	1000	33.20705858714947	0.029233732489810423	0	345	0.9459000000000004	0.9942028985507246	44.96944169600805
616	61600	344	1000	36.87757039623502	0.02640084856391419	0	344	0.9460000000000006	0.9941860465116279	44.999925116697945
617	61700	344	1000	35.53309926807245	0.027372438146082364	0	344	0.9460000000000006	0.9941860465116279	45.030240567525226
618	61800	344	1000	34.635228578656125	0.028062118299388553	0	344	0.9460000000000007	0.997093023255814	45.059477829933165
619	61900	344	1000	33.313145478028105	0.029143349759069292	0	344	0.9460000000000008	0.997093023255814	45.08844956556956
620	62000	345	1000	31.763824109027908	0.03052146772221424	0	345	0.9460000000000008	0.9942028985507246	45.11826966603597
621	62100	345	1000	36.152539328625465	0.026916060599645613	0	345	0.946000000000001	0.9942028985507246	45.14848419825236
622	62200	345	1000	35.85141741972866	0.02713599828767083	0	345	0.9460000000000012	0.9942028985507246	45.17887173096339
623	62300	345	1000	34.79318251475273	0.02793828125196283	0	345	0.9460000000000012	0.9942028985507246	45.20904373327891
624	62400	344	1000	30.475436471843448	0.03177080644757878	0	344	0.946100000000001	0.997093023255814	45.23882833321889
625	62500	344	1000	32.846356385325926	0.029545277743206345	0	344	0.9463000000000013	0.9941860465116279	45.26917374928792
626	62600	345	1000	36.59628589372088	0.026598372052677	0	345	0.9463000000000014	0.991304347826087	45.29971367915471
627	62700	345	1000	35.25873320917009	0.027579562535491254	0	345	0.9463000000000011	0.991304347826087	45.33111617962519
628	62800	346	1000	34.43666817348721	0.028219357279987565	0	346	0.9463000000000011	0.9884393063583815	45.36339526573817
629	62900	347	1000	33.12463428486205	0.02930434335654134	0	347	0.9463000000000011	0.9855907780979827	45.39614955186844
630	63000	346	1000	31.793482703527395	0.03049386394975475	0	346	0.9463500000000012	0.9884393063583815	45.42827573219935
631	63100	348	1000	36.08338353364432	0.026966255630172974	0	348	0.9463500000000014	0.9827586206896551	45.46210225025813
632	63200	348	1000	35.11935331653388	0.02768598848480056	0	348	0.9463500000000012	0.9827586206896551	45.4968621134758
633	63300	347	1000	33.97789652155933	0.028589483629572462	0	347	0.9463500000000014	0.9827089337175793	45.531801998615265
634	63400	345	1000	29.84472533743713	0.03242045403420309	0	345	0.9465000000000013	0.9826086956521739	45.56667393048604
635	63500	345	1000	32.230596438207215	0.030092749068152142	0	345	0.9465000000000013	0.9855072463768116	45.599930735429126
636	63600	345	1000	35.92472104693606	0.02708212741076288	0	345	0.9465000000000012	0.9884057971014493	45.63246333201726
637	63700	345	1000	34.85512401626197	0.027890016488199942	0	345	0.9465000000000011	0.9884057971014493	45.66495983203252
638	63800	344	1000	34.18635504342097	0.0284201077027152	0	344	0.9464500000000012	0.9912790697674418	45.697601016362505
639	63900	344	1000	33.24335752165495	0.029202743900554027	0	344	0.9464500000000011	0.9941860465116279	45.72848078409831
640	64000	345	1000	31.966626443395967	0.030333707384861176	0	345	0.9464500000000012	0.991304347826087	45.75971744855245
641	64100	344	1000	36.306913303501524	0.026804683407194205	0	344	0.9466500000000012	0.997093023255814	45.790454451243086
642	64200	345	1000	35.54784114458568	0.02736139724488606	0	345	0.9466500000000014	0.9942028985507246	45.821439365545906
643	64300	345	1000	34.60174657003766	0.02808850959131307	0	345	0.9466500000000014	0.9942028985507246	45.85129903157552
644	64400	346	1000	30.314528287303595	0.0319340591953112	0	346	0.9466500000000015	0.9913294797687862	45.88156298001607
645	64500	346	1000	32.7264547161338	0.029650314817158286	0	346	0.9466500000000013	0.9913294797687862	45.91311226288477
646	64600	346	1000	36.450381940976996	0.026701997367504345	0	346	0.9466500000000014	0.9913294797687862	45.944328566392265
647	64700	346	1000	35.31887666590217	0.027533891237854446	0	346	0.9466500000000014	0.9913294797687862	45.97573136488597
648	64800	346	1000	34.68831391197033	0.028020376711172863	0	346	0.9466500000000014	0.9913294797687862	46.00727963050206
649	64900	346	1000	33.24132683379986	0.02920447577437019	0	346	0.9466500000000013	0.9913294797687862	46.038891565799716
650	65000	346	1000	31.565300750527747	0.030707531542873718	0	346	0.9466500000000012	0.9942196531791907	46.06943078438441
651	65100	346	1000	35.88308442351748	0.027112699917319755	0	346	0.9466500000000012	0.9942196531791907	46.1004585981369
652	65200	346	1000	35.191360871258546	0.027630903506426375	0	346	0.9466500000000011	0.9971098265895953	46.129888864358264
653	65300	346	1000	34.293767332737744	0.028333614560676876	0	346	0.9466500000000012	0.9971098265895953	46.15921022891998
654	65400	345	1000	29.90194751185526	0.032360419990240384	0	345	0.9468500000000012	1.0	46.188657784461974
655	65500	345	1000	32.15097416324933	0.030165026073610376	0	345	0.9468500000000012	1.0	46.217165648937225
656	65600	346	1000	35.73807463861034	0.027219717141873226	0	346	0.9468500000000013	0.9971098265895953	46.24665291309357
657	65700	346	1000	34.428194977468976	0.028226106371943675	0	346	0.9468500000000014	0.9971098265895953	46.276228833198545
658	65800	346	1000	33.79166327782658	0.028742517769689956	0	346	0.9468500000000012	0.9971098265895953	46.30564386447271
659	65900	346	1000	32.84730871547818	0.029544446455286585	0	346	0.9468500000000012	0.9971098265895953	46.33543003400167
660	66000	345	1000	31.58793974969474	0.03068619887237171	0	345	0.9470000000000013	0.9971014492753624	46.364471499125166
661	66100	344	1000	35.781937683876485	0.02718725719657652	0	344	0.9471000000000013	0.997093023255814	46.39274764855703
662	66200	342	1000	34.94825671851343	0.027817760617165004	0	342	0.9474000000000014	0.9970760233918129	46.42076421578725
663	66300	341	1000	34.039304520723384	0.028539379239350127	0	341	0.9474000000000014	0.9970674486803519	46.44855689605077
664	66400	341	1000	29.705671498209373	0.03256727344517823	0	341	0.9474000000000012	0.9970674486803519	46.47663998206456
665	66500	339	1000	31.774965159360892	0.030511092693393423	0	339	0.9474000000000014	0.9970501474926253	46.5046746134758
666	66600	339	1000	35.29221050453217	0.02755412211320443	0	339	0.9474000000000014	1.0	46.531608585516615
667	66700	339	1000	34.368304049664076	0.028273903057262875	0	339	0.9474000000000014	1.0	46.55881641705831
668	66800	339	1000	33.64475104327424	0.02886440138510203	0	339	0.9474000000000016	1.0	46.585632399717966
669	66900	339	1000	32.39440394922451	0.02994513696128486	0	339	0.9474000000000018	1.0	46.613652817408244
670	67000	339	1000	30.850771752095742	0.03139641349300119	0	339	0.9474000000000019	1.0	46.64154089689255
671	67100	339	1000	35.16448137987215	0.02765144035928479	0	339	0.9474000000000018	1.0	46.669497799873355
672	67200	339	1000	34.44227009162777	0.028214896997701668	0	339	0.9474000000000018	1.0	46.697321879863736
673	67300	339	1000	33.20906144400226	0.029232020926295423	0	339	0.9474000000000017	1.0	46.72544953028361
674	67400	339	1000	29.313516595125577	0.0329885843782572	0	339	0.9474000000000017	1.0	46.75394368171692
675	67500	338	1000	31.53321670809951	0.030737815106707193	0	338	0.9476000000000016	1.0	46.782787664731345
676	67600	339	1000	35.212475276055	0.02761479275793213	0	339	0.9476000000000012	0.9970501474926253	46.81235930124919
677	67700	339	1000	33.97635458571661	0.02859074399961547	0	339	0.9476000000000012	0.9970501474926253	46.842554398377736
678	67800	339	1000	33.278171185748796	0.029173084951969422	0	339	0.9476000000000011	0.9970501474926253	46.87222282886505
679	67900	339	1000	31.877774116959255	0.030415684359975347	0	339	0.9476000000000011	0.9970501474926253	46.9008194009463
680	68000	340	1000	30.751935724174206	0.03149414286697028	0	340	0.9476000000000014	0.9941176470588236	46.93020889759064
681	68100	339	1000	35.12979715996956	0.027677985447091352	0	339	0.9476000000000011	0.9941002949852508	46.95987282991409
682	68200	339	1000	34.65091866448645	0.02804976806940313	0	339	0.9476000000000012	0.9941002949852508	46.98974548578262
683	68300	339	1000	33.636697990720386	0.028871112375316862	0	339	0.9476000000000014	0.9941002949852508	47.01906308333079
684	68400	338	1000	29.516302705188885	0.03276936952883101	0	338	0.9476000000000014	0.9940828402366864	47.04840439955394
685	68500	338	1000	31.78709356657802	0.03049980621092209	0	338	0.9476000000000014	0.9940828402366864	47.07853468259176
686	68600	338	1000	35.20315584575857	0.02762190136850062	0	338	0.9476000000000014	0.9970414201183432	47.10741641918818
687	68700	337	1000	33.757657077285444	0.028770638877541384	0	337	0.9476500000000012	0.9970326409495549	47.13604728380839
688	68800	337	1000	33.11740660560932	0.029310551401512088	0	337	0.9476500000000013	0.9970326409495549	47.1659463485082
689	68900	337	1000	31.925188562511767	0.030371883766174945	0	337	0.9476500000000014	0.9970326409495549	47.19610841671626
690	69000	336	1000	30.552082935937168	0.031693628659330786	0	336	0.9477500000000014	0.9970238095238095	47.22601643006007
691	69100	336	1000	34.95986189390865	0.027808783107962743	0	336	0.9477500000000014	0.9970238095238095	47.255845999717714
692	69200	336	1000	34.28303824317825	0.028342230425503216	0	336	0.9477500000000012	0.9970238095238095	47.286057432492576
693	69300	336	1000	33.09745838773453	0.029327699109670827	0	336	0.9478000000000013	0.9940476190476191	47.317113399505615
694	69400	336	1000	29.107256558824837	0.03321458393414749	0	336	0.9478000000000013	0.9940476190476191	47.347524015108746
695	69500	337	1000	30.998570207978958	0.03125139634366058	0	337	0.9478000000000015	0.9910979228486647	47.378238479296364
696	69600	338	1000	34.31633929510119	0.028315505512733374	0	338	0.9478000000000015	0.9881656804733728	47.41051806608836
697	69700	338	1000	33.01312953736931	0.029400411358835032	0	338	0.9478000000000016	0.9881656804733728	47.44262864987056
698	69800	337	1000	32.40647689139555	0.029934314930933896	0	337	0.9478000000000018	0.9881305637982196	47.47612316608429
699	69900	337	1000	31.23233109685011	0.031024749559541615	0	337	0.9478000000000019	0.9881305637982196	47.507601483662924
700	70000	337	1000	29.77366304909636	0.03249531907867445	0	337	0.9478000000000018	0.9910979228486647	47.53851989507675
701	70100	337	1000	33.9210290117812	0.02863604046898598	0	337	0.9478000000000018	0.9910979228486647	47.56915281613668
702	70200	337	1000	33.28495445349939	0.029167313066035944	0	337	0.9478000000000019	0.9881305637982196	47.60020354986191
703	70300	337	1000	32.10121432471725	0.030210372048293188	0	337	0.9478000000000018	0.9910979228486647	47.630599133173625
704	70400	337	1000	28.156973290242334	0.03429711273682374	0	337	0.9478000000000019	0.9910979228486647	47.660747265815736
705	70500	336	1000	30.530088668595127	0.03171573700634812	0	336	0.9478000000000018	0.9910714285714286	47.69113158384959
706	70600	336	1000	34.13444492749982	0.028462097581547316	0	336	0.9478000000000019	0.9940476190476191	47.72093511422475
707	70700	336	1000	32.98809136584185	0.029422069901959936	0	336	0.9478000000000018	0.9940476190476191	47.75036586523056
708	70800	337	1000	32.259641967779416	0.030066469175126995	0	337	0.9478000000000016	0.9881305637982196	47.781171615918474
709	70900	336	1000	30.87829843079716	0.031369302918436655	0	336	0.9478500000000015	0.9880952380952381	47.81250636577606
710	71000	336	1000	29.27782094731225	0.03302747584577316	0	336	0.9478500000000013	0.9880952380952381	47.844310931364696
711	71100	336	1000	33.06341894113671	0.029357006169229517	0	336	0.9478500000000014	0.9851190476190477	47.87653558254242
712	71200	336	1000	32.52961380149379	0.029824381691967137	0	336	0.9478500000000015	0.9880952380952381	47.9082322994868
713	71300	336	1000	31.421481598667743	0.03084374774658947	0	336	0.9478500000000014	0.9880952380952381	47.93951041698456
714	71400	337	1000	27.378890988259794	0.03523745872993046	0	337	0.9478500000000015	0.9851632047477745	47.97111741304398
715	71500	338	1000	29.60285369994631	0.03267669119372859	0	338	0.9478500000000015	0.985207100591716	48.004328548908234
716	71600	338	1000	32.96790857158172	0.02943955168428066	0	338	0.9478500000000016	0.9822485207100592	48.0387137333552
717	71700	338	1000	31.78193528253593	0.03050460539871588	0	338	0.9478500000000016	0.9822485207100592	48.07357068459193
718	71800	338	1000	30.995830360990215	0.03125407244373988	0	338	0.9478500000000015	0.9881656804733728	48.10803121328354
719	71900	339	1000	29.857358000985897	0.032407181456301275	0	339	0.9478500000000014	0.9852507374631269	48.14229964812596
720	72000	339	1000	28.639349884372642	0.03373893165339805	0	339	0.9478500000000012	0.9852507374631269	48.17670074701309
721	72100	340	1000	32.519066481912915	0.029833766418871057	0	340	0.9478500000000013	0.9852941176470589	48.21236018339793
722	72200	338	1000	31.989389547160307	0.030312776735999924	0	338	0.9480000000000014	0.985207100591716	48.246808330217995
723	72300	339	1000	30.81353313047264	0.03143316386453627	0	339	0.9480000000000015	0.9823008849557522	48.283588433265685
724	72400	339	1000	26.625694487910142	0.03619818500626766	0	339	0.9480000000000014	0.9852507374631269	48.32160494724909
725	72500	339	1000	28.750562042075096	0.033612810359203896	0	339	0.9480000000000015	0.9882005899705014	48.357261045773825
726	72600	340	1000	31.826652356193335	0.030463051460418934	0	340	0.9480000000000016	0.9882352941176471	48.39283319711685
727	72700	340	1000	30.73468895497008	0.03151125890721505	0	340	0.9480000000000018	0.9882352941176471	48.42853569984436
728	72800	340	1000	30.24843823846115	0.032001599323744176	0	340	0.9480000000000015	0.9882352941176471	48.465032601356505
729	72900	339	1000	28.72035539991625	0.03364697314497181	0	339	0.9481000000000015	0.9911504424778761	48.499198818206786
730	73000	339	1000	27.565038199412648	0.03500782995699134	0	339	0.9481000000000014	0.9911504424778761	48.53137811422348
731	73100	339	1000	31.36228987307868	0.030900162007135135	0	339	0.9481000000000014	0.9941002949852508	48.56313239733378
732	73200	337	1000	30.87514875745961	0.031372402607720354	0	337	0.9481000000000014	0.9940652818991098	48.59454736709595
733	73300	336	1000	29.729080142639397	0.03254246451108079	0	336	0.9482500000000015	0.9970238095238095	48.62437318166097
734	73400	336	1000	26.040340318391845	0.03698178307762779	0	336	0.9482500000000015	0.9970238095238095	48.65345633029938
735	73500	335	1000	28.183708843368514	0.03426569273175957	0	335	0.9482500000000015	0.9970149253731343	48.68200689951579
736	73600	334	1000	31.426159172190783	0.030839298440797663	0	334	0.9482500000000016	1.0	48.71014962991079
737	73700	334	1000	30.35221860326649	0.031895669415108414	0	334	0.9482500000000015	1.0	48.736968199412026
738	73800	336	1000	29.7171602416518	0.03255509272774577	0	336	0.9482500000000017	0.9940476190476191	48.76543191274007
739	73900	336	1000	28.360349468685254	0.03405954009731955	0	336	0.9482500000000018	0.9940476190476191	48.79438724915187
740	74000	335	1000	27.413766752960658	0.035194207395814636	0	335	0.9484500000000018	0.9940298507462687	48.82384678522746
741	74100	335	1000	31.362825703138885	0.030899650394341484	0	335	0.9484500000000018	0.9940298507462687	48.85273824930191
742	74200	336	1000	30.729104981172657	0.031516804542497424	0	336	0.9484500000000018	0.9910714285714286	48.88322988351186
743	74300	336	1000	30.054346221146552	0.03220161174473694	0	336	0.9484500000000019	0.9910714285714286	48.91345758040746
744	74400	336	1000	26.26670919307642	0.03667475942619143	0	336	0.9484500000000021	0.9910714285714286	48.943989551067354
745	74500	336	1000	28.01021637331887	0.034470615011328046	0	336	0.9484500000000021	0.9880952380952381	48.97562173207601
746	74600	336	1000	31.043207370275244	0.031207862198203234	0	336	0.9484500000000023	0.9880952380952381	49.00743681589763
747	74700	336	1000	29.857109752094566	0.03240744217569244	0	336	0.9484500000000022	0.9880952380952381	49.03903413216273
748	74800	336	1000	29.490122710068743	0.03279750657316215	0	336	0.9484500000000021	0.9910714285714286	49.07087046702703
749	74900	336	1000	28.276964723720273	0.03415654626211294	0	336	0.9484500000000019	0.9940476190476191	49.10073781808217
750	75000	336	1000	27.233253319541227	0.0354192267069649	0	336	0.9484500000000019	0.9940476190476191	49.1309232989947
