InstanceID	Endpoint Predictions	Best Endpoint Predictions	True Endpoint
0	-127.7303342127121	-127.71952428440399	-127.7195242843978
1	97.64056524943958	97.6520496396165	97.65204963962731
2	-108.03925959048627	-108.02811489441578	-108.02811489440715
3	-165.28243885487356	-165.27195147114313	-165.27195147113943
4	70.20493231854587	70.21614580366055	70.21614580368157
5	-113.52063121173352	-113.50968528999243	-113.50968528998462
6	-142.33970099667428	-142.32862689422487	-142.3286268942199
7	-14.274136733280573	-14.265375482414628	-14.26537548195418
8	-84.09648326759307	-84.08565910590303	-84.08565910588885
9	12.201220766071614	12.216629737312303	12.216629738070708
10	-15.309224418993459	-15.302123654270925	-15.302123653868591
11	-126.17332969042033	-126.16262656925507	-126.16262656924873
12	-69.61344582696881	-69.60316055164041	-69.60316055161977
13	162.36290368994287	162.37395203200916	162.37395203201305
14	105.32338279589547	105.33444336509869	105.33444336510797
15	49.358231077581664	49.36980346696501	49.36980346700784
16	-144.42857791831872	-144.41759583093895	-144.41759583093412
17	77.95960849655405	77.97039471340723	77.97039471342424
18	128.12780150677597	128.138918851244	128.13891885125025
19	-197.93541367080226	-197.92463730967955	-197.92463730967697
20	-194.19954990146798	-194.18863996420876	-194.1886399642061
21	-165.90022999706736	-165.88971128076312	-165.88971128075946
22	-135.02440839716678	-135.01391206171976	-135.01391206171422
23	-143.74528785978836	-143.7344229424533	-143.73442294244842
24	-117.62214169681813	-117.61155981777817	-117.6115598177709
25	180.07713922495023	180.08786880679392	180.08786880679708
26	-24.41928985342956	-24.40969516089521	-24.409695160732582
27	-93.65592167990437	-93.64557033341177	-93.64557033340031
28	-50.0950705745062	-50.08399530529475	-50.083995305255144
29	159.4430075404956	159.45380615350092	159.45380615350496
30	-71.7306905848082	-71.72054693688379	-71.72054693686434
31	37.611764581230695	37.62313495648969	37.62313495656403
32	134.95579459581884	134.96718190529185	134.96718190529748
33	124.79433900518912	124.80505462290353	124.80505462291012
34	-144.32947987510116	-144.31877543371303	-144.3187754337082
35	-56.55416888050299	-56.54417105567598	-56.544171055644824
36	-132.97983352338247	-132.9689952904715	-132.96899529046578
37	186.3097141325801	186.3206991377108	186.32069913771375
38	-51.29284729245448	-51.28207376983189	-51.282073769794096
39	122.5508467602693	122.56183604564907	122.56183604565592
40	-145.6611032432599	-145.6501988203645	-145.65019882035975
41	-133.72184208606018	-133.71089537531367	-133.71089537530804
42	-60.881778757885854	-60.87081834150284	-60.87081834147591
43	-112.56501086724609	-112.55473769308159	-112.55473769307365
44	32.6224185780737	32.63442373366091	32.63442373376023
45	163.33067548521	163.34179576913962	163.34179576914346
46	-178.14087761087825	-178.13034579390612	-178.13034579390293
47	115.947307024925	115.95795859490491	115.95795859491255
48	-50.56706035406225	-50.555664123983235	-50.555664123944354
49	183.5772967210907	183.58809252549233	183.58809252549537
50	123.47223586402453	123.4829358317854	123.48293583179213
51	71.55251038559247	71.56412862460805	71.56412862462827
52	134.4547995484617	134.46559668254355	134.46559668254923
53	175.85990242073365	175.87074270453027	175.8707427045336
54	50.70245192212373	50.71345099680482	50.71345099684538
55	-170.67642902455913	-170.66563582973674	-170.66563582973328
56	-33.41230654757603	-33.40259113376677	-33.40259113367878
57	118.26721320709393	118.27788394957831	118.27788394958566
58	129.6616187543525	129.67256271200662	129.67256271201273
59	92.39487608574609	92.40637441886147	92.40637441887355
60	-135.5831451626714	-135.57242827289738	-135.5724282728919
61	-97.19864027682324	-97.18791239554204	-97.1879123955314
62	136.49086668781464	136.50183193083183	136.50183193083734
63	-108.13438571681496	-108.1236944534918	-108.12369445348318
64	130.37512096506677	130.38611537811593	130.38611537812199
65	-141.60111724554662	-141.59035543479766	-141.59035543479263
66	-167.41775908434334	-167.40688183247443	-167.40688183247082
67	-47.6019531568074	-47.59181151027915	-47.591811510235345
68	128.94306261585993	128.95436876302776	128.95436876303393
69	-186.8025597571716	-186.7915874442157	-186.7915874442128
70	163.8483832004306	163.85951470782703	163.85951470783084
71	39.4105688622493	39.421898734145095	39.421898734212704
72	48.15470892441967	48.166292190776	48.166292190821025
73	-112.37366652869812	-112.36300799702373	-112.36300799701576
74	-66.89058145867872	-66.88000762433518	-66.88000762431284
75	-66.88734333987888	-66.87673334231768	-66.87673334229532
76	-77.51506623219696	-77.50413126194829	-77.5041312619316
77	-100.2586810385897	-100.24846116811031	-100.2484611681003
78	-51.94662228812014	-51.936785352460106	-51.93678535242324
79	-158.25417137897745	-158.24347431241495	-158.2434743124109
80	145.81520356696947	145.8260993365859	145.82609933659074
81	184.3821562485538	184.3933369428995	184.39333694290252
82	-52.44673904835775	-52.43669781386917	-52.43669781383301
83	-154.95259070296333	-154.9416345118447	-154.9416345118405
84	114.04046860197084	114.05179474305878	114.0517947430667
85	-95.8194509978814	-95.8090049455191	-95.80900494550816
86	18.809509915218833	18.82377693433602	18.823776934643377
87	39.90917771564437	39.920693530255484	39.92069353032139
88	-148.8125320542138	-148.80166262688175	-148.8016626268772
89	160.97440946592184	160.98520694244618	160.98520694245013
90	-186.60246336343025	-186.591777307047	-186.5917773070441
91	19.801759965458807	19.816105525259243	19.81610552553562
92	125.0369008435249	125.04811145243856	125.04811145244514
93	100.69557842600722	100.70700199536272	100.70700199537288
94	-91.97339602830236	-91.96314358025187	-91.96314358023999
95	103.23875694310009	103.25014204090724	103.2501420409169
96	179.1421900533065	179.15333036851632	179.1533303685195
97	49.31196346590528	49.32326369059499	49.3232636906379
98	-152.60021050635189	-152.58958434878477	-152.58958434878042
99	74.76840156618562	74.77897365858038	74.77897365859889
100	132.37698766293653	132.387746794949	132.38774679495486
101	-49.04608099942435	-49.036223123182225	-49.03622312314093
102	14.89226975928953	14.902973212336796	14.902973212836343
103	77.38076588467484	77.39193255642205	77.39193255643931
104	77.02375521526663	77.03515978989454	77.03515978991197
105	-184.30848226085936	-184.2976863653036	-184.29768636530062
106	98.26246769185744	98.27364449892112	98.27364449893179
107	-186.82657431955786	-186.81553261840054	-186.81553261839764
108	55.8458289448715	55.857939938581445	55.857939938614805
109	15.579636346400267	15.593882830606319	15.593882831060768
110	-88.32416580359144	-88.31331980284705	-88.31331980283417
111	53.15842494883695	53.17033185024594	53.17033185028279
112	-31.49923798825499	-31.48742372292117	-31.48742372282237
113	10.281351334761762	10.301312491716585	10.30131249280592
114	-122.04335515731819	-122.03226063718137	-122.0322606371746
115	22.769424049131267	22.779797041002677	22.77979704121003
116	-13.49876486953716	-13.48809292127794	-13.48809292076524
117	26.86277875253691	26.87449174616394	26.874491746311634
118	80.40247497206546	80.41375909701627	80.41375909703225
119	189.17694318557741	189.18802786056048	189.18802786056335
120	3.799958179272113	3.7866428613200944	3.786642871837131
121	26.958628834939077	26.970456763897722	26.970456764044343
122	164.1908905529424	164.2016079482566	164.2016079482604
123	192.65865859189032	192.66963840021108	192.66963840021384
124	-2.3734319154962007	-2.3467341205360874	-2.3467341084121642
125	-62.262594710109546	-62.25225181850451	-62.252251818478754
126	81.90065949321989	81.91139942309451	81.91139942310991
127	-42.18498800011598	-42.1753477888907	-42.1753477888351
128	7.843199506242028	7.479935734057632	7.479935736235177
129	77.31976936905082	77.33124213132957	77.33124213134687
130	-126.76124149212173	-126.75082689971664	-126.75082689971036
131	-144.80017628000843	-144.78952822012153	-144.78952822011672
132	-76.15105665747474	-76.13998069113381	-76.13998069111653
133	63.311485172148046	63.322281321315394	63.32228132134128
134	54.65252948477805	54.66458135649333	54.664581356528174
135	155.19406529637965	155.20481493682138	155.20481493682564
136	-178.54538090877992	-178.53478916783544	-178.53478916783226
137	-115.57006517345044	-115.55961045926976	-115.55961045926222
138	171.25791539760263	171.26918390241613	171.26918390241963
139	135.9563551155403	135.96737913362458	135.96737913363012
140	129.32634129863823	129.33739849036192	129.33739849036806
141	105.79539540895529	105.80679903523425	105.80679903524344
142	-126.41216493476493	-126.4013888530466	-126.40138885304029
143	163.28193499875556	163.29286401615084	163.29286401615468
144	-11.956846727858109	-11.946555875657488	-11.946555875010915
145	53.41048388317748	53.42123444610279	53.421234446139295
146	-16.237457648498008	-16.22703243034217	-16.22703242998287
147	180.98654834913077	180.9973249420783	180.99732494208143
148	6.1804239699876	6.190258413881488	6.1902584171969295
149	140.63797372251943	140.64932920845214	140.64932920845735
150	-150.34261149965465	-150.3318734171554	-150.33187341715094
151	14.820795269357754	14.832737280753673	14.832737281258176
152	144.25318635940158	144.26453026424548	144.26453026425042
153	4.3270684880546675	4.3377767509719	4.337776758524171
154	-154.10801321061584	-154.09698980298012	-154.09698980297586
155	19.56621575196542	19.578790391758183	19.578790392041526
156	104.28146850112448	104.29235240294278	104.29235240295225
157	-63.10657440794261	-63.09548303541718	-63.09548303539211
158	186.0213222676243	186.03223939844406	186.03223939844702
159	46.015253389555205	46.026602309939136	46.026602309988505
160	-7.152555724763189	-7.150187029468615	-7.150187027770073
161	-31.408381109676345	-31.398480228957812	-31.39848022885846
162	151.935300767527	151.94640476929834	151.94640476930277
163	84.38475503116149	84.39571820887181	84.39571820888631
164	165.29800108105098	165.3091933824909	165.30919338249464
165	-22.66109340596326	-22.652049128196374	-22.65204912800823
166	11.643229225352995	11.655902662725282	11.655902663562927
167	150.52435664254588	150.5350886763225	150.535088676327
168	-188.97130513933536	-188.96041984465595	-188.9604198446531
169	-23.352851077507335	-23.342900939154966	-23.34290093897752
170	11.697562230462594	11.714021707867028	11.714021708695896
171	113.90568897923964	113.91641743078256	113.91641743079049
172	-12.923380676661216	-12.912614733672672	-12.912614733115333
173	-81.50635978434902	-81.49607747513463	-81.49607747511953
174	25.925311579710527	25.93790528971163	25.937905289870457
175	-39.19990427969987	-39.1889456846169	-39.188945684552635
176	168.47505125563148	168.48622753109956	168.48622753110317
177	46.303971842201044	46.314805940980506	46.31480594102925
178	-111.15664972882345	-111.14589558094369	-111.14589558093554
179	-116.86809172893005	-116.8574416447489	-116.85744164474153
180	-189.06681588804716	-189.05614327812702	-189.05614327812418
181	-124.00359846177255	-123.99291323658919	-123.99291323658264
182	-186.68066043178968	-186.669846636089	-186.6698466360861
183	-179.22715390531022	-179.2164802995209	-179.21648029951774
184	102.39700506536639	102.40811365127338	102.4081136512832
185	-105.9187260860995	-105.90774576844301	-105.90774576843404
186	-25.512925768461358	-25.50238186025058	-25.50238186010128
187	24.75347172554324	24.764563936601608	24.764563936776256
188	111.25155020039627	111.26237397258977	111.26237397259808
189	190.51482978121257	190.52572151283087	190.52572151283368
190	121.99138730916948	122.00284657131871	122.00284657132562
191	157.66140611061707	157.6721309791183	157.67213097912241
192	-184.15641709790765	-184.14590072404687	-184.14590072404388
193	-121.61591690430099	-121.60533957214341	-121.6053395721366
194	-127.76061853401447	-127.74971288437396	-127.74971288436778
195	-149.90248670593775	-149.8920323591824	-149.8920323591779
196	174.2066075903271	174.21777215067007	174.21777215067345
197	42.37512985043862	42.38671828272524	42.38671828278359
198	-96.08151292757343	-96.07033877260368	-96.07033877259279
199	-35.19027624414606	-35.180416395876755	-35.180416395797295
200	151.91873267386194	151.9295790134076	151.92957901341202
201	91.16556880959718	91.17636341535062	91.17636341536303
202	7.229767652661979	7.21543145551094	7.215431457868078
203	-61.38236896687591	-61.371207197515936	-61.37120719748944
204	-19.710013230201266	-19.6997191801227	-19.699719179875842
205	6.882989903913556	6.879936744262176	6.8799367468810715
206	167.97395527796678	167.984979426606	167.98497942660964
207	-59.036432052089765	-59.02542933356341	-59.02542933353479
208	3.8501284266965388	3.8497389533815807	3.849738963477023
209	133.66910810506562	133.6803251203118	133.68032512031755
210	171.90253681463065	171.91373601357753	171.913736013581
211	-133.99370339479594	-133.98330563133527	-133.98330563132964
212	83.52486170520707	83.53632818961879	83.5363281896336
213	151.01699218907962	151.02822931615236	151.02822931615685
214	157.30239207279655	157.3132831795525	157.31328317955666
215	66.8903198616626	66.90188698077739	66.90188698080055
216	189.92245511498592	189.9334980036586	189.93349800366144
217	-10.211083721031727	-10.197570029647057	-10.197570028773669
218	156.44658081867556	156.45758601094278	156.45758601094695
219	-81.42278507076287	-81.41204936811847	-81.41204936810334
220	193.19821314199044	193.20920397539052	193.20920397539328
221	138.9396823951863	138.95103486619254	138.95103486619786
222	-145.7557394176175	-145.74499584484127	-145.74499584483652
223	95.70346106883436	95.71484553636168	95.71484553637293
224	30.776922260768423	30.789021961699316	30.78902196181116
225	33.768196617238466	33.77944916548426	33.779449165576835
226	-49.38342152521086	-49.372200860105565	-49.37220086006482
227	-97.57056168892659	-97.56014433265169	-97.56014433264113
228	-121.14525470997073	-121.1342242072859	-121.13422420727903
229	69.67072665725351	69.68174766316352	69.68174766318486
230	43.44469883792695	43.45612064843136	43.45612064848683
231	-67.088576999172	-67.07723960679137	-67.07723960676915
232	-42.34869960500204	-42.33805797141905	-42.33805797136387
233	-75.02170491732878	-75.01155886064461	-75.01155886062682
234	104.8202983216231	104.83103787887853	104.83103787888791
235	-96.9046857157063	-96.89413559521971	-96.89413559520901
236	-169.50435176041208	-169.49386969537238	-169.49386969536886
237	-139.33121722002014	-139.3207528656737	-139.3207528656685
238	-85.46840002329907	-85.4571490271472	-85.45714902713345
239	-6.66586249521844	-6.6583479136642625	-6.658347911726537
240	1.7025439379455671	1.7436189365479717	1.7436190503749742
241	-76.03041519549559	-76.01929925201831	-76.01929925200098
242	14.08349603206158	14.09668237173102	14.096682372292236
243	-142.29183645206308	-142.2809458592238	-142.28094585921883
244	142.13313217944705	142.14440138055025	142.14440138055534
245	-13.795265363637046	-13.787584964020233	-13.787584963528673
246	39.97067161665128	39.9821689338812	39.982168933946895
247	121.74544383348598	121.7563201862502	121.75632018625714
248	83.66597901637108	83.67697322502116	83.67697322503591
249	168.02962398989425	168.04082117323628	168.04082117323992
250	140.15934278728506	140.17039720780468	140.1703972078099
251	131.00428840124889	131.01524434282268	131.01524434282868
252	3.617106260067674	3.6338840144642153	3.6338840261200005
253	47.31894530792901	47.3293865980216	47.329386598068254
254	93.06020876230814	93.07089370461043	93.07089370462234
255	32.33680184516562	32.346932372331906	32.34693237243303
256	-115.28121154398782	-115.27067145813426	-115.27067145812669
257	-8.236244198610292	-8.232346150265542	-8.232346148958982
258	147.35347405525587	147.3641711723734	147.36417117237812
259	10.988504769910033	11.001190381722825	11.00119038266979
260	-62.417121292828234	-62.406794546270554	-62.406794546244925
261	-197.89156036003897	-197.88055338280606	-197.88055338280347
262	-181.74086134666518	-181.7301117303457	-181.73011173034263
263	-115.1405135484344	-115.1294808375229	-115.1294808375153
264	3.4869957439077037	3.5084882347874746	3.5084882475244683
265	93.87730731479533	93.88845794227207	93.88845794228376
266	104.5225663544219	104.53396676860179	104.53396676861121
267	79.23528715786398	79.24663729304616	79.24663729306263
268	-83.44880941073727	-83.43841078293363	-83.43841078291922
269	79.36755755765579	79.37845977580663	79.37845977582305
270	-20.729323233039878	-20.718113029315855	-20.718113029092024
271	44.18123281365465	44.19296875919141	44.19296875924502
272	-134.07740723338182	-134.06649836300116	-134.06649836299556
273	-88.23244788312054	-88.22202801166739	-88.22202801165449
274	-99.01499250660281	-99.00463245277255	-99.0046324527623
275	120.98960338180466	121.00036013545096	121.00036013545798
276	33.44656894484136	33.45758383653161	33.457583836626014
277	-178.05172779691796	-178.04079358677973	-178.04079358677654
278	-162.57173334686468	-162.56098974507145	-162.56098974506762
279	-15.16142233667215	-15.152657763428833	-15.152657763018823
280	44.36171763743531	44.37261557788228	44.37261557793545
281	-69.37703619457189	-69.36663589838365	-69.36663589836286
282	-181.04811271879578	-181.03732143968946	-181.03732143968637
283	140.11468324045467	140.12550790929595	140.12550790930118
284	32.361591234396144	32.37224025450767	32.37224025460864
285	-38.388864165218806	-38.37875307834519	-38.37875307827824
286	4.856796862427597	4.862708564424547	4.862708570187834
287	-105.5491149375764	-105.53817265020975	-105.5381726502007
288	-163.91027766940448	-163.8995372256935	-163.89953722568976
289	-191.66698386735874	-191.6561192221808	-191.65611922217803
290	13.168218973310255	13.180688389397913	13.18068839004414
291	25.746264322476012	25.756810292059864	25.75681029222099
292	-104.7484574218432	-104.73790515295704	-104.73790515294787
293	193.44675588186058	193.45777179896385	193.45777179896658
294	95.60100128521779	95.61164604713807	95.61164604714935
295	71.23892536690424	71.24964057063124	71.24964057065165
296	-160.99515632147336	-160.9842929457091	-160.9842929457052
297	-79.2808634675007	-79.270272076494	-79.27027207647805
298	-95.30454325044467	-95.29365609522704	-95.29365609521597
299	-193.73918108703384	-193.728454038831	-193.7284540388283
300	97.57080251279515	97.58207301843274	97.58207301844357
301	-45.8401422936446	-45.83011946073897	-45.830119460691776
302	95.19238002772789	95.20377738468731	95.2037773846987
303	-126.04192399851428	-126.03104011628407	-126.03104011627772
304	-41.79278140796976	-41.78160962073701	-41.78160962068037
305	122.16754968428359	122.1789328721565	122.17893287216339
306	-84.91508585623963	-84.9042362986702	-84.90423629865629
307	-33.487270412384234	-33.477325848593615	-33.47732584850601
308	-122.56695884271524	-122.55633573282338	-122.55633573281668
309	-94.22857412004615	-94.21826695837326	-94.21826695836195
310	72.94676125398196	72.95816094661454	72.958160946634
311	152.43886999971386	152.44988734940253	152.44988734940694
312	-170.90085504981508	-170.8898359849838	-170.88983598498032
313	198.55086240453033	198.56210280603037	198.56210280603295
314	-111.90048178860303	-111.88949297364506	-111.88949297363702
315	-65.68484363309221	-65.67382079666388	-65.67382079664071
316	23.125586414966385	23.138699633571726	23.138699633772518
317	-189.59647599215089	-189.58559299052334	-189.58559299052052
318	-94.70262229931775	-94.69159666974606	-94.69159666973485
319	-6.922139021916656	-6.906652498563062	-6.906652496752002
320	-183.57057317945882	-183.55993977297032	-183.5599397729673
321	-83.3082429051142	-83.297513094684	-83.29751309466955
322	23.738601986632645	23.752279777625752	23.752279777816028
323	-87.03007057804723	-87.01931602047213	-87.01931602045887
324	125.14217705555252	125.15361963102012	125.15361963102669
325	166.8613320937758	166.87228953462682	166.8722895346305
326	178.64200334628038	178.653093786756	178.6530937867592
327	-134.41831156703336	-134.40772007012504	-134.40772007011947
328	-66.19194908733915	-66.18084760478608	-66.18084760476327
329	188.3382071770849	188.3491557100083	188.3491557100112
330	-147.75044466095727	-147.73939254202978	-147.73939254202514
331	51.11912621597843	51.13112862877942	51.13112862881931
332	198.41729742845766	198.42852028949574	198.42852028949835
333	13.706433648293547	13.722378627686185	13.722378628279984
334	192.6056675042913	192.61684112434577	192.61684112434853
335	166.06283287578447	166.07357585970314	166.07357585970686
336	-32.282695464195946	-32.27260018929082	-32.27260018919668
337	-20.798730862196802	-20.790894534875772	-20.79089453465346
338	180.9694488100301	180.98049664474235	180.98049664474547
339	-16.32511971305661	-16.31487103800614	-16.314871037650562
340	-184.5533340604338	-184.54243027818296	-184.54243027818
341	56.62249156298495	56.633728359301145	56.63372835933359
342	46.875726948300446	46.887677030621575	46.887677030669124
343	185.55154012476947	185.5627964413387	185.56279644134167
344	-19.69213458523698	-19.68171754258117	-19.68171754233387
345	69.73345797854927	69.74444539236141	69.74444539238272
346	56.912403658036574	56.92432281105313	56.92432281108523
347	-34.904564108528575	-34.89378996556704	-34.89378996548629
348	-106.03194451156503	-106.02087140325168	-106.02087140324272
349	17.264649389251446	17.278650788686505	17.278650789053586
350	90.43347903739591	90.44414439821628	90.4441443982289
351	-114.70776679466883	-114.69665864340197	-114.69665864339431
352	-177.81593069941582	-177.80503801862767	-177.80503801862446
353	-121.08925402244537	-121.07824648446703	-121.07824648446015
354	-110.9703450999155	-110.95977045348265	-110.95977045347448
355	-2.285527472501027	-2.299998073568838	-2.299998061034813
356	-59.9596202777259	-59.94860809231129	-59.948608092283536
357	92.5255246227801	92.5363730279085	92.53637302792055
358	42.34802424687111	42.358371311398464	42.35837131145689
359	-55.1668601587201	-55.15665760037818	-55.156657600345454
360	66.33426999151781	66.344919608455	66.34491960847856
361	-74.23243145281268	-74.22173931169783	-74.22173931167966
362	174.10687113324371	174.1179752006049	174.11797520060827
363	10.138698591655919	10.15388774324184	10.15388774436525
364	-99.6486414053646	-99.63749826615107	-99.63749826614094
365	-135.14006914753307	-135.12953622444869	-135.12953622444317
366	19.49354551052792	19.506497449416607	19.506497449702124
367	4.682761024358601	4.693504269547169	4.69350427581
368	-74.62824587355763	-74.61796531967107	-74.61796531965308
369	164.2396611179594	164.25074124150984	164.25074124151365
370	51.87025109092264	51.88133171750548	51.881331717544214
371	124.86006978578973	124.87134314032517	124.87134314033176
372	-180.67222352758827	-180.66119855300332	-180.66119855300022
373	24.648567963523988	24.661231182051555	24.66123118222771
374	-68.27709695208056	-68.26709833411601	-68.26709833409456
375	-173.45027915308475	-173.43960253749665	-173.4396025374933
376	-5.018825138139287	-5.000358696871428	-5.000358693604653
377	-117.20640304769384	-117.19527977291864	-117.1952797729113
378	-128.6121066440091	-128.601560254859	-128.60156025485293
379	-159.35485024864155	-159.34414173535436	-159.34414173535038
380	20.907314120943926	20.920134364168224	20.920134364415333
381	-183.1728160019773	-183.16223492138096	-183.16223492137794
382	159.24275256456488	159.25358112939068	159.25358112939472
383	-192.35754207146792	-192.3467322436412	-192.34673224363848
384	81.55173254337211	81.56246360925	81.56246360926554
385	40.14020678016144	40.15182126573081	40.151821265795945
386	-122.3544932207201	-122.34407983226674	-122.34407983226001
387	143.72873266588869	143.73996806466366	143.73996806466863
388	-97.30004624449192	-97.28943126891738	-97.28943126890677
389	103.44111948123934	103.45241659414829	103.45241659415791
390	132.16308788714332	132.1739599023658	132.17395990237168
391	139.57637920658453	139.58720420104427	139.58720420104953
392	179.9350512583071	179.9461374144697	179.94613741447284
393	-49.64142691615362	-49.63155590395774	-49.631555903917416
394	-183.45731326799935	-183.44678542332534	-183.44678542332232
395	165.46796079449146	165.47883785374978	165.47883785375353
396	-159.77553667014718	-159.7646423532408	-159.76464235323684
397	-198.1228117022932	-198.1121563939434	-198.1121563939408
398	-34.80438174482211	-34.792583287373	-34.79258328729179
399	118.80295676029365	118.81364310165564	118.81364310166293
400	95.17616960326048	95.18756804257946	95.18756804259084
401	185.06939278705377	185.08061828413904	185.08061828414202
402	35.87003975086885	35.88159355671577	35.88159355679764
403	183.2171876090191	183.2284113651776	183.22841136518065
404	-168.66503033156926	-168.65410657712258	-168.65410657711902
405	118.20581762728109	118.21680400550017	118.21680400550753
406	-196.44672495727448	-196.435774490272	-196.43577449026938
407	47.51744767825864	47.52883491539744	47.528834915443696
408	71.77081133356675	71.78136748328095	71.78136748330104
409	-197.5736408481328	-197.56300035838896	-197.56300035838638
410	45.966122167570894	45.97817962242102	45.97817962247049
411	127.38254441724794	127.39382447264617	127.39382447265251
412	185.4118099400512	185.42266904318595	185.42266904318893
413	-69.93658153782587	-69.9253036631255	-69.92530366310504
414	-86.12384407651045	-86.1132934058367	-86.11329340582317
415	-39.02060242242629	-39.01110127407893	-39.011101274014095
416	-82.62756704571242	-82.61716241040328	-82.61716241038859
417	93.49908247683828	93.51068047498703	93.51068047499882
418	159.34486552999587	159.35608372083198	159.356083720836
419	196.31927219348037	196.33006114849897	196.3300611485016
420	94.04750440083264	94.05824619336187	94.05824619337352
421	-21.810116553362963	-21.800128146374984	-21.800128146172256
422	-192.45590950823396	-192.44529750674715	-192.44529750674442
423	97.31359667427107	97.3248448228488	97.32484482285969
424	-91.1655417888207	-91.15511395472706	-91.15511395471496
425	-53.172775095260306	-53.16215707858045	-53.16215707854525
426	124.1099085805411	124.12113039205863	124.12113039206531
427	-55.32121761979345	-55.31152970548783	-55.311529705455285
428	2.4391938020922197	2.451959658692266	2.4519596926853353
429	-105.01988944678169	-105.00955441252768	-105.00955441251855
430	-188.9221476532412	-188.91161863496322	-188.91161863496038
431	31.167429658159673	31.180257442734444	31.18025744284344
432	-122.37539163930053	-122.36468021038472	-122.36468021037798
433	42.526454549532346	42.53786722954455	42.53786722960248
434	38.48491840471743	38.49610802254652	38.49610802261748
435	134.1363802043681	134.14763196059417	134.14763196059988
436	143.44159966816218	143.45282675877206	143.45282675877706
437	-41.542917491004694	-41.53360800534822	-41.533608005290915
438	-159.42674152802135	-159.41571632767352	-159.41571632766954
439	10.459118652328126	10.47077645114127	10.47077645219332
440	-171.05555107473518	-171.04470634971926	-171.0447063497158
441	193.0250394763535	193.0360937388256	193.03609373882836
442	76.62664976116233	76.63735878531624	76.63735878533384
443	-184.88712466473453	-184.8761769819194	-184.87617698191644
444	-20.335722139998527	-20.3265031687053	-20.32650316847301
445	93.57609631213623	93.58729123561777	93.58729123562955
446	-156.69226148488139	-156.68124238599134	-156.68124238598722
447	176.0281173288543	176.0394022448629	176.0394022448662
448	105.27869270660128	105.29002367372462	105.29002367373391
449	101.84157908895511	101.8523952340774	101.85239523408734
450	30.504759526412023	30.517285790061322	30.517285790175208
451	-98.24577858620552	-98.23486533706614	-98.23486533705572
452	-63.232125306725735	-63.22113124752627	-63.22113124750129
453	114.80838308434915	114.81986543263547	114.81986543264327
454	144.282730403133	144.29406193454096	144.29406193454588
455	198.36639718894332	198.37749637167536	198.37749637167798
456	47.63058415175811	47.642222439112096	47.64222243915813
457	149.6908112145267	149.7021270865683	149.7021270865729
458	100.69231943965141	100.7036807343613	100.70368073437146
459	-44.2991142519238	-44.28759333779807	-44.28759333774758
460	-55.80313064082937	-55.79298570059213	-55.79298570056014
461	-87.24875838145975	-87.23832345727445	-87.23832345726126
462	94.2920104768752	94.3031525113293	94.3031525113409
463	-89.06528233257163	-89.05472797957614	-89.05472797956348
464	125.21851082305568	125.22937807125054	125.22937807125709
465	136.2955244136378	136.30672674925583	136.30672674926137
466	162.53758700267122	162.54841593342232	162.5484159334262
467	124.17555618755324	124.18661458454595	124.18661458455261
468	-70.65289823658604	-70.64177400873145	-70.6417740087114
469	-61.494173580197916	-61.48315552184885	-61.483155521822454
470	-144.94594967687672	-144.9348790329361	-144.9348790329313
471	32.635380679115194	32.64799871111792	32.647998711217156
472	194.9814040333595	194.99234078220118	194.99234078220388
473	-5.697553251459868	-5.6830243140933225	-5.683024311502777
474	-41.90254088726519	-41.89103705888995	-41.891037058833604
475	47.23278157934318	47.2448650871037	47.244865087150515
476	139.9875171751792	139.9987406540148	139.99874065402003
477	-156.589499598273	-156.57901786620354	-156.57901786619942
478	-175.21526269511844	-175.20453385254893	-175.20453385254564
479	53.32161257188903	53.33377658115436	53.33377658119099
480	-71.71752765231247	-71.70626426237435	-71.70626426235489
481	150.6481675182983	150.6590427717567	150.65904277176122
482	57.44290591716034	57.454134691133596	57.45413469116511
483	-44.88304874550801	-44.87159936512993	-44.871599365080726
484	-156.6022673907787	-156.59143687059023	-156.5914368705861
485	163.36527881733417	163.37658889521705	163.3765888952209
486	-11.256574642483471	-11.24710506948098	-11.247105068755701
487	-22.117296521535195	-22.105745665282715	-22.105745665085408
488	-50.700411832339555	-50.68974286816026	-50.689742868121584
489	-43.80025465844958	-43.78980413021735	-43.78980413016572
490	-43.918827705615726	-43.90794427811048	-43.90794427805912
491	-188.92996886396162	-188.91942715991	-188.91942715990714
492	76.99626345365728	77.00679691043861	77.00679691045605
493	126.54541060826517	126.55625067036243	126.55625067036885
494	68.81608771140907	68.82789286676372	68.82789286678559
495	-28.215819492230118	-28.207083212854396	-28.207083212731817
496	53.074393344482125	53.086068148525555	53.08606814856253
497	138.8285845478174	138.8394954742192	138.83949547422452
498	-135.22652074337188	-135.2157913419895	-135.215791341984
499	167.70386842657197	167.714705834617	167.71470583462064
