InstanceID	Endpoint Predictions	Best Endpoint Predictions	True Endpoint
0	-61.78610450809556	-62.290306793493414	-62.290306793493414
1	127.733046933073	128.77395396321333	128.77395396321333
2	-78.09989772821747	-78.54739301144198	-78.54739301144198
3	71.06990046532597	71.48923420545555	71.48923420545555
4	64.82033313354877	65.32291019999195	65.32291019999195
5	-111.28994969338511	-112.22975271610017	-112.22975271610017
6	101.03730905213631	101.8130490704504	101.8130490704504
7	26.629106963933463	26.764887770721202	26.764887770721202
8	175.75926329397186	177.17285524066835	177.17285524066835
9	-152.24484939650347	-153.31918403870634	-153.31918403870634
10	45.433366404428426	45.8663679678092	45.8663679678092
11	-86.44891949892526	-86.9979933750435	-86.9979933750435
12	-189.29395612578207	-190.81514083954426	-190.81514083954426
13	-191.66999269238002	-193.23522720379756	-193.23522720379756
14	10.626693943045822	10.566559300696497	10.566559300696497
15	191.42157793426284	192.87214540932342	192.87214540932342
16	62.807134528139564	63.315786611119734	63.315786611119734
17	196.3811297574995	197.42762589952355	197.42762589952355
18	155.90680786127743	156.93781663100526	156.93781663100526
19	-2.434361644373315	-2.461555996425915	-2.461555996425915
20	8.713424822436735	8.644313672828929	8.644313672828929
21	81.11098686170605	81.54234326707046	81.54234326707046
22	127.44497956661581	128.437903614559	128.437903614559
23	10.942819967916842	10.888109124732779	10.888109124732779
24	47.31781694120782	47.67157976345703	47.67157976345703
25	-88.44189532622286	-89.05073325576431	-89.05073325576431
26	-12.14553994014266	-12.112164018017864	-12.112164018017864
27	46.46808159340172	46.95689544152347	46.95689544152347
28	-28.464607515801863	-28.7911579750172	-28.7911579750172
29	-39.78691514768731	-40.20082675156047	-40.20082675156047
30	-0.32664219465931205	-0.2909492841488657	-0.2909492841488657
31	65.02277997956624	65.52546277469833	65.52546277469833
32	81.12223239578732	81.5534143212272	81.5534143212272
33	-163.59018046444328	-164.80093998834397	-164.80093998834397
34	80.54621303930533	80.9862220290189	80.9862220290189
35	54.92590443005865	55.43947526131694	55.43947526131694
36	83.47010384216263	83.90746045585968	83.90746045585968
37	-97.64647539994318	-98.33140137594056	-98.33140137594056
38	-175.7840362363107	-177.18919888517334	-177.18919888517334
39	-65.55119704342118	-66.0431608620836	-66.0431608620836
40	-107.02891010758943	-107.88778945179472	-107.88778945179472
41	-139.49645638898178	-140.4036489080022	-140.4036489080022
42	-68.50460840788463	-68.98737827845994	-68.98737827845994
43	139.3625024390899	140.3394431642471	140.3394431642471
44	28.644431064965357	28.81972769543006	28.81972769543006
45	78.67942307911835	79.1502998615606	79.1502998615606
46	-188.62124491455072	-190.1387230720513	-190.1387230720513
47	-132.179480248128	-133.11657363772005	-133.11657363772005
48	145.6302845387824	146.5480189813116	146.5480189813116
49	-102.6926057894757	-103.45832224120102	-103.45832224120102
50	-108.2097133665524	-109.10578441283656	-109.10578441283656
51	99.82252413117709	100.57189511741143	100.57189511741143
52	121.45700782417389	122.45976439939494	122.45976439939494
53	73.47801922529595	73.90593841146313	73.90593841146313
54	-124.91794615235702	-125.89975972812724	-125.89975972812724
55	-44.94012060309406	-45.3694176544503	-45.3694176544503
56	-23.125857587556485	-23.192569421672005	-23.192569421672005
57	5.836792497304412	5.804002867479539	5.804002867479539
58	20.419219412763052	20.424289609342907	20.424289609342907
59	157.75451665100607	158.84058613443727	158.84058613443727
60	66.14353445111145	66.63842025979909	66.63842025979909
61	-144.31805637047165	-145.24884400444998	-145.24884400444998
62	117.62283680499935	118.63398362788485	118.63398362788485
63	19.637245919853154	19.643477977220158	19.643477977220158
64	-83.83948363075932	-84.29732334440922	-84.29732334440922
65	-98.38903598805643	-99.10661017963629	-99.10661017963629
66	6.0283583303032655	5.993218357185327	5.993218357185327
67	99.53970281804024	100.2695369544789	100.2695369544789
68	-54.60276171924901	-55.14960918306548	-55.14960918306548
69	-173.43574671339223	-174.80450265496037	-174.80450265496037
70	57.01418469816763	57.523075855111244	57.523075855111244
71	5.3910999599405205	5.363320213294429	5.363320213294429
72	-42.66544245140268	-43.07786704330928	-43.07786704330928
73	-26.743514817879138	-26.878258967190277	-26.878258967190277
74	-101.8305957392818	-102.6100431864426	-102.6100431864426
75	-125.8334397027225	-126.81807379725329	-126.81807379725329
76	-47.63443243573686	-48.10725145798139	-48.10725145798139
77	-81.92375292821254	-82.40693482425084	-82.40693482425084
78	-166.70830143563114	-167.956106486707	-167.956106486707
79	173.24520028615274	174.6297907946186	174.6297907946186
80	-157.78799314452263	-158.86495056675417	-158.86495056675417
81	70.0305017017839	70.47791135460545	70.47791135460545
82	147.74218366527344	148.6743270730546	148.6743270730546
83	8.174441998903498	8.124780267324951	8.124780267324951
84	24.82780027994311	24.906983826643227	24.906983826643227
85	-65.86147900763862	-66.3126456218234	-66.3126456218234
86	0.7314505148842345	0.7267283505198066	0.7267283505198066
87	-103.00385852121448	-103.75820352786378	-103.75820352786378
88	175.96503930084347	177.3948990320916	177.3948990320916
89	51.005732106925414	51.532992897402664	51.532992897402664
90	-35.572001857590635	-35.85030172022891	-35.85030172022891
91	183.56819317045367	185.0614534748505	185.0614534748505
92	-43.3857409785352	-43.79049063832832	-43.79049063832832
93	162.7947665259823	163.95158189363343	163.95158189363343
94	167.3027835760481	168.58304104878323	168.58304104878323
95	-97.89417306446403	-98.62312327413724	-98.62312327413724
96	138.76201680743569	139.7073429881097	139.7073429881097
97	102.54042980013149	103.38900559433102	103.38900559433102
98	103.90254456203249	104.73369355469544	104.73369355469544
99	147.42288441146698	148.2722268862143	148.2722268862143
100	38.31077267012224	38.67456726849005	38.67456726849005
101	171.3820063781968	172.74721284789666	172.74721284789666
102	104.67873618559604	105.5177838289178	105.5177838289178
103	169.70567588341035	170.98805305814483	170.98805305814483
104	-163.30990753166913	-164.58183838445967	-164.58183838445967
105	96.32111001291238	96.85426249607218	96.85426249607218
106	-52.79436405822882	-53.31112227017178	-53.31112227017178
107	-23.965750651944756	-24.041913400315707	-24.041913400315707
108	5.040961858370407	5.018962506141634	5.018962506141634
109	-9.207869963600093	-9.167699753023669	-9.167699753023669
110	-167.90782963681684	-169.23467643567363	-169.23467643567363
111	177.1878856805796	178.63922948455098	178.63922948455098
112	-94.98354114099135	-95.63425866971365	-95.63425866971365
113	78.73555002898618	79.20402758206643	79.20402758206643
114	-141.28284490257553	-142.18027564339906	-142.18027564339906
115	109.04098054189745	109.99366788833254	109.99366788833254
116	-109.19656085064001	-110.06973583743176	-110.06973583743176
117	-150.0078751648427	-150.92386511241168	-150.92386511241168
118	-3.341062480146964	-3.3105720014382314	-3.3105720014382314
119	-1.5548791185888047	-1.5632724761983923	-1.5632724761983923
120	150.62430126921873	151.61907980397245	151.61907980397245
121	168.33632065637335	169.58711887163378	169.58711887163378
122	156.525084994165	157.5591090462953	157.5591090462953
123	-46.45596361480885	-46.9244521091515	-46.9244521091515
124	161.51331563733507	162.60654954530327	162.60654954530327
125	115.49962574077678	116.50351979218675	116.50351979218675
126	63.31675312987995	63.81593783115284	63.81593783115284
127	-109.93030406388087	-110.79102267637104	-110.79102267637104
128	-62.787582573002794	-63.33797962700993	-63.33797962700993
129	54.88092042690159	55.39691133297825	55.39691133297825
130	-154.66703161681158	-155.72047580830787	-155.72047580830787
131	-162.87962380460664	-164.12457439583608	-164.12457439583608
132	61.84130715305007	62.317883830908215	62.317883830908215
133	-4.737561683513092	-4.73191818758437	-4.73191818758437
134	107.03006020533681	107.91187485227738	107.91187485227738
135	142.9330974230019	143.89897445012463	143.89897445012463
136	113.86505779101293	114.85365171485915	114.85365171485915
137	188.6048206781393	190.08415171332996	190.08415171332996
138	-191.61626653816322	-193.13556016346345	-193.13556016346345
139	-38.042517366752456	-38.3801856416797	-38.3801856416797
140	35.15774308450163	35.04666143646992	35.04666143646992
141	-162.55237651357547	-163.78158433219397	-163.78158433219397
142	-99.37228195554346	-100.10357771105328	-100.10357771105328
143	65.18750099177319	65.68583001744031	65.68583001744031
144	-125.53964434777808	-126.48917923123308	-126.48917923123308
145	-121.08478312348802	-122.10862553151966	-122.10862553151966
146	61.80725931337454	62.283521763836404	62.283521763836404
147	-119.86519809895809	-120.87366383086686	-120.87366383086686
148	97.58727509128161	98.23619571511426	98.23619571511426
149	-21.282906426338624	-21.307358914267923	-21.307358914267923
150	160.3350712390499	161.40085358397482	161.40085358397482
151	-120.79417730738668	-121.8001209822289	-121.8001209822289
152	121.7345771254688	122.75128676929381	122.75128676929381
153	-86.38814084870053	-86.89983312977989	-86.89983312977989
154	-31.909336245041132	-32.13009802105722	-32.13009802105722
155	44.60157149300283	45.035054285502326	45.035054285502326
156	-69.56480963991685	-70.05085646026478	-70.05085646026478
157	146.42992592360076	147.14990923183802	147.14990923183802
158	-22.087637262058458	-22.128659848598318	-22.128659848598318
159	19.608500983585955	19.612816626042388	19.612816626042388
160	-52.62538260919718	-53.09438089674413	-53.09438089674413
161	-91.10293460153908	-91.73389918887733	-91.73389918887733
162	49.81117749181653	50.310367688287585	50.310367688287585
163	195.32764057425467	196.7425001682339	196.7425001682339
164	106.60150800070332	107.47897262697614	107.47897262697614
165	-189.95886415306228	-191.43306110732118	-191.43306110732118
166	172.7064433984198	173.98973435500397	173.98973435500397
167	53.899909284890796	54.43471447476077	54.43471447476077
168	-93.0428169301125	-93.67700105295302	-93.67700105295302
169	123.13056842074258	124.0992734951696	124.0992734951696
170	-6.786138173405118	-6.7611103336198255	-6.7611103336198255
171	184.96761921824913	186.3668939845569	186.3668939845569
172	-11.774182430832052	-11.740193463603134	-11.740193463603134
173	32.36499423142484	32.58768613258448	32.58768613258448
174	-32.23878295523287	-32.469190933061356	-32.469190933061356
175	115.02388873386795	116.04297389265616	116.04297389265616
176	-7.1443472051336325	-7.11409836743573	-7.11409836743573
177	65.86745148506353	66.36747849358812	66.36747849358812
178	68.4329471999012	68.90992133856355	68.90992133856355
179	77.17056608489871	77.64647790655005	77.64647790655005
180	75.26910639518306	75.71010165271696	75.71010165271696
181	42.51560409329021	42.94350490843084	42.94350490843084
182	154.09294816490552	155.13098848640624	155.13098848640624
183	96.27788515793868	97.00327728543891	97.00327728543891
184	177.99200292070677	179.4621937699314	179.4621937699314
185	-68.06433783570147	-68.54032611088195	-68.54032611088195
186	35.47258656409951	35.742733892015224	35.742733892015224
187	193.31209385635452	194.73649323917203	194.73649323917203
188	-62.65191788048964	-63.16520125114204	-63.16520125114204
189	-156.9116874928636	-158.0271467661807	-158.0271467661807
190	-43.16774877308104	-43.59802747966981	-43.59802747966981
191	184.61685920377258	185.9730618457093	185.9730618457093
192	138.2834778093401	139.2453799817256	139.2453799817256
193	110.11543879892562	111.03021797643993	111.03021797643993
194	-81.05244258897366	-81.5248447926876	-81.5248447926876
195	-118.37811399096135	-119.36999560812289	-119.36999560812289
196	-58.14807000210414	-58.67123277945922	-58.67123277945922
197	161.0923137385203	162.16446730514082	162.16446730514082
198	-50.197164332179206	-50.69117288922351	-50.69117288922351
199	77.79272516785873	78.2586381512856	78.2586381512856
200	-104.87298899690917	-105.73179775968615	-105.73179775968615
201	140.8654824434397	141.8343736739227	141.8343736739227
202	97.91777168011383	98.57850057296326	98.57850057296326
203	-48.2422801270802	-48.71366987918324	-48.71366987918324
204	26.319446900579845	26.450938986187367	26.450938986187367
205	151.2509229552234	152.2457742224218	152.2457742224218
206	-86.88948341862391	-87.43369977744399	-87.43369977744399
207	137.63452294519118	138.57203670818166	138.57203670818166
208	-33.174639974294884	-33.40444296125534	-33.40444296125534
209	-35.409108221323066	-35.6685453765233	-35.6685453765233
210	144.47206483977575	145.42980571009014	145.42980571009014
211	-186.00013719733778	-187.50674219574591	-187.50674219574591
212	48.25817502798889	48.71429575362444	48.71429575362444
213	73.73744576497383	74.16367454282329	74.16367454282329
214	122.59723526658523	123.55939893821864	123.55939893821864
215	-21.486703412954657	-21.509737791411254	-21.509737791411254
216	-142.05945225097477	-143.00645934860972	-143.00645934860972
217	132.91700782647348	133.90356714857796	133.90356714857796
218	12.254770360762091	12.210743103743653	12.210743103743653
219	-130.79138445661238	-131.7471439125988	-131.7471439125988
220	-195.9292396970886	-197.48195428492545	-197.48195428492545
221	158.07371662461048	159.14333943296765	159.14333943296765
222	-44.943925554043645	-45.373998607680534	-45.373998607680534
223	172.59098206947886	173.89826093994532	173.89826093994532
224	182.3901032028534	183.85385930644156	183.85385930644156
225	95.71915039623556	96.36331451919165	96.36331451919165
226	149.6577293148529	150.65322383692228	150.65322383692228
227	-114.99793954031233	-115.9656778567204	-115.9656778567204
228	177.29749591514445	178.70918478625924	178.70918478625924
229	-178.60204784349745	-180.07376935625894	-180.07376935625894
230	154.73275065357595	155.699571554035	155.699571554035
231	112.87021285320868	113.86385712062076	113.86385712062076
232	-20.880839225581013	-20.90497394059946	-20.90497394059946
233	87.6373599293767	88.14183880451333	88.14183880451333
234	16.518331711533005	16.515864560912604	16.515864560912604
235	-127.72756946490881	-128.720004340635	-128.720004340635
236	153.07762074823015	154.07835046728587	154.07835046728587
237	-135.11929378566066	-136.01257810309653	-136.01257810309653
238	-191.5292751177592	-193.09779629494278	-193.09779629494278
239	-164.21674483769002	-166.02186630547135	-166.02186630547135
240	-145.68631895516612	-146.64101300600353	-146.64101300600353
241	-136.28563344296234	-137.24483040637062	-137.24483040637062
242	78.66625861017947	79.13602350758549	79.13602350758549
243	57.899382638656775	58.413108404745344	58.413108404745344
244	176.01271127265338	177.4334114453584	177.4334114453584
245	-63.367351660802534	-63.896853959466426	-63.896853959466426
246	162.61933590719588	163.75857797183477	163.75857797183477
247	83.10021394474975	83.56811772937397	83.56811772937397
248	-104.59951074953943	-105.42987095863774	-105.42987095863774
249	123.72471700814138	124.68510202994736	124.68510202994736
250	-86.97510411279058	-87.50761505506009	-87.50761505506009
251	101.25833239390688	102.05216075230226	102.05216075230226
252	-49.71486657388993	-50.20109746671619	-50.20109746671619
253	-166.8658931511552	-168.1574725640198	-168.1574725640198
254	93.59542507126741	94.21049988956634	94.21049988956634
255	-27.241636968843096	-27.403171432356118	-27.403171432356118
256	-145.34286437311977	-146.2824122238854	-146.2824122238854
257	-102.1341563311148	-103.16983592192553	-103.16983592192553
258	84.5526317119242	85.07694289568565	85.07694289568565
259	-142.51229586353713	-143.39478417511663	-143.39478417511663
260	-192.13848629574736	-193.6481602790428	-193.6481602790428
261	-191.11347328257443	-192.68142825336892	-192.68142825336892
262	-133.13241424264766	-134.0175644180003	-134.0175644180003
263	60.20345150572024	60.67915397796526	60.67915397796526
264	-75.99990604368115	-76.42798125121911	-76.42798125121911
265	139.32487644156325	140.3025225173987	140.3025225173987
266	20.136445562467397	20.14118222605984	20.14118222605984
267	54.39814608128195	54.9156209072307	54.9156209072307
268	-100.5153649909505	-101.26093889826775	-101.26093889826775
269	164.09448433481057	165.32867724559435	165.32867724559435
270	-33.78850961559243	-34.02347673040097	-34.02347673040097
271	55.892197816549306	56.393866962069296	56.393866962069296
272	176.31940679806223	177.74191996619606	177.74191996619606
273	-169.0864785790314	-170.40338942630166	-170.40338942630166
274	-71.07790877910783	-71.54193688720488	-71.54193688720488
275	41.911289664070814	42.33750273619381	42.33750273619381
276	100.47484613908384	101.24876281168986	101.24876281168986
277	-193.42687500232296	-194.94608781312093	-194.94608781312093
278	-94.59558503596271	-95.26524753236285	-95.26524753236285
279	-19.365079030229854	-19.37331551212779	-19.37331551212779
280	-180.59225596630998	-182.06335344642844	-182.06335344642844
281	-184.309558813142	-185.8087240105019	-185.8087240105019
282	-54.59424228413358	-55.14119480869408	-55.14119480869408
283	-6.70968013311265	-6.685840195720033	-6.685840195720033
284	-102.60523889042138	-103.28531939493928	-103.28531939493928
285	77.33932674667723	77.80783382963847	77.80783382963847
286	-193.63126574068173	-195.15636746958722	-195.15636746958722
287	-151.48217984963523	-152.45429439178477	-152.45429439178477
288	81.51142026780845	81.95995440010591	81.95995440010591
289	127.40137669997213	128.41252004043503	128.41252004043503
290	156.7144418160677	157.7345574927245	157.7345574927245
291	-91.60889735420143	-92.20327958644523	-92.20327958644523
292	117.19409595017895	118.20945207735338	118.20945207735338
293	-191.15178979688073	-192.6421521837313	-192.6421521837313
294	-198.5455943216828	-199.93876732548563	-199.93876732548563
295	28.413905271855608	28.579085849327612	28.579085849327612
296	120.43394489993142	121.40693823737627	121.40693823737627
297	-76.88687931303181	-77.33914517436986	-77.33914517436986
298	69.60552619479408	70.07716976056412	70.07716976056412
299	-128.6466493639546	-129.67898994841454	-129.67898994841454
300	55.55505339478617	56.06778134142371	56.06778134142371
301	-24.60838662918793	-24.688307977140823	-24.688307977140823
302	54.20433674078033	54.725965468221546	54.725965468221546
303	49.837321595986474	50.33846760217156	50.33846760217156
304	-187.19316587233487	-188.7748265339925	-188.7748265339925
305	-60.37503871621642	-60.895988888165334	-60.895988888165334
306	-28.348798695615457	-28.469426761145968	-28.469426761145968
307	-145.85589092067448	-146.82874227490106	-146.82874227490106
308	-75.44971667740461	-75.9120673446529	-75.9120673446529
309	-67.2345355728165	-67.72397999147023	-67.72397999147023
310	128.9386120888454	129.95210689344293	129.95210689344293
311	-168.81120074233698	-170.06082085350752	-170.06082085350752
312	-108.63528385123703	-109.50665222174547	-109.50665222174547
313	101.6243354915925	102.4416069303096	102.4416069303096
314	-25.071369536437697	-25.178698922971563	-25.178698922971563
315	-114.99765730976435	-115.9615693601994	-115.9615693601994
316	-176.03012465271306	-177.46909051329905	-177.46909051329905
317	-126.70434785937528	-127.6672852978224	-127.6672852978224
318	-21.622260965855876	-21.64922358350222	-21.64922358350222
319	197.4516528173436	198.8526027444625	198.8526027444625
320	84.49080519363554	85.01716910243198	85.01716910243198
321	-21.61007837271019	-21.63556141653956	-21.63556141653956
322	91.43430912915476	92.02577290867725	92.02577290867725
323	-171.2333328786157	-172.53649854405398	-172.53649854405398
324	75.93422050098276	76.38446904157826	76.38446904157826
325	187.56114984496668	189.00324542815133	189.00324542815133
326	-150.3415143628725	-151.34872975195282	-151.34872975195282
327	192.4971598091888	193.9896418668884	193.9896418668884
328	-61.27722505910991	-61.79554915707013	-61.79554915707013
329	125.47061722610589	126.47040863992243	126.47040863992243
330	77.1844575893603	77.65836077354669	77.65836077354669
331	-172.0964904349239	-173.4786646995429	-173.4786646995429
332	-35.05036475437416	-35.321876386812875	-35.321876386812875
333	155.00008321890473	155.98900051535554	155.98900051535554
334	121.51990856032617	122.53295143835618	122.53295143835618
335	157.28631640462714	158.35584120477222	158.35584120477222
336	-155.42015128802407	-156.4803999162146	-156.4803999162146
337	-191.9207309351525	-193.40883736330662	-193.40883736330662
338	27.558462254357288	27.71253229206758	27.71253229206758
339	-36.16781944510066	-36.45160641647399	-36.45160641647399
340	-6.063970532934034	-6.0494143803845475	-6.0494143803845475
341	-50.39490241989412	-50.92046517338753	-50.92046517338753
342	-186.35283069644748	-187.95343442084067	-187.95343442084067
343	-153.7718564772287	-154.84970539048152	-154.84970539048152
344	-25.746992399185324	-25.85306393929409	-25.85306393929409
345	-85.02649822754894	-85.50800596429839	-85.50800596429839
346	-67.99268342317934	-68.46837817041535	-68.46837817041535
347	-101.60895924385312	-102.394882325853	-102.394882325853
348	92.38732211063746	92.9898138863378	92.9898138863378
349	-123.31496426348028	-124.35399831256171	-124.35399831256171
350	22.85816523334227	22.884354212746587	22.884354212746587
351	-133.83296259183157	-134.7237678354802	-134.7237678354802
352	-67.21940456628963	-67.70907147421829	-67.70907147421829
353	-163.90097028474207	-165.18491450076357	-165.18491450076357
354	76.19898223264437	76.66105703362763	76.66105703362763
355	-142.75168625445076	-143.64064403054985	-143.64064403054985
356	1.3018153009967752	1.2935020423482513	1.2935020423482513
357	-156.72633237316148	-157.84585589091927	-157.84585589091927
358	-174.47183151217956	-175.8405087917242	-175.8405087917242
359	92.34649284960638	92.95942344142583	92.95942344142583
360	128.86721231902484	129.862160561956	129.862160561956
361	63.525820075082045	64.02961603707104	64.02961603707104
362	161.4264839713506	162.56687011719868	162.56687011719868
363	-12.946453214767653	-12.920892265825046	-12.920892265825046
364	60.00932420010205	60.50248802664686	60.50248802664686
365	151.0072526742949	152.02127534329162	152.02127534329162
366	-55.793674469718226	-56.332589002964994	-56.332589002964994
367	-65.56445186812441	-66.05301246404588	-66.05301246404588
368	-40.350924250426935	-40.71569047763015	-40.71569047763015
369	-52.70491249759832	-53.19440496312984	-53.19440496312984
370	117.07070561526677	118.09202081274208	118.09202081274208
371	-120.41615547468297	-121.41414725173108	-121.41414725173108
372	163.5671748727316	164.75310486436706	164.75310486436706
373	129.00448346842157	129.99427682200132	129.99427682200132
374	88.47589066953131	89.01382482395786	89.01382482395786
375	172.62529590395303	173.9365729331148	173.9365729331148
376	4.792060066533475	4.771122247025659	4.771122247025659
377	86.39494000116483	86.86657350082612	86.86657350082612
378	71.8442924889244	72.29456116376303	72.29456116376303
379	-49.64034286281368	-50.13353336985648	-50.13353336985648
380	-92.63742041330345	-93.25269408496273	-93.25269408496273
381	-170.9060821831561	-172.30100554468626	-172.30100554468626
382	-16.15231962883307	-16.06996173948434	-16.06996173948434
383	-72.79535794267952	-73.26007335670485	-73.26007335670485
384	0.46238754332104315	0.4388150411566869	0.4388150411566869
385	-52.6190359616569	-53.084171520894074	-53.084171520894074
386	-132.90958740959687	-133.8220025710905	-133.8220025710905
387	182.38864094307894	183.83237091798412	183.83237091798412
388	-147.6638561817499	-148.6105978812016	-148.6105978812016
389	-144.0975501195999	-144.97907505377836	-144.97907505377836
390	-150.70206585731728	-151.68067902568282	-151.68067902568282
391	-192.02756109097223	-193.51633135251936	-193.51633135251936
392	-64.816203795055	-65.42205592048461	-65.42205592048461
393	-93.81785191395882	-94.43001708550831	-94.43001708550831
394	142.358508378443	143.3421808465286	143.3421808465286
395	-100.4447255294651	-101.21482767369052	-101.21482767369052
396	187.48209486219028	188.92224005147125	188.92224005147125
397	42.147619623387754	42.57360847288473	42.57360847288473
398	9.262317196626148	9.243865732382176	9.243865732382176
399	-29.920837755082307	-30.113779178816515	-30.113779178816515
400	132.89063864895226	133.86939811769855	133.86939811769855
401	25.386860157368645	25.49011276136207	25.49011276136207
402	6.881255998454937	6.841835045459902	6.841835045459902
403	158.17520867096692	159.27080656450892	159.27080656450892
404	-43.984782269562324	-44.392675928336274	-44.392675928336274
405	-143.07524471154565	-144.02278486725723	-144.02278486725723
406	68.79811489936692	69.26936054334959	69.26936054334959
407	-38.475658004505156	-38.83833920209452	-38.83833920209452
408	-111.92280265735444	-112.90249639843877	-112.90249639843877
409	-184.9035909934351	-186.44697691551335	-186.44697691551335
410	12.230152378295784	12.185166977701158	12.185166977701158
411	175.3750043071791	176.81565217328648	176.81565217328648
412	-158.0226107938464	-159.10829779423602	-159.10829779423602
413	-32.06518379322746	-32.296769272169456	-32.296769272169456
414	-93.7188431092339	-94.35011838390577	-94.35011838390577
415	-35.45060264994819	-35.71154601672896	-35.71154601672896
416	100.06246947416189	100.81809672113565	100.81809672113565
417	-1.9480178885827755	-1.9564531024948906	-1.9564531024948906
418	164.31552882580422	165.5188489034465	165.5188489034465
419	-118.20462551988007	-119.23065939192519	-119.23065939192519
420	105.78661732218787	106.64284956559158	106.64284956559158
421	-179.44141521148632	-180.92743004416252	-180.92743004416252
422	-58.64599588594673	-59.184380548560824	-59.184380548560824
423	28.87345106719721	29.05327102885869	29.05327102885869
424	25.366327902729466	25.470421621136097	25.470421621136097
425	-105.50321554231624	-106.3668032450999	-106.3668032450999
426	156.50043785625087	157.53165929614573	157.53165929614573
427	26.013811359344633	26.13085697855945	26.13085697855945
428	-74.25464112550365	-74.70700194618018	-74.70700194618018
429	-38.22228222572012	-38.58890718492424	-38.58890718492424
430	-30.02162896658622	-30.212505402423005	-30.212505402423005
431	-5.457854814565556	-5.446986712879323	-5.446986712879323
432	-115.56471350621831	-116.49792795282035	-116.49792795282035
433	159.25671804146745	160.66545812129448	160.66545812129448
434	183.02194973947388	184.45797116443248	184.45797116443248
435	186.13882050844953	187.57321241053432	187.57321241053432
436	-8.030953495198384	-7.98941338485659	-7.98941338485659
437	98.42457574276801	99.10649491344122	99.10649491344122
438	136.8886164879492	137.83251039195005	137.83251039195005
439	-56.59276367840214	-57.14321964320001	-57.14321964320001
440	102.96176653592518	103.77180731459276	103.77180731459276
441	99.17969550285954	99.88996593874379	99.88996593874379
442	-12.388149853876726	-12.356354714909912	-12.356354714909912
443	-148.69266660891748	-149.62563320320078	-149.62563320320078
444	151.79816083662567	152.844565947984	152.844565947984
445	29.932504738968685	30.114953967008148	30.114953967008148
446	111.93812152433031	112.91746703056924	112.91746703056924
447	80.63409949902908	81.09784720429809	81.09784720429809
448	128.3213232970588	129.35478873900166	129.35478873900166
449	-85.83421728804437	-86.3264122975206	-86.3264122975206
450	-133.10845546333982	-133.994900350786	-133.994900350786
451	34.938880719963855	35.16396590627511	35.16396590627511
452	56.36863076219399	56.86600036071786	56.86600036071786
453	182.40412101264383	183.8985420542196	183.8985420542196
454	98.1321469530622	98.79701621686701	98.79701621686701
455	8.508813061908993	8.45225372519539	8.45225372519539
456	-38.646190283882795	-39.001919212790966	-39.001919212790966
457	-37.57324747885622	-37.92084944675062	-37.92084944675062
458	-155.79940242378993	-156.89128595999819	-156.89128595999819
459	70.08387546077898	70.52449498472919	70.52449498472919
460	86.96301450038393	87.45523045209575	87.45523045209575
461	-174.38164959587817	-175.76933793692785	-175.76933793692785
462	133.58307516611745	134.69039649858257	134.69039649858257
463	182.4683937364434	183.9303111148679	183.9303111148679
464	-18.135519362585395	-18.14344572981335	-18.14344572981335
465	-158.51238934789922	-159.60917779168642	-159.60917779168642
466	121.74380589010312	122.75933853590959	122.75933853590959
467	23.477856381815783	23.523588278145752	23.523588278145752
468	-48.178626315232975	-48.653702794717645	-48.653702794717645
469	74.82821456110058	75.26880079241187	75.26880079241187
470	69.96149688470219	70.40656802113836	70.40656802113836
471	132.80589612566953	133.78408295772817	133.78408295772817
472	1.8794338410407467	1.8799062628397678	1.8799062628397678
473	196.75625400808295	198.1752929110707	198.1752929110707
474	148.03077177658878	148.98106874802153	148.98106874802153
475	-149.1411275210343	-150.08432794924556	-150.08432794924556
476	100.8129960576314	101.58966893367557	101.58966893367557
477	-124.41766007927036	-125.41010411560443	-125.41010411560443
478	-159.54067590984047	-160.62609900658686	-160.62609900658686
479	-97.86992757240415	-98.5774971614465	-98.5774971614465
480	-57.84000580718201	-58.38558726115636	-58.38558726115636
481	-108.11708454523898	-108.95245997803617	-108.95245997803617
482	148.15310931596417	149.07671044875855	149.07671044875855
483	-21.795403222704778	-21.828611727417382	-21.828611727417382
484	171.37869671984393	172.66530806676565	172.66530806676565
485	-25.356591127869006	-25.468796040136567	-25.468796040136567
486	-103.69916394805227	-104.52041250637136	-104.52041250637136
487	107.23574043221322	108.1487507580544	108.1487507580544
488	-76.56727797499494	-77.02320885094372	-77.02320885094372
489	45.78257952451748	46.214117921206736	46.214117921206736
490	150.95296577593479	151.94094919872492	151.94094919872492
491	-147.6691471408066	-148.62363182178944	-148.62363182178944
492	-168.76935077686716	-170.03189888458326	-170.03189888458326
493	-102.97207242450031	-103.73159251283495	-103.73159251283495
494	138.95517624709433	139.91684766133426	139.91684766133426
495	-196.1948260134192	-197.7300525600196	-197.7300525600196
496	86.81499371710002	87.30607774381144	87.30607774381144
497	198.4314714751316	199.87106094102495	199.87106094102495
498	21.491973518762183	21.432441199740026	21.432441199740026
499	-121.44436984316339	-122.44326749122965	-122.44326749122965
