Epoch	Explore_Iteration	MacroPopSize	MicroPopSize	RMSE	Accuracy_Estimate	RuleCount	TreeCount	AveGenerality	ExpRules	Time(min)
1	100	1000	1000	111853434.43469787	8.94027077589243e-09	0	1000	0.8696499999999994	0.0	1.231039317448934
2	200	1000	1000	5104.930448253983	0.00019585068972922628	0	1000	0.8706999999999995	0.0	2.4798611680666607
3	300	1000	1000	526.6201618987908	0.0018953028565118065	0	1000	0.8708499999999996	0.0	3.740820817152659
4	400	1000	1000	325.0926008086281	0.0030666135862029683	0	1000	0.8709499999999998	0.0	4.990686651070913
5	500	1000	1000	252.20077417108604	0.003949435001823125	0	1000	0.87115	0.0	6.334220151106517
6	600	1000	1000	197.66964402628767	0.00503348161165317	0	1000	0.8714000000000001	0.0	7.718281483650207
7	700	997	1000	529.2932163903223	0.0018857491838325724	0	997	0.8717499999999998	0.0	9.049108568827311
8	800	997	1000	142.78300601928785	0.006954924839072112	0	997	0.8718999999999998	0.0	10.33304296731949
9	900	997	1000	222.7085465890979	0.004470101903780968	0	997	0.8714	0.0	11.610832333564758
10	1000	995	1000	473.31321481379456	0.0021083114886279925	0	995	0.8715499999999998	0.0	12.924473516146342
11	1100	995	1000	108.27500550216885	0.009151223515428259	0	995	0.8715999999999999	0.9346733668341709	13.094348100821177
12	1200	995	1000	119.20519898700384	0.008319107729343024	0	995	0.8723000000000001	0.9346733668341709	13.250457115968068
13	1300	993	1000	117.28162809828663	0.008454398337914707	0	993	0.8723	0.932527693856999	13.41201826731364
14	1400	991	1000	123.19804241606482	0.008051656697212577	0	991	0.8720000000000001	0.9384460141271443	13.565768082936605
15	1500	991	1000	111.39552929313444	0.008897151036959296	0	991	0.8716000000000002	0.9364278506559032	13.714896937211355
16	1600	991	1000	119.26411859828868	0.008315032044929732	0	991	0.8717500000000001	0.934409687184662	13.86358818213145
17	1700	991	1000	106.0148511691849	0.009344497413906153	0	991	0.8717000000000003	0.934409687184662	14.010329385598501
18	1800	991	1000	126.7822304171626	0.00782581425238363	0	991	0.8720500000000003	0.9354187689202825	14.157070716222128
19	1900	991	1000	109.77069419648751	0.009027658508902886	0	991	0.8719500000000003	0.9354187689202825	14.299301584561666
20	2000	987	1000	106.6578643221722	0.009288685097889772	0	987	0.8723500000000005	0.9371833839918946	14.441002750396729
21	2100	987	1000	101.67450080189076	0.009739516551723863	0	987	0.8725000000000004	0.9351570415400202	14.577999715010325
22	2200	988	1000	115.84593926133616	0.00855827773153	0	988	0.8725000000000004	0.9342105263157895	14.717853566010794
23	2300	988	1000	109.10887269432943	0.009081920244302889	0	988	0.8726500000000004	0.9382591093117408	14.850615119934082
24	2400	986	1000	110.64734801695614	0.008956773427776607	0	986	0.8731500000000003	0.9350912778904665	14.986013599236806
25	2500	986	1000	107.82205843214267	0.009189313402149641	0	986	0.8729000000000005	0.936105476673428	15.115311634540557
26	2600	986	1000	111.63861628475958	0.008877949969412964	0	986	0.8731500000000005	0.9411764705882353	15.243992598851522
27	2700	986	1000	101.25389416551106	0.00977957864745348	0	986	0.8731500000000005	0.9401622718052738	15.370967801411947
28	2800	986	1000	106.68034252173355	0.009286746091081257	0	986	0.8737000000000007	0.9391480730223124	15.495068049430847
29	2900	985	1000	103.59086061881882	0.009561064839541744	0	985	0.8739500000000008	0.9421319796954315	15.61731884876887
30	3000	984	1000	99.9683158201007	0.009904097061317138	0	984	0.874100000000001	0.9390243902439024	15.744557686646779
31	3100	982	1000	94.8752283455282	0.010430222876717058	0	982	0.874250000000001	0.939918533604888	15.866842182477315
32	3200	982	1000	104.8060506193058	0.009451255331304616	0	982	0.8744000000000011	0.9439918533604889	15.991060749689739
33	3300	981	1000	102.32759773328524	0.009677956537625638	0	981	0.8744000000000011	0.9439347604485219	16.10943840344747
34	3400	981	1000	101.54802037765745	0.009751529052606402	0	981	0.8746000000000009	0.9398572884811417	16.235285870234172
35	3500	980	1000	100.88574587508302	0.009814915633302126	0	980	0.8747500000000008	0.939795918367347	16.35819507042567
36	3600	979	1000	102.23942537275511	0.00968622206477236	0	979	0.8748500000000007	0.9417773237997957	16.47850671609243
37	3700	977	1000	94.01031563491313	0.010525172906935732	0	977	0.8747500000000007	0.9396110542476971	16.605591384569802
38	3800	977	1000	99.70923552045915	0.009929575920540569	0	977	0.8750500000000007	0.9437052200614124	16.72735168536504
39	3900	975	1000	97.53983601825844	0.010148180070187147	0	975	0.8755000000000006	0.9405128205128205	16.84744368394216
40	4000	974	1000	94.81243866300034	0.01043705821451101	0	974	0.8760000000000007	0.9435318275154004	16.97185946702957
41	4100	973	1000	89.10216632370893	0.01109851228667813	0	973	0.8760500000000009	0.9486125385405961	17.085011800130207
42	4200	972	1000	97.58614070438956	0.010143413596019535	0	972	0.8759500000000009	0.948559670781893	17.202601500352223
43	4300	968	1000	95.81167676288132	0.010329332508611308	0	968	0.8760000000000011	0.9473140495867769	17.318490521113077
44	4400	968	1000	94.58134148642736	0.01046229300037603	0	968	0.876300000000001	0.9462809917355371	17.439452866713207
45	4500	966	1000	94.7499450701874	0.010443870221199312	0	966	0.8766000000000007	0.94824016563147	17.555023368199667
46	4600	961	1000	95.47949410428396	0.010364896803035758	0	961	0.8763500000000004	0.9458896982310093	17.673663250605266
47	4700	961	1000	88.72591818210188	0.01114505173377513	0	961	0.8762000000000003	0.9521331945889698	17.787329665819804
48	4800	958	1000	93.52545001215783	0.010579161483720843	0	958	0.8762500000000002	0.9509394572025052	17.90184588432312
49	4900	955	1000	93.69578337128382	0.01056013229310532	0	955	0.8759500000000002	0.9539267015706806	18.01185635328293
50	5000	952	1000	89.97882527341507	0.01099156860945104	0	952	0.8760500000000002	0.9590336134453782	18.119967567920686
51	5100	947	1000	84.29762770944937	0.01172365547382297	0	947	0.8757999999999999	0.9567053854276664	18.226990203062694
52	5200	945	1000	91.68245482936216	0.01078952863129383	0	945	0.8758499999999998	0.9587301587301588	18.333559783299766
53	5300	945	1000	89.99337932239503	0.01098981054936909	0	945	0.8760499999999999	0.9608465608465608	18.43755138317744
54	5400	940	1000	89.0112048074515	0.01110972797374684	0	940	0.8762999999999999	0.9680851063829787	18.543356251716613
55	5500	939	1000	90.27499185047174	0.010955903470670447	0	939	0.8758499999999997	0.9627263045793397	18.646113514900208
56	5600	938	1000	89.69060612470284	0.011026500348062115	0	938	0.8755999999999997	0.9637526652452025	18.74666958252589
57	5700	938	1000	83.05568318251184	0.01189687552510494	0	938	0.8754499999999996	0.9605543710021321	18.85108736753464
58	5800	936	1000	87.72062449748391	0.011271336351203882	0	936	0.8753499999999994	0.9594017094017094	18.957382953166963
59	5900	933	1000	86.09998303951666	0.011481058492816318	0	933	0.8751999999999998	0.9603429796355841	19.061976484457652
60	6000	928	1000	83.34291068267125	0.011856361037412668	0	928	0.8749999999999997	0.9558189655172413	19.17042750120163
61	6100	925	1000	78.34941455873654	0.012602487435616472	0	925	0.8746999999999995	0.9578378378378378	19.27756073474884
62	6200	922	1000	84.56105689850752	0.011687560161700661	0	922	0.8745999999999996	0.9566160520607375	19.38462949991226
63	6300	918	1000	83.59171601694501	0.011821488522583993	0	918	0.8742999999999993	0.9575163398692811	19.490776832898458
64	6400	915	1000	82.87136612120197	0.011923020289843692	0	915	0.8737999999999994	0.9595628415300547	19.59434475104014
65	6500	914	1000	82.51935241079852	0.011973272913819989	0	914	0.8728999999999992	0.9584245076586433	19.702554853757224
66	6600	912	1000	83.04817874038135	0.01189793776601545	0	912	0.8726999999999991	0.956140350877193	19.80742526849111
67	6700	909	1000	75.80012363204654	0.013020812372530194	0	909	0.8724499999999992	0.9592959295929593	19.91365333398183
68	6800	906	1000	81.30597453561136	0.012149786277876214	0	906	0.8719999999999992	0.9580573951434879	20.018488387266796
69	6900	905	1000	78.1515416774105	0.012633992703207138	0	905	0.871899999999999	0.9591160220994475	20.12167316675186
70	7000	904	1000	77.08113343655569	0.012807191135519869	0	904	0.871949999999999	0.9612831858407079	20.2241738875707
71	7100	903	1000	72.43646196660782	0.013617213754860745	0	903	0.871299999999999	0.9579180509413068	20.327525214354196
72	7200	900	1000	79.75642736240704	0.012382915300504125	0	900	0.8709999999999989	0.9577777777777777	20.43274919986725
73	7300	898	1000	78.5805699392929	0.012565881354743227	0	898	0.8704999999999987	0.9543429844097996	20.53853124777476
74	7400	895	1000	77.93528953644343	0.012668604953153589	0	895	0.8703499999999986	0.9553072625698324	20.64493275086085
75	7500	895	1000	77.66408471330355	0.012712281642182273	0	895	0.8703499999999985	0.964245810055866	20.744712332884472
76	7600	892	1000	77.9360561294578	0.012668481921113037	0	892	0.8700999999999983	0.9641255605381166	20.8467977643013
77	7700	889	1000	71.37983035826629	0.013816003644249947	0	889	0.8697999999999981	0.9606299212598425	20.953912047545113
78	7800	887	1000	76.41321814764864	0.01291769059507022	0	887	0.8697999999999981	0.9582863585118376	21.061318735281628
79	7900	883	1000	74.7048044036318	0.013209201290163123	0	883	0.8693499999999977	0.9546998867497168	21.17283745209376
80	8000	885	1000	71.87879624938802	0.013721412145420792	0	885	0.8690999999999972	0.943502824858757	21.29275076786677
81	8100	884	1000	67.51149301376478	0.01459609119595581	0	884	0.8685999999999969	0.9457013574660633	21.40826823314031
82	8200	883	1000	73.46934249235012	0.013428344692350751	0	883	0.8686499999999968	0.9467723669309174	21.522776901721954
83	8300	882	1000	71.90413483110886	0.013716643127534803	0	882	0.8680499999999969	0.9455782312925171	21.638771299521128
84	8400	881	1000	70.82295953688804	0.013923124394315766	0	881	0.8676999999999968	0.9443813847900113	21.754983166853588
85	8500	879	1000	71.57000478739756	0.013779797905892642	0	879	0.8670499999999967	0.9374288964732651	21.875833284854888
86	8600	876	1000	72.50690568853298	0.013604163998376538	0	876	0.8662499999999966	0.934931506849315	22.000143365065256
87	8700	874	1000	66.53874470475589	0.014806316054162359	0	874	0.8662499999999964	0.9359267734553776	22.124010852972667
88	8800	871	1000	69.06570016772167	0.014272318661002785	0	871	0.8660499999999963	0.9380022962112514	22.24991515080134
89	8900	872	1000	68.26167057231076	0.014438000003998997	0	872	0.8653999999999961	0.9392201834862385	22.376935184001923
90	9000	868	1000	66.09589090731433	0.014904042356057112	0	868	0.8656499999999964	0.9389400921658986	22.506369070212045
91	9100	867	1000	61.782225426584205	0.015928075075474543	0	867	0.8655999999999964	0.9469434832756632	22.62201356490453
92	9200	867	1000	67.1448494438292	0.014674623367159764	0	867	0.8651999999999963	0.9457900807381776	22.74074068069458
93	9300	866	1000	65.90494567930952	0.014946578161698618	0	866	0.8652999999999962	0.9468822170900693	22.859930268923442
94	9400	866	1000	65.53044370009471	0.015030712924564133	0	866	0.8648499999999961	0.9434180138568129	22.98314045270284
95	9500	862	1000	64.79979927590475	0.015197614749657608	0	862	0.8643999999999961	0.9419953596287703	23.111411599318185
96	9600	859	1000	64.7165766216312	0.015216860819722629	0	859	0.8639999999999959	0.9429569266589057	23.238476717472075
97	9700	859	1000	59.05756933808769	0.01665069051280791	0	859	0.8634999999999958	0.940628637951106	23.36800876458486
98	9800	855	1000	62.28980455264096	0.015800333198505222	0	855	0.8638499999999957	0.9380116959064327	23.504753518104554
99	9900	855	1000	1224450.5617420524	8.166921675344016e-07	0	855	0.8639999999999955	0.9415204678362573	23.634428000450136
100	10000	852	1000	8155668.609134122	1.2261408908473045e-07	0	852	0.8631999999999951	0.9401408450704225	23.797386384010316
101	10100	848	1000	55.061784836400726	0.017837462772870967	0	848	0.862799999999995	0.9351415094339622	24.96637760003408
102	10200	843	1000	134420.93768944746	7.439261903144721e-06	0	843	0.8623499999999951	0.9276393831553974	25.10951711734136
103	10300	841	1000	58.40180494437504	0.0168345052972114	0	841	0.8619999999999951	0.9262782401902497	25.26281604766846
104	10400	841	1000	57.80585691078041	0.01700510888766044	0	841	0.8615499999999949	0.929845422116528	25.40147258043289
105	10500	839	1000	56.79248099527544	0.017303288988090863	0	839	0.8610999999999949	0.9368295589988082	25.531697499752045
106	10600	837	1000	57.106539889569866	0.017209766781854104	0	837	0.8599999999999944	0.9283154121863799	25.679257984956106
107	10700	838	1000	51.067337217342654	0.019205898619814935	0	838	0.8593499999999945	0.9272076372315036	25.823355066776276
108	10800	836	1000	54.0147166633543	0.018176954470550007	0	836	0.8591499999999944	0.9270334928229665	25.965136301517486
109	10900	836	1000	51.62549247469936	0.0190021974707556	0	836	0.8591499999999945	0.9270334928229665	26.106184450785317
110	11000	837	1000	51.35159703676304	0.019101614021397793	0	837	0.8588999999999943	0.9342891278375149	26.250466334819794
111	11100	836	1000	48.66112655792053	0.020136474327332964	0	836	0.8588499999999942	0.9366028708133971	26.390820864836375
112	11200	836	1000	693250.535851103	1.442477871718384e-06	0	836	0.8584999999999938	0.9389952153110048	26.551619553565978
113	11300	835	1000	52.29938657891749	0.018761942006956394	0	835	0.8581499999999935	0.9365269461077844	26.69768420060476
114	11400	833	1000	2473179.8929371946	4.043375892381175e-07	0	833	0.8575499999999934	0.9339735894357744	26.85574220021566
115	11500	831	1000	295707.38639433123	3.381709975132346e-06	0	831	0.8571499999999935	0.9326113116726835	27.018398702144623
116	11600	829	1000	5241368.66643056	1.9078982472934653e-07	0	829	0.8562999999999934	0.9312424607961399	27.198650435606638
117	11700	828	1000	45.50513190598242	0.021503003195898044	0	828	0.8549999999999933	0.927536231884058	27.376403069496156
118	11800	832	1000	10855698.868920151	9.211750620178789e-08	0	832	0.8540499999999931	0.9194711538461539	27.570781282583873
119	11900	827	1000	160224.88224393764	6.24118891402039e-06	0	827	0.8539499999999933	0.9189842805320435	27.752657969792683
120	12000	828	1000	44.78288633109893	0.021842222719818567	0	828	0.8533999999999932	0.9118357487922706	27.92714904944102
121	12100	827	1000	2.8984865802578582e+20	3.450076349537685e-21	0	827	0.852999999999993	0.9032648125755743	28.139293066660564
122	12200	825	1000	45.019380312184275	0.021729975354214753	0	825	0.8524999999999926	0.9042424242424243	28.362132235368094
123	12300	826	1000	43.16876464171891	0.022640433983418813	0	826	0.8520499999999922	0.9007263922518159	28.574893450737
124	12400	827	1000	42.39651316120293	0.023043325999149936	0	827	0.8519999999999922	0.9044740024183797	28.760681533813475
125	12500	824	1000	23226147.769469857	4.305492098261563e-08	0	824	0.851549999999992	0.9004854368932039	28.984549085299175
126	12600	826	1000	42.52214508705821	0.022976808656827004	0	826	0.8504499999999917	0.9043583535108959	29.201031668980917
127	12700	824	1000	38.944243251982414	0.02503489661054902	0	824	0.8499999999999914	0.9101941747572816	29.39019221862157
128	12800	821	1000	39.373675425733495	0.024768614436391317	0	821	0.8493499999999915	0.9074299634591961	29.60408182144165
129	12900	820	1000	39.06345227142116	0.024960405139956933	0	820	0.8494499999999915	0.9109756097560976	29.78877918322881
130	13000	818	1000	38.01375615600863	0.025631984677435035	0	818	0.8489499999999915	0.91320293398533	29.98410906791687
131	13100	818	1000	35.290193507287356	0.027555653562420165	0	818	0.8486499999999914	0.9193154034229829	30.174638068675996
132	13200	817	1000	38.2538664882914	0.025475197463625116	0	817	0.8481499999999913	0.9179926560587516	30.369808387756347
133	13300	816	1000	36.221513189463096	0.026866183406081576	0	816	0.8477999999999911	0.9240196078431373	30.561615884304047
134	13400	818	1000	35.655074397530406	0.02728135234851341	0	818	0.847399999999991	0.9168704156479217	30.7647833665212
135	13500	819	1000	34.351888050546485	0.028287032323993273	0	819	0.8467499999999909	0.9157509157509157	30.965719417730966
136	13600	819	1000	34.65344243708773	0.02804778253220708	0	819	0.8466499999999908	0.9206349206349206	31.159361517429353
137	13700	815	1000	315352.1471562154	3.171048105965575e-06	0	815	0.845999999999991	0.9226993865030675	31.390233568350475
138	13800	816	1000	33.181513643235924	0.029255579797821122	0	816	0.8450499999999905	0.9252450980392157	31.596920533974966
139	13900	815	1000	326395.6984282616	3.0637564804283364e-06	0	815	0.8446499999999904	0.9153374233128835	31.851135198275248
140	14000	816	1000	236774.68398453618	4.223406657185752e-06	0	816	0.8446999999999902	0.9154411764705882	32.097374284267424
141	14100	821	1000	208920.50871119215	4.786486590915706e-06	0	821	0.8433999999999899	0.9062119366626066	32.3394255677859
142	14200	820	1000	203198.47347476627	4.921272594361235e-06	0	820	0.8432499999999897	0.9097560975609756	32.58229581912359
143	14300	819	1000	29.95809532813461	0.03230172881763832	0	819	0.8429999999999898	0.9157509157509157	32.79595808585485
144	14400	817	1000	29.064550625701894	0.03326176440984651	0	817	0.8415999999999897	0.9130966952264382	33.04144681692124
145	14500	820	1000	4.303460657721417e+20	2.3237112629477994e-21	0	820	0.8401999999999893	0.9024390243902439	33.357923869291945
146	14600	819	1000	26.766995787316738	0.036013978885565096	0	819	0.8395999999999892	0.8998778998778999	33.650512230396274
147	14700	816	1000	23.59354018910762	0.040661083858227774	0	816	0.838699999999989	0.8921568627450981	33.9348011136055
148	14800	816	1000	4.093670150329139e+43	2.442795738976669e-44	0	816	0.8376999999999891	0.8884803921568627	34.280521953105925
149	14900	813	1000	24.189424892076584	0.03969919933799494	0	813	0.837599999999989	0.8917589175891759	34.60391185283661
150	15000	813	1000	21.740262294880452	0.04397486656190115	0	813	0.8364499999999888	0.8856088560885609	34.9685682853063
151	15100	814	1000	3162382.39413598	3.1621719297359834e-07	0	814	0.8354999999999887	0.8869778869778869	35.33175236781438
152	15200	816	1000	5521982.687315535	1.8109434156734017e-07	0	816	0.8348499999999884	0.883578431372549	35.667566084861754
153	15300	818	1000	19.150646289381562	0.04962619985677346	0	818	0.8341499999999883	0.8753056234718827	35.969111533959705
154	15400	826	1000	18.154648118221886	0.0522066494684753	0	826	0.8326999999999887	0.8680387409200968	36.347514967123665
155	15500	830	1000	17.018207372792812	0.05549941674608447	0	830	0.8324999999999884	0.8771084337349397	36.682426949342094
156	15600	830	1000	16.87696003644326	0.05593792221728077	0	830	0.8323999999999884	0.8722891566265061	37.02023476759593
157	15700	835	1000	14.887485670603297	0.06294262167929476	0	835	0.8316999999999887	0.874251497005988	37.36553186575572
158	15800	841	1000	15.274099833440944	0.0614473310496193	0	841	0.8295499999999882	0.8620689655172413	37.79327375094096
159	15900	840	1000	12.824325837158872	0.07233625796869358	0	840	0.8287499999999887	0.8607142857142858	38.17107616662979
160	16000	846	1000	11.609345758252683	0.07930625578615057	0	846	0.8263999999999881	0.8475177304964538	38.64862716595332
161	16100	848	1000	9.412686525194601	0.09603669500473233	0	848	0.8244999999999881	0.8313679245283019	39.13742756843567
162	16200	852	1000	8.802719195754648	0.10201251102174579	0	852	0.8236499999999883	0.8251173708920188	39.60346536636352
163	16300	851	1000	8.064087816543674	0.11032549774890871	0	851	0.8231499999999885	0.8296122209165687	40.02785129944483
164	16400	854	1000	7.015362342161742	0.12476042346081888	0	854	0.8220999999999886	0.832552693208431	40.52251173257828
165	16500	864	1000	5.7191259447412195	0.14882888164682467	0	864	0.819549999999988	0.8020833333333334	41.14938904841741
166	16600	868	1000	4.337809609665905	0.18734276287958315	0	868	0.8189499999999876	0.783410138248848	41.7522208015124
167	16700	869	1000	3.1302024618932434	0.24211888139294993	0	869	0.8182499999999879	0.7744533947065593	42.341703883806865
168	16800	874	1000	2.6191959807118748	0.27630446246331924	0	874	0.8171999999999875	0.7791762013729977	42.99818801879883
169	16900	875	1000	2.299762100510208	0.3030521502884648	0	875	0.8165999999999877	0.7794285714285715	43.54580361445745
170	17000	875	1000	2.1450057220457874	0.3179644453395501	0	875	0.8162999999999875	0.8	44.09959791501363
171	17100	880	1000	1.882828328790741	0.3468815641961828	0	880	0.8154999999999877	0.8079545454545455	44.712238419055936
172	17200	881	1000	1.5590979030315582	0.3907626975956567	0	881	0.8147499999999879	0.8047673098751419	45.359278150399525
173	17300	883	1000	1.2166579232982253	0.45112959897396937	0	883	0.8140999999999879	0.7859569648924122	46.04685595035553
174	17400	883	1000	0.6653356072325244	0.6004795643935174	0	883	0.814049999999988	0.7870894677236693	46.6637113014857
175	17500	888	1000	0.5496222437595346	0.6453185632995965	0	888	0.8131999999999879	0.8051801801801802	47.331451753775276
176	17600	891	1000	0.36101338828438617	0.7347466296863849	0	891	0.8127999999999879	0.8114478114478114	47.97288851737976
177	17700	893	1000	0.2564116956560703	0.7959174556058413	0	893	0.8128499999999879	0.7917133258678611	48.80645611683528
178	17800	897	1000	0.429943270617577	0.6993284422871621	0	897	0.8125499999999879	0.7692307692307693	49.721869536240895
179	17900	903	1000	0.43310678774383343	0.6977847070100885	0	903	0.812149999999988	0.7530454042081949	50.53347735404968
180	18000	912	1000	0.26664657710543077	0.789486205603794	0	912	0.8117999999999882	0.7291666666666666	51.4243235985438
181	18100	914	1000	0.21733973054040015	0.8214633720663016	0	914	0.8117999999999882	0.7330415754923414	52.143715516726175
182	18200	915	1000	0.1877198780942869	0.8419493673916733	0	915	0.8118499999999882	0.7442622950819672	52.879018398125964
183	18300	914	1000	0.18682180581317903	0.8425864734721709	0	914	0.8115499999999883	0.7417943107221007	53.74555774927139
184	18400	917	1000	1.2537945275972057e+19	7.975788520280256e-20	0	917	0.8112499999999884	0.7317339149400218	54.732472002506256
185	18500	922	1000	0.19665227182917927	0.8356646484040177	0	922	0.8105999999999884	0.7310195227765727	55.7277131040891
186	18600	922	1000	0.1922230030411761	0.838769254954111	0	922	0.8105999999999883	0.7310195227765727	56.55067710081736
187	18700	928	1000	0.18355517782072933	0.8449120233171485	0	928	0.8102999999999881	0.7435344827586207	57.424408634503685
188	18800	928	1000	0.1985980568785516	0.8343080436858453	0	928	0.8101999999999882	0.7661637931034483	58.24322586456935
189	18900	926	1000	1155528.0444264554	8.654044697737114e-07	0	926	0.8099999999999882	0.775377969762419	59.046753867467245
190	19000	928	1000	2204368.544142105	4.536444457134701e-07	0	928	0.8095999999999883	0.7801724137931034	60.053009402751925
191	19100	927	1000	0.22783310115723446	0.8144429394007202	0	927	0.8096499999999882	0.7713052858683926	60.8737180352211
192	19200	931	1000	0.24810941547202606	0.8012118069166293	0	931	0.8093499999999884	0.7626208378088077	61.77861963113149
193	19300	934	1000	3018893.6663091094	3.3124706574230913e-07	0	934	0.8089499999999881	0.7762312633832976	62.627708617846174
194	19400	934	1000	14762340.363181327	6.773993199304376e-08	0	934	0.808949999999988	0.7944325481798715	63.54610049724579
195	19500	935	1000	0.14202330222137532	0.8756388753669715	0	935	0.8089499999999881	0.8042780748663102	64.31970500151316
196	19600	937	1000	0.1370955092510211	0.8794336024233156	0	937	0.808899999999988	0.7908217716115261	65.21570141712824
197	19700	934	1000	0.13196574927562246	0.883418955599963	0	934	0.8086499999999879	0.8104925053533191	65.91311156749725
198	19800	937	1000	0.12890017895073738	0.8858179125540184	0	937	0.808599999999988	0.8110992529348986	66.64733150005341
199	19900	937	1000	0.1258116905735036	0.8882480155189955	0	937	0.808399999999988	0.8132337246531484	67.3802632689476
200	20000	938	1000	0.05993491162900474	0.9434541583908287	0	938	0.8080999999999883	0.8251599147121536	68.23493398427964
201	20100	941	1000	0.019888478077690078	0.9804993599739686	0	941	0.8079999999999883	0.8267800212539851	76.8502772172292
202	20200	941	1000	0.043924092305287876	0.9579240553704524	0	941	0.8079499999999881	0.8363443145589798	77.58000938495
203	20300	941	1000	0.04964077172512718	0.952706894527791	0	941	0.8078999999999881	0.842720510095643	78.25827996730804
204	20400	945	1000	0.04567079051776181	0.9563239301203508	0	945	0.8078499999999882	0.8317460317460318	79.08047493298848
205	20500	947	1000	1397820.3487734175	7.153990035117835e-07	0	947	0.8075999999999882	0.8268215417106652	79.81333816846212
206	20600	948	1000	3751414.737044414	2.6656603002573607e-07	0	948	0.8075999999999883	0.8449367088607594	80.60112677017848
207	20700	949	1000	0.13181503438707115	0.8835365935402555	0	949	0.8073999999999882	0.8335089567966281	81.35537541707357
208	20800	950	1000	48583903770.03959	2.0582948721302438e-11	0	950	0.8069499999999884	0.8305263157894737	82.14484420220057
209	20900	950	1000	77201141334288.84	1.2953176374295876e-14	0	950	0.8067999999999885	0.8347368421052631	83.0049234509468
210	21000	950	1000	0.23661243609911828	0.8086607984911507	0	950	0.8064999999999884	0.8505263157894737	83.80020225048065
211	21100	951	1000	0.17999669319720182	0.8474600020195813	0	951	0.8063499999999884	0.8464773922187171	84.60968035062155
212	21200	952	1000	0.21342589263290937	0.8241129566060151	0	952	0.8063499999999884	0.8508403361344538	85.31728309790293
213	21300	952	1000	19106.61553986126	5.233515390310501e-05	0	952	0.8061499999999886	0.8109243697478992	86.48352405230204
214	21400	955	1000	694390.0983952447	1.4401106268657896e-06	0	955	0.8059499999999884	0.8083769633507853	87.43122475147247
215	21500	959	1000	4135944.1193554457	2.4178270531690277e-07	0	959	0.8058499999999885	0.786235662148071	88.40517768462499
216	21600	957	1000	2573900.5257757916	3.885152520349795e-07	0	957	0.8059499999999885	0.7951933124346917	89.24101155201593
217	21700	957	1000	0.251539431309611	0.7990159758319401	0	957	0.8056999999999885	0.7931034482758621	90.16917819976807
218	21800	955	1000	3.140142131251366	0.24153760143924044	0	955	0.8056999999999885	0.806282722513089	90.89972563584645
219	21900	955	1000	3.2798662868924855	0.23365215942904552	0	955	0.8056499999999887	0.8073298429319372	91.68697226842245
220	22000	956	1000	0.18809830441879186	0.8416811944607496	0	956	0.8053999999999883	0.7939330543933054	92.63206706841787
221	22100	958	1000	0.08945095108321546	0.9178935490447949	0	958	0.8053999999999883	0.7776617954070981	93.6569450855255
222	22200	957	1000	0.08433061745595605	0.9222279477325729	0	957	0.8052499999999885	0.7732497387669801	94.48291788498561
223	22300	954	1000	0.11423571631858263	0.8974761671650452	0	954	0.8051999999999886	0.8050314465408805	95.29677818218867
224	22400	954	1000	0.15709252204985452	0.8642351246281013	0	954	0.8050999999999885	0.8186582809224319	96.12857524951299
225	22500	957	1000	0.18441721041176568	0.8442970865412767	0	957	0.8049999999999887	0.8150470219435737	97.15644178390502
226	22600	955	1000	0.15906389501444088	0.8627652058711921	0	955	0.8049499999999888	0.8031413612565445	98.05225558280945
227	22700	957	1000	0.0767752108647366	0.9286989428340573	0	957	0.8049499999999888	0.7983281086729362	99.04431928396225
228	22800	957	1000	0.08485321981215825	0.9217836862512603	0	957	0.8048499999999887	0.7889237199582028	99.88818262020747
229	22900	959	1000	0.0813501120571601	0.9247698676403708	0	959	0.8045999999999888	0.7726798748696558	100.88646219968795
230	23000	961	1000	0.11085998622985099	0.9002034571376554	0	961	0.8043999999999888	0.777315296566077	101.90524894793829
231	23100	965	1000	0.05455625321521867	0.9482661517117906	0	965	0.8042499999999887	0.7823834196891192	102.9678420027097
232	23200	966	1000	0.06415872343693256	0.9397094418117272	0	966	0.8040999999999887	0.7753623188405797	103.89017734924953
233	23300	966	1000	0.036018108315609296	0.9652340938575209	0	966	0.803999999999989	0.7660455486542443	104.85478136936824
234	23400	967	1000	0.020410113977317026	0.9799981265397663	0	967	0.8038999999999888	0.7642192347466391	105.79135151704152
235	23500	972	1000	0.039347112084201157	0.962142472301387	0	972	0.803899999999989	0.7613168724279835	106.94751220146814
236	23600	977	1000	0.09847791803670863	0.9103505710768255	0	977	0.8038499999999889	0.7615148413510747	107.91922525167465
237	23700	978	1000	0.1410347073043358	0.8763975307661529	0	978	0.8038499999999891	0.7566462167689162	109.08077031771342
238	23800	981	1000	0.19425468048543312	0.837342332703713	0	981	0.803649999999989	0.7410805300713558	110.16997675100963
239	23900	981	1000	0.21410103155267468	0.8236546827747377	0	981	0.8034499999999889	0.7410805300713558	111.24254466692607
240	24000	979	1000	0.1969261366256696	0.8354734426797324	0	979	0.803499999999989	0.7528089887640449	112.1986879348755
241	24100	978	1000	0.22803882556271146	0.8143065017034623	0	978	0.803549999999989	0.7750511247443763	113.09406543572744
242	24200	978	1000	0.2472972196512034	0.8017335276989088	0	978	0.803599999999989	0.7740286298568507	114.05587601661682
243	24300	975	1000	0.24596379627026776	0.8025915383684916	0	975	0.803549999999989	0.7764102564102564	115.029620552063
244	24400	974	1000	0.27668919836972783	0.783275993309063	0	974	0.803499999999989	0.7679671457905544	116.08631771802902
245	24500	974	1000	0.30187423330272606	0.7681233520254096	0	974	0.8034499999999891	0.7926078028747433	117.04032443364461
246	24600	976	1000	0.29443112102480407	0.7725401404195982	0	976	0.803549999999989	0.7899590163934426	118.06210443178813
247	24700	976	1000	0.2376618520482499	0.8079751333896775	0	976	0.8035999999999891	0.8094262295081968	118.98938201665878
248	24800	977	1000	0.17097958861719276	0.8539858505825006	0	977	0.803449999999989	0.8116683725690891	120.04766405026118
249	24900	979	1000	2615339381072840.0	3.823595542654923e-16	0	979	0.803449999999989	0.832482124616956	121.01374768416086
250	25000	980	1000	0.20538448992774935	0.8296108074693578	0	980	0.803399999999989	0.8224489795918367	122.13465135097503
251	25100	981	1000	0.21237385432597633	0.8248280812323799	0	981	0.803399999999989	0.8246687054026504	123.0036270181338
252	25200	984	1000	3178.970328777285	0.00031446834297491863	0	984	0.803399999999989	0.801829268292683	124.27000261942545
253	25300	982	1000	1119.7022041704256	0.0008922977007439968	0	982	0.8032999999999891	0.7983706720977597	125.3145172158877
254	25400	983	1000	2.1724204453134175	0.3152167303288217	0	983	0.8031499999999892	0.7965412004069176	126.3809620141983
255	25500	983	1000	2.728236198621785	0.26822334925283686	0	983	0.8031499999999892	0.8036622583926755	127.32885515292486
256	25600	985	1000	0.2373592648291389	0.8081727178388124	0	985	0.8031999999999894	0.8081218274111676	128.3213172674179
257	25700	981	1000	1.526490521672242	0.3958059574821269	0	981	0.8031999999999894	0.8063200815494393	129.3089550336202
258	25800	981	1000	2.9013310822082725	0.25632277264557857	0	981	0.8030999999999893	0.8256880733944955	130.2332254687945
259	25900	979	1000	0.11637961782368429	0.8957526490401542	0	979	0.8030999999999895	0.8243105209397344	131.18912503321965
260	26000	978	1000	0.11112134407197699	0.8999917113780341	0	978	0.8031999999999895	0.8128834355828221	132.57205278476079
261	26100	978	1000	0.07563985527873819	0.9296791998664486	0	978	0.8033499999999898	0.8057259713701431	149.27354776859283
262	26200	977	1000	0.06084415773691416	0.942645526872946	0	977	0.8033499999999898	0.834186284544524	150.43771906693777
263	26300	977	1000	0.0589269608301674	0.9443521951844814	0	977	0.8032999999999896	0.8372569089048106	151.61961405277253
264	26400	977	1000	0.06074950715797	0.9427296390448164	0	977	0.8033499999999896	0.842374616171955	152.79777644872667
265	26500	977	1000	0.05503080312759359	0.9478396242418162	0	977	0.8033499999999895	0.8393039918116684	153.99564320246378
266	26600	980	1000	0.01731823737151195	0.9829765782865961	0	980	0.8033499999999894	0.8346938775510204	155.24119645357132
267	26700	978	1000	0.05063928267855373	0.951801456966799	0	978	0.8033499999999894	0.8343558282208589	156.39062821865082
268	26800	979	1000	0.09678155184330957	0.9117585888633399	0	979	0.8032999999999894	0.8232890704800817	157.6342515349388
269	26900	980	1000	0.06166012012789639	0.9419210357826493	0	980	0.8032499999999894	0.8071428571428572	158.9557881832123
270	27000	979	1000	0.08076415517518445	0.9252712492467025	0	979	0.8032999999999892	0.8120531154239019	160.3414869507154
271	27100	980	1000	0.08425503846118577	0.9222922324799491	0	980	0.8032999999999891	0.8142857142857143	161.50695903301238
272	27200	981	1000	0.09982259980817451	0.9092375444680032	0	981	0.8034499999999892	0.8114169215086646	162.70310773452124
273	27300	980	1000	0.13121871026726878	0.8840023515556366	0	980	0.8033999999999891	0.7989795918367347	164.02376570304236
274	27400	982	1000	0.1301422229247328	0.8848443848173962	0	982	0.8033999999999891	0.7881873727087576	165.3977270523707
275	27500	982	1000	0.16475841267177985	0.8585471365741425	0	982	0.8034499999999893	0.7820773930753564	166.67398983637491
276	27600	982	1000	0.20515626337554868	0.8297679150744137	0	982	0.8033999999999893	0.7922606924643585	167.85866358280182
277	27700	983	1000	0.13209437964510282	0.8833185801288822	0	983	0.8032999999999891	0.7792472024415056	169.30757703383765
278	27800	984	1000	0.17686763329241362	0.8497132317271675	0	984	0.8034499999999891	0.7804878048780488	170.67556468248367
279	27900	986	1000	0.22336593730654822	0.8174169065076906	0	986	0.8033499999999891	0.7758620689655172	172.13030531803767
280	28000	985	1000	0.23709764290731647	0.8083436305398572	0	985	0.8032499999999893	0.7908629441624365	173.39761313597361
281	28100	987	1000	0.22260254928364087	0.8179272982752487	0	987	0.8033999999999891	0.7750759878419453	174.86910543441772
282	28200	989	1000	0.27471621459380324	0.7844883343848078	0	989	0.8033499999999892	0.7795753286147624	176.11342653036118
283	28300	990	1000	0.27447507277890093	0.7846367664293129	0	990	0.8031999999999893	0.7676767676767676	177.7592641870181
284	28400	991	1000	0.2381446375476438	0.8076600824122376	0	991	0.8031999999999893	0.786074672048436	178.98418155113856
285	28500	991	1000	0.21773948274901486	0.8211937070008819	0	991	0.8033499999999894	0.79313824419778	180.12111250162124
286	28600	992	1000	0.17667132391024892	0.8498549932166746	0	992	0.8033999999999895	0.7883064516129032	181.34364713430404
287	28700	992	1000	0.1641990661811927	0.8589596307444235	0	992	0.8033999999999895	0.811491935483871	185.09734061956405
288	28800	992	1000	0.1784543920315551	0.8485691145637678	0	992	0.8033499999999895	0.8155241935483871	186.34551755189895
289	28900	993	1000	0.14444016081619188	0.8737896783409104	0	993	0.8033499999999894	0.8147029204431017	187.7500276048978
290	29000	993	1000	0.11558585523290886	0.8963899957222233	0	993	0.8033499999999894	0.8227593152064451	188.88082128365835
291	29100	992	1000	1.1319328342636545	0.4690579289968057	0	992	0.8030999999999894	0.8256048387096774	190.3355436682701
292	29200	994	1000	0.16615831267459863	0.8575165045185739	0	994	0.8030999999999894	0.8078470824949698	191.96257161696752
293	29300	994	1000	0.054131246354304004	0.9486484756603923	0	994	0.8029499999999893	0.8350100603621731	193.40200868447621
294	29400	992	1000	0.0570458372854276	0.9460327686149111	0	992	0.802849999999989	0.8336693548387096	194.956356549263
295	29500	990	1000	0.07934801262264579	0.9264852376669109	0	990	0.802749999999989	0.8282828282828283	196.58306433359783
296	29600	992	1000	0.05828670734144549	0.9449235193666287	0	992	0.8024499999999888	0.8125	198.47207950353624
297	29700	991	1000	0.03945361291373113	0.9620438926532401	0	991	0.8024499999999888	0.8012108980827447	200.12138185103734
298	29800	993	1000	0.04552961330647005	0.9564530619439048	0	993	0.8023499999999889	0.7945619335347432	201.79152808189392
299	29900	995	1000	0.04856736611810714	0.9536821689407443	0	995	0.8020499999999888	0.7969849246231155	203.6071138660113
300	30000	995	1000	0.03924764888165744	0.9622345560041516	0	995	0.8020999999999889	0.771859296482412	205.59158398310345
301	30100	993	1000	0.039504997383099844	0.9619963372157405	0	993	0.8020499999999888	0.7935548841893253	225.16958346764247
302	30200	993	1000	0.07345799110740744	0.9315688255004501	0	993	0.8020499999999889	0.7935548841893253	227.01682355006537
303	30300	993	1000	2.3837515638247146	0.29552997054833485	0	993	0.8020499999999889	0.7955689828801611	228.61030172109605
304	30400	993	1000	0.0687874369863394	0.93563974032077	0	993	0.8020499999999889	0.797583081570997	230.24035153388976
305	30500	991	1000	2.474971947895854	0.2877721072267978	0	991	0.8019999999999889	0.7951564076690212	231.96841176748276
306	30600	991	1000	0.04464415903477543	0.957263764269715	0	991	0.802149999999989	0.8163471241170535	233.62724080085755
307	30700	992	1000	0.03836820353455368	0.9630495200026828	0	992	0.802099999999989	0.811491935483871	235.393397851785
308	30800	991	1000	0.045140037627353545	0.9568095795757388	0	991	0.8019999999999889	0.805247225025227	237.31327284971874
309	30900	991	1000	0.05657381487436727	0.946455407016599	0	991	0.8019999999999888	0.8173562058526741	239.03182698488234
310	31000	991	1000	0.05707719884118528	0.946004701545208	0	991	0.8019999999999888	0.8365287588294652	240.70278630256652
311	31100	992	1000	0.2635799611139803	0.791402230784345	0	992	0.802249999999989	0.8235887096774194	242.4619336684545
312	31200	992	1000	0.1189941506273864	0.8936597205975831	0	992	0.8021999999999889	0.8397177419354839	244.06464473406473
313	31300	992	1000	0.11748324184709968	0.8948680056687827	0	992	0.8021499999999889	0.8356854838709677	245.76052678426106
314	31400	993	1000	0.11854303364496212	0.8940201404154566	0	993	0.8019999999999889	0.8036253776435045	248.1246640364329
315	31500	993	1000	0.11603871151166929	0.8960262665490382	0	993	0.8019999999999888	0.8076535750251762	249.88927930196127
316	31600	993	1000	0.1185270254843247	0.8940329354733273	0	993	0.8019999999999888	0.8056394763343404	251.7292139172554
317	31700	992	1000	0.058108660824450056	0.9450825203725548	0	992	0.8020999999999889	0.8094758064516129	253.70383261442186
318	31800	992	1000	4.294035776188649e+59	2.3288115239868632e-60	0	992	0.8020999999999889	0.8064516129032258	256.1147772868474
319	31900	993	1000	0.04261925461659497	0.9591228970423461	0	993	0.8021499999999889	0.796576032225579	258.4949323018392
320	32000	989	1000	0.05562922654345058	0.947302305445253	0	989	0.8020999999999892	0.7957532861476239	260.76423113743465
321	32100	990	1000	1.905550549897651	0.34416885296840743	0	990	0.802149999999989	0.8080808080808081	262.9300978342692
322	32200	992	1000	2.2983296242039564	0.3031837669169732	0	992	0.801999999999989	0.7893145161290323	270.9755014499029
323	32300	992	1000	0.006231713254251161	0.9938068804906803	0	992	0.801999999999989	0.8004032258064516	273.14057361682256
324	32400	991	1000	0.015059201692065035	0.9851642134104476	0	991	0.801749999999989	0.8032290615539859	275.8972795685132
325	32500	991	1000	0.05016264222267264	0.9522334539376651	0	991	0.801749999999989	0.8062563067608476	277.5646273851395
326	32600	991	1000	0.050016988468478935	0.9523655435885546	0	991	0.8018999999999888	0.786074672048436	279.2717574000359
327	32700	991	1000	0.055885033724941684	0.9470728043868649	0	991	0.8018999999999888	0.7991927346115035	280.6007150650024
328	32800	990	1000	0.06686924035870621	0.9373219905222657	0	990	0.8020499999999889	0.7858585858585858	282.59145950078965
329	32900	988	1000	0.1296278615898416	0.8852472871841148	0	988	0.8020499999999889	0.791497975708502	284.0394073009491
330	33000	988	1000	0.1272352337442267	0.8871262803580031	0	988	0.8020499999999889	0.7874493927125507	285.5396634340286
331	33100	988	1000	0.13826487318634173	0.8785301414078629	0	988	0.8020499999999888	0.7763157894736842	287.040509502093
332	33200	989	1000	0.13545774795021343	0.8807020796724944	0	989	0.8020499999999888	0.7917087967644085	288.57967743476235
333	33300	989	1000	0.1273537924705926	0.8870329852782975	0	989	0.8018999999999888	0.7724974721941354	290.20456898212433
334	33400	989	1000	0.12266387803924543	0.8907385545765663	0	989	0.8018999999999888	0.8088978766430738	291.51859348217647
335	33500	989	1000	0.1374041566792225	0.8791949582104666	0	989	0.8016499999999889	0.7997977755308392	293.10099551677706
336	33600	989	1000	0.1352609673831185	0.8808547362507253	0	989	0.8016499999999889	0.8250758341759353	294.4073400338491
337	33700	987	1000	0.1209808709817997	0.8920758827259561	0	987	0.8016499999999889	0.8115501519756839	295.9694763819377
338	33800	985	1000	0.11596541391819223	0.89608511834517	0	985	0.8015499999999888	0.8406091370558376	297.53916448752085
339	33900	985	1000	0.07777945133050225	0.9278336108241024	0	985	0.8015499999999888	0.8446700507614213	298.9319332679113
340	34000	985	1000	0.08100315244278121	0.9250666824978858	0	985	0.8015499999999888	0.8527918781725888	300.25509123802186
341	34100	985	1000	0.11843679687750759	0.8941050605558011	0	985	0.801799999999989	0.8426395939086294	301.79676558176675
342	34200	987	1000	0.1361063924605488	0.8801992547847801	0	987	0.801749999999989	0.8328267477203647	303.4106552322706
343	34300	988	1000	0.19119020917227508	0.8394964904008674	0	988	0.8016499999999891	0.8289473684210527	305.12539523442587
344	34400	988	1000	2.1796743438905875	0.3144976157452714	0	988	0.8016999999999891	0.8076923076923077	306.7341774344444
345	34500	988	1000	0.6199186590065159	0.6173149463031018	0	988	0.801549999999989	0.8026315789473685	308.56187971433
346	34600	987	1000	0.118555333545656	0.894010309557192	0	987	0.8016499999999892	0.7801418439716312	310.44355571667353
347	34700	987	1000	0.10868982021902551	0.9019655288279336	0	987	0.8016499999999892	0.7720364741641338	312.3244141141574
348	34800	989	1000	0.11725084208702966	0.8950541474929617	0	989	0.8016499999999889	0.7745197168857432	313.9824227174123
349	34900	989	1000	0.11238672418256561	0.8989679382724092	0	989	0.8016499999999889	0.7623862487360971	315.7011187672615
350	35000	986	1000	0.11207271954641687	0.8992217706840897	0	986	0.801849999999989	0.7515212981744422	317.367593117555
351	35100	986	1000	0.10638499539771097	0.9038445063515446	0	986	0.801849999999989	0.757606490872211	318.9895455678304
352	35200	986	1000	0.1189346579729997	0.8937072356052898	0	986	0.801849999999989	0.7565922920892495	320.5925444841385
353	35300	986	1000	0.07357913071552724	0.9314637099302706	0	986	0.801849999999989	0.7728194726166329	322.12399215300877
354	35400	987	1000	0.03205860292663034	0.9689372262042862	0	987	0.801749999999989	0.7781155015197568	323.8150269349416
355	35500	987	1000	0.03397126084965521	0.9671448693634486	0	987	0.801649999999989	0.7922998986828774	325.609929116567
356	35600	988	1000	0.10611446274664983	0.904065567967395	0	988	0.8014999999999889	0.7742914979757085	327.75598771969476
357	35700	988	1000	0.12003191952831692	0.8928316975297755	0	988	0.8014999999999889	0.7925101214574899	329.36194045146306
358	35800	990	1000	0.18902949358251425	0.841022031326596	0	990	0.8014499999999888	0.7808080808080808	331.30735690196354
359	35900	992	1000	0.2409936742503074	0.8058058801984681	0	992	0.8013999999999888	0.7893145161290323	332.8560355703036
360	36000	993	1000	2.0927374926476174	0.3233381437568839	0	993	0.8013999999999888	0.783484390735146	334.65351558526356
361	36100	993	1000	0.17907234816555545	0.8481243763843984	0	993	0.8013999999999888	0.796576032225579	336.07666458288827
362	36200	992	1000	0.18992240379212685	0.8403909337391506	0	992	0.8013999999999888	0.7752016129032258	338.0192355354627
363	36300	992	1000	0.19132540878517318	0.8394012186978594	0	992	0.8015499999999889	0.748991935483871	340.0716900149981
364	36400	993	1000	0.16251158933443252	0.8602064780898447	0	993	0.8014499999999889	0.7391742195367573	725.5245727856953
365	36500	994	1000	0.06477683333282869	0.93916393435226	0	994	0.8014999999999889	0.7243460764587525	727.3566668987274
366	36600	994	1000	0.08588572170354375	0.9209072188841328	0	994	0.8014499999999888	0.7565392354124748	728.915522869428
367	36700	995	1000	0.12588871494212145	0.88818724864065	0	995	0.801899999999989	0.7165829145728643	731.144677400589
368	36800	995	1000	0.14208001735636155	0.8755953915687602	0	995	0.801649999999989	0.7115577889447237	732.9756507158279
369	36900	995	1000	118.8753392149188	0.00834199933488528	0	995	0.801649999999989	0.7095477386934673	734.7187459866205
370	37000	995	1000	0.19310417292631604	0.8381497799536722	0	995	0.801649999999989	0.7276381909547739	775.5086494525274
371	37100	995	1000	0.2134192384584134	0.8241174758943565	0	995	0.801599999999989	0.6984924623115578	783.754113984108
372	37200	995	1000	0.21790879816816386	0.8210795434798429	0	995	0.801599999999989	0.7266331658291457	785.0725602666537
373	37300	995	1000	0.21801225859706874	0.8210097993199349	0	995	0.801549999999989	0.7547738693467336	786.5018681645394
374	37400	993	1000	0.20321910402459253	0.8311038252759998	0	993	0.8015499999999891	0.7653575025176234	787.9241963823637
375	37500	991	1000	0.19359262891491935	0.8378067824606859	0	991	0.8015999999999889	0.7699293642785066	789.73656103611
376	37600	991	1000	0.18900157535059497	0.8410417788598262	0	991	0.8015999999999889	0.7679112008072654	791.4162515679996
377	37700	991	1000	1.840939745401515	0.3519962018267544	0	991	0.801749999999989	0.7961654894046418	793.1720043023428
378	37800	991	1000	0.2323113787824906	0.8114832153769354	0	991	0.8017999999999891	0.8193743693239153	794.7510123332341
379	37900	991	1000	0.22471471861790285	0.8165166832717626	0	991	0.801849999999989	0.8113017154389506	796.5636699040731
380	38000	992	1000	0.22485899762347078	0.816420503862279	0	992	0.801849999999989	0.8125	798.1902531186739
381	38100	992	1000	0.23262685446928918	0.8112755262261041	0	992	0.801849999999989	0.8316532258064516	799.7857297698657
382	38200	992	1000	0.2974234971223082	0.7707583547068517	0	992	0.801849999999989	0.8165322580645161	801.5083602190018
383	38300	992	1000	1.6760039145416017e+46	5.966573176372961e-47	0	992	0.801799999999989	0.7993951612903226	803.4016369700432
384	38400	992	1000	0.29611513088715413	0.7715363984027624	0	992	0.801799999999989	0.7973790322580645	805.0979494333267
385	38500	990	1000	0.29042042379769817	0.7749412374123831	0	990	0.8017999999999891	0.8121212121212121	806.807337017854
386	38600	988	1000	0.27465051267258267	0.7845287708732662	0	988	0.8017999999999891	0.8097165991902834	808.5900719682376
387	38700	989	1000	0.2170888970221613	0.8216326699279646	0	989	0.801799999999989	0.8190091001011123	810.4676119645436
388	38800	989	1000	0.23459974660917812	0.8099791067886535	0	989	0.8017499999999889	0.8281092012133469	811.9710344155629
389	38900	989	1000	0.20645243070249636	0.8288764434895434	0	989	0.8018499999999888	0.839231547017189	813.5840727170308
390	39000	989	1000	0.17900261929490685	0.8481745363704468	0	989	0.8018499999999887	0.8210313447927199	815.3641147851944
391	39100	989	1000	0.15562397785720317	0.865333377604568	0	989	0.8017999999999887	0.8058645096056622	817.1552574515342
392	39200	992	1000	0.13478071768141717	0.8812275221270934	0	992	0.8017999999999889	0.7913306451612904	819.0931368867556
393	39300	991	1000	0.13575682010834023	0.8804701695778588	0	991	0.8019499999999888	0.8032290615539859	820.667506714662
394	39400	989	1000	0.12745528574467133	0.8869531347662373	0	989	0.8018499999999886	0.7745197168857432	822.6591625849406
395	39500	989	1000	0.058018101661295673	0.9451634130170401	0	989	0.8018499999999886	0.7795753286147624	824.0517543355624
396	39600	990	1000	0.059198407078007366	0.9441101811686848	0	990	0.8018499999999886	0.7666666666666667	825.71204559803
397	39700	988	1000	0.0544340581132925	0.9483760433433914	0	988	0.8018499999999887	0.7874493927125507	827.0775515516599
398	39800	986	1000	0.05856928253687735	0.9446712808475651	0	986	0.8018499999999886	0.7920892494929006	828.4887640357017
399	39900	984	1000	0.05613222044560413	0.9468511429166315	0	984	0.8018499999999886	0.8028455284552846	829.8606172362963
400	40000	984	1000	0.05603546727616959	0.9469378927009887	0	984	0.8018999999999886	0.8028455284552846	831.658276617527
401	40100	987	1000	0.053231758535478436	0.9494586465855366	0	987	0.8019499999999884	0.8014184397163121	833.368020884196
402	40200	988	1000	0.033353800077204884	0.9677227682573839	0	988	0.8019999999999886	0.8016194331983806	835.1312754313151
403	40300	987	1000	0.0033496047431087464	0.9966615776522219	0	987	0.8019999999999885	0.8095238095238095	836.4581981341045
404	40400	988	1000	0.003237554904045705	0.9967728930319445	0	988	0.8020499999999886	0.812753036437247	838.3453712821007
405	40500	991	1000	0.049185858794118645	0.9531199754725531	0	991	0.8020499999999887	0.7880928355196771	840.3196768840154
406	40600	990	1000	0.09525354327863302	0.9130306002083387	0	990	0.8021999999999888	0.7858585858585858	842.1375719189643
407	40700	992	1000	3.62185110118403e+24	2.76101908130096e-25	0	992	0.8022499999999887	0.7671370967741935	843.8792487661044
408	40800	993	1000	4.807195546676547e+23	2.0802149408949042e-24	0	993	0.8022499999999888	0.75730110775428	845.593630182743
409	40900	993	1000	0.22259639716471433	0.8179314140946835	0	993	0.802249999999989	0.7411883182275931	847.4084373195966
410	41000	993	1000	0.3207980414883311	0.757118021520654	0	993	0.802349999999989	0.7492447129909365	849.2369059681893
411	41100	993	1000	0.33735621134153426	0.7477439380169895	0	993	0.802199999999989	0.75730110775428	850.8307481487592
412	41200	993	1000	155751.80237852008	6.420430224874788e-06	0	993	0.802199999999989	0.7734138972809668	852.4776961843173
413	41300	993	1000	0.3585027845985627	0.736104490426569	0	993	0.802199999999989	0.7693856998992951	853.9092477003734
414	41400	993	1000	0.35422712890885655	0.7384285683345685	0	993	0.802349999999989	0.7844914400805639	855.5554129521053
415	41500	993	1000	0.3533195432966902	0.7389237855562162	0	993	0.802349999999989	0.8167170191339376	857.0105902353922
416	41600	992	1000	0.4308420699069145	0.6988891513827634	0	992	0.802099999999989	0.8245967741935484	858.8084922671318
417	41700	992	1000	0.2697911794814879	0.7875310650750813	0	992	0.802099999999989	0.8397177419354839	860.1689795017243
418	41800	992	1000	0.3227015282210176	0.7560284604380562	0	992	0.8022999999999891	0.8336693548387096	861.7785182992617
419	41900	991	1000	0.34660084947205316	0.7426105518885265	0	991	0.8021499999999891	0.8395560040363269	863.2837451140086
420	42000	991	1000	1.9155783470062708	0.34298512369828943	0	991	0.8021499999999891	0.8435923309788093	864.8489939173063
421	42100	991	1000	0.2662516146031576	0.7897324579628664	0	991	0.802149999999989	0.8456104944500504	866.3278866648674
422	42200	988	1000	0.29732665527610913	0.7708158896859871	0	988	0.8019999999999894	0.8552631578947368	867.8083882848422
423	42300	988	1000	0.29354567649962227	0.7730689516167943	0	988	0.8019999999999894	0.847165991902834	869.3539096832276
424	42400	988	1000	0.4070381898197564	0.7107127633316772	0	988	0.8020999999999894	0.8178137651821862	871.3269649863244
425	42500	991	1000	0.6792680705148804	0.5954975370271823	0	991	0.8020499999999894	0.798183652875883	873.2257160504658
426	42600	990	1000	0.8031161994905333	0.5545954277836048	0	990	0.8020499999999893	0.8111111111111111	874.9280621170998
427	42700	990	1000	0.6132709863690846	0.6198586650657212	0	990	0.8019499999999892	0.7898989898989899	876.7215345342954
428	42800	990	1000	0.3985161143129442	0.7150436021191466	0	990	0.8019499999999891	0.798989898989899	878.2433031360308
429	42900	990	1000	0.31643428832317777	0.7596277374951701	0	990	0.8017999999999889	0.7868686868686868	879.9694522500038
430	43000	990	1000	0.27969038451327255	0.781439020017602	0	990	0.8017999999999889	0.7898989898989899	881.6970962842305
431	43100	991	1000	0.26624574548636465	0.7897361184150713	0	991	0.8017999999999889	0.7800201816347124	883.5545938491821
432	43200	990	1000	0.29736256484865975	0.770794554347768	0	990	0.8017999999999889	0.7868686868686868	885.6712066332499
433	43300	990	1000	0.29396118559353845	0.7728207083285124	0	990	0.8018499999999888	0.7747474747474747	888.5296903014183
434	43400	988	1000	0.29574872837072386	0.7717545679225951	0	988	0.8018499999999888	0.7965587044534413	890.7439592838288
435	43500	989	1000	0.3431917165691407	0.7444953595710513	0	989	0.8017499999999887	0.8038422649140546	892.5315659324328
436	43600	990	1000	0.36918942967292445	0.73035912951715	0	990	0.8015999999999887	0.798989898989899	894.2724701007207
437	43700	990	1000	0.33553369832813645	0.7487643338777836	0	990	0.8016499999999888	0.797979797979798	896.0067150354386
438	43800	990	1000	0.3477982685640478	0.7419507973291922	0	990	0.8016499999999888	0.796969696969697	897.5482176025708
439	43900	991	1000	1.9952648963057347	0.33386028769387593	0	991	0.8016999999999886	0.8062563067608476	899.1464683334033
440	44000	992	1000	2.332470612050387	0.30007766501644395	0	992	0.8015999999999887	0.811491935483871	900.8151584982872
441	44100	992	1000	0.3313093522883455	0.7511402201758229	0	992	0.8015999999999887	0.8205645161290323	902.4989869316419
442	44200	992	1000	0.36242782121040973	0.7339838371118838	0	992	0.8014999999999888	0.8104838709677419	904.0561857859294
443	44300	992	1000	0.36339594351951365	0.7334626487288558	0	992	0.8014999999999888	0.8195564516129032	905.5742969195048
444	44400	993	1000	0.35980876318248983	0.7353975257959103	0	993	0.8015499999999888	0.8267875125881168	907.1528579990069
445	44500	991	1000	0.349614840227272	0.7409521370049563	0	991	0.8015499999999887	0.8375378405650857	908.7679413835208
446	44600	991	1000	0.36919051488623966	0.7303585506382841	0	991	0.8015499999999887	0.851664984863774	910.306268119812
447	44700	993	1000	0.3355646884057269	0.7487469597550584	0	993	0.8014999999999888	0.850956696878147	911.9112291852633
448	44800	994	1000	976529.4360149435	1.024033622629144e-06	0	994	0.8014999999999887	0.8350100603621731	913.8439924518267
449	44900	994	1000	18167255.284631148	5.50440850468964e-08	0	994	0.8014999999999887	0.8480885311871227	915.3651384870211
450	45000	994	1000	0.27967721893679887	0.7814470596193276	0	994	0.8013999999999886	0.8531187122736419	916.9680119673411
451	45100	994	1000	0.27963703689743163	0.7814715979341837	0	994	0.8016999999999889	0.8360160965794768	918.9373362660408
452	45200	993	1000	0.3567901634974637	0.7370336452191336	0	993	0.801799999999989	0.8308157099697885	920.5937610864639
453	45300	994	1000	0.35281753478417355	0.7391979881156245	0	994	0.8016499999999889	0.7947686116700201	922.708803665638
454	45400	996	1000	0.3546743553793525	0.7381847866456199	0	996	0.8018499999999891	0.7540160642570282	925.0857946157455
455	45500	996	1000	0.34980233578505265	0.7408492143543332	0	996	0.8018499999999891	0.7550200803212851	926.7933247685432
456	45600	996	1000	0.369173678927992	0.7303675314463829	0	996	0.801749999999989	0.7299196787148594	928.8958611528079
457	45700	994	1000	0.3354778041064072	0.7487956721745131	0	994	0.801799999999989	0.721327967806841	930.9568678180377
458	45800	994	1000	0.34783063524639196	0.7419329801901955	0	994	0.801799999999989	0.7283702213279678	932.8406619509061
459	45900	994	1000	0.30625054391408574	0.7655499204643942	0	994	0.801649999999989	0.6951710261569416	934.967407766978
460	46000	994	1000	0.32872187378046536	0.7526029485424295	0	994	0.8015999999999889	0.6971830985915493	936.7134886662166
461	46100	994	1000	0.33130709399498043	0.7511414943333655	0	994	0.8015999999999889	0.7062374245472837	938.6404340346654
462	46200	994	1000	0.39914316120217336	0.7147231446571763	0	994	0.801749999999989	0.6941649899396378	940.6010918180148
463	46300	994	1000	0.42140312819291853	0.703530180963747	0	994	0.801749999999989	0.7173038229376257	942.3060996174812
464	46400	993	1000	0.41853356465822095	0.7049533581117189	0	993	0.801749999999989	0.729103726082578	944.6063065648079
465	46500	993	1000	0.4066048638004793	0.710931709206606	0	993	0.801749999999989	0.7331319234642497	946.2008832494417
466	46600	993	1000	0.427669129099052	0.7004424061694619	0	993	0.801749999999989	0.75730110775428	947.8489104191463
467	46700	993	1000	91828.34225906439	1.0889765464930038e-05	0	993	0.8017999999999892	0.7774420946626385	949.3990738312403
468	46800	994	1000	142355.11744487545	7.024636650316275e-06	0	994	0.8018999999999892	0.7887323943661971	951.1645566821098
469	46900	993	1000	0.352201382822673	0.7395348153782648	0	993	0.801649999999989	0.7693856998992951	953.5108909328778
470	47000	991	1000	0.26676577617573544	0.789411917188764	0	991	0.8016999999999889	0.7658930373360242	955.3141030351321
471	47100	991	1000	0.21305554354211603	0.8243645604883063	0	991	0.8016999999999889	0.7749747729566094	957.0143537004789
472	47200	991	1000	0.23221430775477347	0.8115471421705102	0	991	0.8015499999999889	0.781029263370333	958.8418941179912
473	47300	992	1000	0.17693487752916018	0.849664683316536	0	992	0.8015499999999888	0.7792338709677419	960.6120818336805
474	47400	992	1000	2467813.950967848	4.05216768626761e-07	0	992	0.8015499999999888	0.8104838709677419	962.3190379500389
475	47500	992	1000	0.17485661422217474	0.8511676981637966	0	992	0.8015999999999889	0.7933467741935484	964.1737861712774
476	47600	991	1000	0.17820757010876254	0.8487468807450357	0	991	0.8016499999999889	0.7790110998990918	966.1198654810588
477	47700	991	1000	0.1647293442034217	0.8585685635695194	0	991	0.8016499999999889	0.7699293642785066	967.8273764491081
478	47800	990	1000	0.1814839135938054	0.8463932420021085	0	990	0.8015999999999889	0.7676767676767676	969.5780794501304
479	47900	990	1000	0.141000158171913	0.8764240678127333	0	990	0.8016999999999889	0.8010101010101011	971.2702132344245
480	48000	990	1000	0.11212171741422075	0.8991821527638957	0	990	0.8016999999999888	0.8111111111111111	972.8685637513796
481	48100	990	1000	0.11632633692192278	0.8957954022273876	0	990	0.8016999999999888	0.7929292929292929	974.8585528850556
482	48200	990	1000	0.17858448970287186	0.8484754455339099	0	990	0.8015999999999888	0.7909090909090909	976.6480546673139
483	48300	991	1000	0.1802898256311866	0.8472495299747479	0	991	0.8017499999999889	0.7820383451059536	978.5689495841663
484	48400	991	1000	0.23690900503087178	0.8084669089906426	0	991	0.8017999999999889	0.7699293642785066	980.5727545340856
485	48500	992	1000	0.23234269677985023	0.8114625928429089	0	992	0.8018499999999888	0.780241935483871	982.2125065207481
486	48600	992	1000	0.2372777810787384	0.8082259418965204	0	992	0.8017499999999889	0.7933467741935484	983.9060873826345
487	48700	991	1000	0.38169303331821064	0.7237497590897204	0	991	0.801799999999989	0.7911200807265388	985.6288148045539
488	48800	991	1000	0.4432321026350301	0.6928892436457144	0	991	0.801799999999989	0.7951564076690212	987.3595402677854
489	48900	991	1000	0.4505685077552558	0.6893848823090009	0	991	0.801799999999989	0.805247225025227	988.8919550697009
490	49000	991	1000	0.3927929031345061	0.7179818318642216	0	991	0.801849999999989	0.7971745711402624	990.7219334165255
491	49100	991	1000	0.3689448585861545	0.7304896130241502	0	991	0.801849999999989	0.8163471241170535	992.3443552494049
492	49200	991	1000	18673892.268961657	5.355069698626397e-08	0	991	0.8019499999999891	0.82744702320888	993.9245847185452
493	49300	991	1000	0.36858238621705	0.7306830849724273	0	991	0.802049999999989	0.82744702320888	995.9908739686012
494	49400	990	1000	0.31569463654671126	0.7600547818790906	0	990	0.8020999999999892	0.8444444444444444	997.6123281160991
495	49500	990	1000	0.26068612595537316	0.7932188507604777	0	990	0.8019999999999892	0.8242424242424242	999.5442828178406
496	49600	990	1000	0.24783275653411005	0.8013894448303533	0	990	0.801999999999989	0.8141414141414142	1001.4833113193512
497	49700	990	1000	0.17778906496637942	0.8490484669498486	0	990	0.8019499999999891	0.8131313131313131	1003.2102074702581
498	49800	991	1000	0.17582148101950465	0.8504692388617893	0	991	0.8019499999999892	0.8042381432896064	1005.1684769352277
499	49900	992	1000	0.14364166561131358	0.8743997618042952	0	992	0.8017999999999891	0.7973790322580645	1006.8964243849118
500	50000	992	1000	0.11190696285911375	0.8993558214876534	0	992	0.801799999999989	0.8024193548387096	1008.6176387349765
501	50100	990	1000	0.11415712608641042	0.8975394731913631	0	990	0.801799999999989	0.7929292929292929	1030.1819322188696
502	50200	989	1000	0.12659664366994264	0.887629131170187	0	989	0.8016999999999889	0.7805864509605662	1031.9537581006687
503	50300	989	1000	0.11580131348029514	0.8962169052130802	0	989	0.8016999999999889	0.813953488372093	1033.4750133514403
504	50400	989	1000	7.562521337560857e+79	1.3223103186939641e-80	0	989	0.8016999999999888	0.8048533872598584	1035.4346301515898
505	50500	989	1000	0.11828826389505276	0.89422381713723	0	989	0.8017499999999889	0.8220424671385238	1037.1754482189815
506	50600	987	1000	0.13567310136753205	0.8805350754507085	0	987	0.8017499999999889	0.8277608915906788	1039.0387164354324
507	50700	988	1000	0.1433292715293114	0.8746386757529657	0	988	0.8015499999999888	0.7965587044534413	1041.4128929694493
508	50800	988	1000	0.2024004107504923	0.8316697092408996	0	988	0.8015499999999888	0.8107287449392713	1043.3071491161982
509	50900	986	1000	0.23692037951190675	0.8084594744850138	0	986	0.8013999999999889	0.8073022312373225	1045.4026998678844
510	51000	988	1000	0.27752529623303185	0.7827633651941333	0	988	0.801499999999989	0.7773279352226721	1047.784047102928
511	51100	988	1000	0.2709501005344635	0.78681295164891	0	988	0.801499999999989	0.7904858299595142	1049.5639302333195
512	51200	987	1000	0.29232245026054043	0.7738006871260293	0	987	0.8013999999999892	0.7892603850050659	1051.514337515831
513	51300	988	1000	0.28145886797652175	0.7803605913462074	0	988	0.801399999999989	0.7682186234817814	1053.606986117363
514	51400	989	1000	0.2943297288036245	0.7726006578897949	0	989	0.8013999999999892	0.7785642062689585	1055.398282734553
515	51500	990	1000	2.5264842526874045e+49	3.9580693959849806e-50	0	990	0.8014499999999891	0.7585858585858586	1057.487472597758
516	51600	991	1000	9.43020126136892e+50	1.0604227548106822e-51	0	991	0.8015999999999891	0.7436932391523713	1059.936310017109
517	51700	992	1000	0.3240987856853286	0.7552306601372033	0	992	0.8015999999999891	0.7701612903225806	1061.8852418820063
518	51800	992	1000	0.33483263438949534	0.7491575904250829	0	992	0.801449999999989	0.7580645161290323	1064.1662210186323
519	51900	992	1000	0.2908904196188583	0.7746590917416947	0	992	0.801399999999989	0.7631048387096774	1066.2749936819077
520	52000	992	1000	0.265711268186863	0.790069603656531	0	992	0.801199999999989	0.7741935483870968	1068.5337915658952
521	52100	993	1000	2.579194262900975e+22	3.8771798401693086e-23	0	993	0.8009999999999892	0.7442094662638469	1070.9531310518582
522	52200	993	1000	0.17838888490092383	0.8486162868755145	0	993	0.8009499999999892	0.7552870090634441	1072.7702135999998
523	52300	993	1000	0.1764794135414642	0.8499936237641235	0	993	0.8010999999999893	0.7371601208459214	1075.252039416631
524	52400	993	1000	0.1773532415888552	0.8493627610439884	0	993	0.8010999999999893	0.7280966767371602	1077.371506802241
525	52500	991	1000	0.17477111288180824	0.8512296472347872	0	991	0.8011499999999891	0.7416750756811302	1079.1396567344666
526	52600	991	1000	0.17807341060062823	0.8488435364059024	0	991	0.8011999999999893	0.7618567103935419	1080.9636794169744
527	52700	989	1000	0.1643915601585889	0.8588176299249377	0	989	0.8011499999999891	0.7664307381193124	1082.732019019127
528	52800	989	1000	0.17610524179358075	0.8502640448017924	0	989	0.801149999999989	0.7664307381193124	1084.8660436034202
529	52900	987	1000	0.16872252704405033	0.8556350860534999	0	987	0.8011499999999891	0.7659574468085106	1086.7991564710935
530	53000	987	1000	0.13003276454171056	0.8849300935141948	0	987	0.8011999999999891	0.7710233029381965	1088.9059969703355
531	53100	987	1000	0.1299020379757366	0.8850324774982608	0	987	0.8011999999999891	0.7973657548125633	1090.670773502191
532	53200	985	1000	0.17845351059275824	0.8485697492614734	0	985	0.8012999999999892	0.7878172588832487	1092.5341021339098
533	53300	985	1000	0.17687481312682038	0.8497080478280571	0	985	0.8012999999999891	0.817258883248731	1094.277966717879
534	53400	986	1000	0.17914308353021915	0.848073498430839	0	986	0.801349999999989	0.8326572008113591	1096.158694903056
535	53500	986	1000	0.17499897788527125	0.8510645701154317	0	986	0.8013499999999889	0.8133874239350912	1098.1820137381553
536	53600	984	1000	0.19381736855958603	0.8376490628600599	0	984	0.801349999999989	0.8089430894308943	1099.9750625173251
537	53700	984	1000	0.16401477225682115	0.8590956264766081	0	984	0.8014499999999891	0.7947154471544715	1101.6639967679978
538	53800	984	1000	0.7029304167175874	0.5872230539680584	0	984	0.8014999999999892	0.7916666666666666	1103.3601620674133
539	53900	985	1000	0.18048696047551485	0.8471080439526308	0	985	0.8014999999999892	0.7817258883248731	1105.1476908365885
540	54000	985	1000	0.1670755944125441	0.8568425257006228	0	985	0.8014999999999892	0.8	1106.6251564860345
541	54100	986	1000	0.14313257866766665	0.8747891702688683	0	986	0.8013999999999895	0.7900608519269777	1108.2666339357695
542	54200	986	1000	0.12653746030568536	0.8876757633329392	0	986	0.8014499999999893	0.7860040567951319	1109.8885205348333
543	54300	986	1000	0.11587767236773067	0.8961555775895623	0	986	0.8013999999999893	0.7758620689655172	1111.4843845367432
544	54400	986	1000	0.1202751588798128	0.8926378417601633	0	986	0.8013499999999891	0.7657200811359026	1113.1537422180177
545	54500	985	1000	0.08176185597770075	0.9244178785507241	0	985	0.8013499999999891	0.7725888324873097	1114.6879260023436
546	54600	986	1000	0.08808782314217536	0.919043462054565	0	986	0.8010499999999889	0.7505070993914807	1116.602375817299
547	54700	984	1000	0.12119822033912572	0.8919029497723718	0	984	0.801049999999989	0.766260162601626	1117.995575451851
548	54800	982	1000	0.12240852564598988	0.8909412011321466	0	982	0.8010499999999889	0.7769857433808554	1119.4504789193472
549	54900	982	1000	0.12097957650951062	0.8920769128673914	0	982	0.8010499999999889	0.7983706720977597	1120.8950638810793
550	55000	980	1000	0.1271364759719866	0.8872040088469761	0	980	0.801049999999989	0.7704081632653061	1122.8065472841263
551	55100	981	1000	0.13019283205929857	0.8848047621908226	0	981	0.801049999999989	0.7726809378185525	1124.377506117026
552	55200	981	1000	0.1346954750175119	0.8812937233089495	0	981	0.8010499999999889	0.7726809378185525	1125.99758806626
553	55300	981	1000	0.1360997491847397	0.8802044016976464	0	981	0.8010499999999889	0.7757390417940877	1127.605985101064
554	55400	979	1000	0.17257297563528495	0.8528253855229888	0	979	0.8010499999999889	0.7701736465781409	1129.3291860143343
555	55500	979	1000	0.13551954009191056	0.8806541540615485	0	979	0.8010499999999886	0.7711950970377937	1130.8722241838773
556	55600	981	1000	0.13484407650138566	0.881178322825549	0	981	0.8010499999999886	0.7971457696228338	1132.4028169353803
557	55700	980	1000	0.15133122826131523	0.8685597814541621	0	980	0.8011499999999887	0.7877551020408163	1133.9098435521125
558	55800	980	1000	0.19438889948683433	0.8372482366753802	0	980	0.8010999999999888	0.7887755102040817	1135.297250731786
559	55900	981	1000	0.19533969474352808	0.8365822739740604	0	981	0.8010999999999886	0.7828746177370031	1136.8459679841994
560	56000	982	1000	0.20572825605975587	0.8293742764791274	0	982	0.8010999999999886	0.7973523421588594	1138.6720259189606
561	56100	984	1000	0.23387679329299854	0.810453689894902	0	984	0.8010499999999886	0.7977642276422764	1140.2976410508156
562	56200	986	1000	0.2056745460883242	0.8294112231566867	0	986	0.8010499999999886	0.7981744421906694	1141.9315986037254
563	56300	987	1000	0.191552000495262	0.8392415938073668	0	987	0.8010499999999886	0.7943262411347518	1143.5206495841344
564	56400	986	1000	0.18226656156265042	0.8458329386210998	0	986	0.8010499999999886	0.8123732251521298	1145.0149030009904
565	56500	988	1000	0.18947449386648646	0.8407073923455191	0	988	0.8010499999999886	0.812753036437247	1146.494077452024
566	56600	988	1000	0.18822162820100535	0.8415938376025209	0	988	0.8010499999999885	0.7894736842105263	1148.4054827173552
567	56700	988	1000	0.10815357512405466	0.9024019977448097	0	988	0.8010499999999885	0.7955465587044535	1149.8193686683974
568	56800	986	1000	0.11745312804906345	0.8948921211092565	0	986	0.8010499999999886	0.7910750507099391	1151.321976351738
569	56900	986	1000	0.165037043110391	0.8583418063087689	0	986	0.8010499999999886	0.795131845841785	1152.7664795160294
570	57000	987	1000	0.17902461084633234	0.8481587159424737	0	987	0.8010999999999886	0.8145896656534954	1154.3770939151445
571	57100	987	1000	0.17912025432641468	0.8480899181663712	0	987	0.8011499999999887	0.8074974670719351	1156.133198149999
572	57200	986	1000	0.18991820699490627	0.8403938977666897	0	986	0.8011499999999887	0.7758620689655172	1158.278407418728
573	57300	986	1000	0.19153539347654958	0.8392532907329713	0	986	0.8011499999999887	0.7900608519269777	1159.7475129008294
574	57400	985	1000	0.18225747634722217	0.8458394385372495	0	985	0.8011499999999886	0.7847715736040609	1161.3088881174724
575	57500	986	1000	0.26652012228727134	0.7895650313032931	0	986	0.8010499999999886	0.744421906693712	1163.3847655018171
576	57600	986	1000	0.26193020070390205	0.7924368554157767	0	986	0.8009999999999885	0.7515212981744422	1165.2253930687905
577	57700	986	1000	0.18739394757780944	0.8421804760247613	0	986	0.8009999999999885	0.7545638945233266	1166.615568101406
578	57800	986	1000	0.1760773003861659	0.8502842454927487	0	986	0.8009999999999885	0.7535496957403651	1168.135074853897
579	57900	987	1000	0.18505933014230094	0.8438396074903025	0	987	0.8010499999999887	0.7558257345491388	1169.581634704272
580	58000	987	1000	0.2234235387084623	0.8173784207680646	0	987	0.8009999999999887	0.7335359675785208	1171.6272564172746
581	58100	988	1000	0.16568267337538997	0.8578664012431156	0	988	0.8010499999999888	0.7469635627530364	1173.3064161499342
582	58200	990	1000	0.1841270539573396	0.8445039716456194	0	990	0.8010499999999888	0.7858585858585858	1174.8606451352437
583	58300	991	1000	0.1726055250117698	0.8528017126560637	0	991	0.8010499999999888	0.786074672048436	1176.3931772351266
584	58400	989	1000	0.17805715141002296	0.8488552518891759	0	989	0.8010499999999887	0.7836198179979778	1178.0828615824382
585	58500	991	1000	0.17335339922048273	0.8522581522875802	0	991	0.8009999999999888	0.8203834510595358	1179.5100059668223
586	58600	992	1000	0.2070401119276465	0.8284728818191446	0	992	0.8008999999999888	0.8286290322580645	1181.214584350586
587	58700	993	1000	0.21682193288312118	0.8218129316839431	0	993	0.8009999999999887	0.8096676737160121	1182.91214316686
588	58800	991	1000	0.23857019189540848	0.8073825823869378	0	991	0.8009999999999887	0.8183652875882946	1184.3657400170962
589	58900	991	1000	0.28016175172984453	0.7811512870531632	0	991	0.8008999999999887	0.7749747729566094	1186.529613117377
590	59000	987	1000	0.2940014386393451	0.7727966678704079	0	987	0.8008499999999887	0.7852077001013171	1188.4101907849313
591	59100	987	1000	0.29224259191925644	0.7738485066606466	0	987	0.8007499999999887	0.7760891590678825	1190.2165958166122
592	59200	986	1000	0.3164056958046021	0.7596442367174572	0	986	0.8007499999999889	0.768762677484787	1191.8717809677123
593	59300	986	1000	0.30114502326707865	0.7685538369036482	0	986	0.8007499999999887	0.7677484787018256	1193.4487703005473
594	59400	986	1000	176003.96441323738	5.681657919898933e-06	0	986	0.8007499999999887	0.7789046653144016	1195.0521013538043
595	59500	988	1000	285424.96610086557	3.503535482986204e-06	0	988	0.8006999999999888	0.7338056680161943	1197.3429107348124
596	59600	988	1000	0.37921859728249807	0.7250482280113683	0	988	0.8006499999999888	0.7489878542510121	1198.8449664473533
597	59700	986	1000	0.31838769381460347	0.7585022256288018	0	986	0.8007999999999889	0.7545638945233266	1200.482164100806
598	59800	989	1000	0.3589200045303512	0.7358784892901805	0	989	0.8008499999999888	0.7421638018200202	1202.1687959988913
599	59900	990	1000	0.33805482298296435	0.7473535335201521	0	990	0.800899999999989	0.7717171717171717	1203.9618409196535
600	60000	990	1000	0.35302863044514676	0.7390826605575964	0	990	0.800899999999989	0.7717171717171717	1205.9420149525006
601	60100	991	1000	0.32457291503479063	0.7549603261921858	0	991	0.800899999999989	0.7820383451059536	1207.6129462520282
602	60200	992	1000	0.3905571857084833	0.7191361925115679	0	992	0.8009499999999891	0.7651209677419355	1209.5692914684614
603	60300	992	1000	0.4043892924634421	0.7120532785079114	0	992	0.8009499999999891	0.7651209677419355	1211.1586395661036
604	60400	992	1000	0.4588310492821998	0.6854803374880442	0	992	0.8009499999999891	0.7651209677419355	1212.7029767513275
605	60500	992	1000	0.4408617313053342	0.6940291204028717	0	992	0.8009499999999891	0.8034274193548387	1214.3306168834367
606	60600	992	1000	0.40287983996834686	0.7128194243796125	0	992	0.8009499999999891	0.8094758064516129	1215.7912266016006
607	60700	993	1000	0.35536676298901426	0.7378076748722112	0	993	0.800949999999989	0.798590130916415	1217.5381420016288
608	60800	995	1000	0.3605257072149076	0.735009999955878	0	995	0.8009999999999889	0.792964824120603	1219.3099369486174
609	60900	996	1000	0.3453263835615202	0.743314047965574	0	996	0.8009999999999889	0.7991967871485943	1220.93357736667
610	61000	994	1000	0.35131121540159355	0.7400219790988798	0	994	0.800899999999989	0.8229376257545271	1222.488559750716
611	61100	993	1000	0.26606391002941887	0.7898495424111438	0	993	0.800799999999989	0.8147029204431017	1224.3048387527465
612	61200	993	1000	0.25024514101521145	0.7998431405124198	0	993	0.800799999999989	0.8429003021148036	1225.8749832352003
613	61300	993	1000	0.20656225199667672	0.8288009991570284	0	993	0.800899999999989	0.8136958710976838	1228.161490269502
614	61400	993	1000	0.18705199683004492	0.842423080598359	0	993	0.8008499999999888	0.8016112789526687	1229.9344938675563
615	61500	994	1000	0.14386954711731917	0.8742255640252975	0	994	0.8008499999999888	0.7867203219315896	1231.8318045655885
616	61600	994	1000	0.1403235711885173	0.876944075581755	0	994	0.8008499999999888	0.7756539235412475	1233.531429731846
617	61700	992	1000	1725815.0763090313	5.794360208642164e-07	0	992	0.800749999999989	0.7731854838709677	1235.4472268184027
618	61800	992	1000	0.1412111382451443	0.8762620399391766	0	992	0.800849999999989	0.7741935483870968	1237.2572966853777
619	61900	994	1000	0.05628762187249621	0.9467118418251326	0	994	0.800749999999989	0.7605633802816901	1239.1456824501356
620	62000	994	1000	0.05648785087095823	0.9465324179313654	0	994	0.800749999999989	0.7605633802816901	1240.6832772493362
621	62100	992	1000	0.11028679225953503	0.900668193994192	0	992	0.800749999999989	0.7762096774193549	1242.1419036507607
622	62200	990	1000	0.13491660983918763	0.8811220060843901	0	990	0.800749999999989	0.7707070707070707	1243.804713499546
623	62300	990	1000	0.1356192563347653	0.8805768257466158	0	990	0.8007499999999889	0.8111111111111111	1245.2937285025914
624	62400	990	1000	0.12746693761386613	0.8869439685001912	0	990	0.8006499999999889	0.7909090909090909	1247.3335278193156
