Epoch	Explore_Iteration	MacroPopSize	MicroPopSize	RMSE	Accuracy_Estimate	RuleCount	TreeCount	AveGenerality	ExpRules	Time(min)
1	100	1000	1000	51147.72478668467	1.9550829549915306e-05	0	1000	0.8703999999999996	0.0	1.2163262685139975
2	200	1000	1000	6309.115345900009	0.00015847570847492496	0	1000	0.8718999999999998	0.0	2.436283870538076
3	300	1000	1000	814.0187388427671	0.0012269656540902175	0	1000	0.8728499999999998	0.0	3.621482332547506
4	400	998	1000	595.3169432192958	0.0016769605683202087	0	998	0.8733999999999997	0.0	4.843668568134308
5	500	997	1000	326.6845076389886	0.0030517158324180047	0	997	0.8737499999999997	0.0	6.021425187587738
6	600	997	1000	185.55625553505865	0.00536031341930571	0	997	0.8745999999999998	0.0	7.157043250401815
7	700	997	1000	839.0714018131121	0.001190375006031293	0	997	0.87575	0.0	8.329470487435659
8	800	995	1000	49.56702799544322	0.01977573212509372	0	995	0.8766000000000002	0.0	9.51147148211797
9	900	995	1000	58.073490166674276	0.016928067009051383	0	995	0.8776	0.0	10.687149087587992
10	1000	995	1000	48.24402595345307	0.020307031779758015	0	995	0.8786000000000002	0.0	11.864256103833517
11	1100	993	1000	24.486375273123194	0.03923665053518049	0	993	0.8796	0.9385699899295066	12.016695483525593
12	1200	992	1000	28.71233358693463	0.03365605724215916	0	992	0.8804500000000001	0.938508064516129	12.156333486239115
13	1300	988	1000	23.69623133978341	0.040492008122271266	0	988	0.8817	0.9423076923076923	12.295794252554575
14	1400	988	1000	25.827550884466433	0.037275113345475584	0	988	0.8827000000000002	0.9402834008097166	12.431127166748047
15	1500	986	1000	24.241500304963246	0.03961729643318268	0	986	0.8835000000000002	0.9391480730223124	12.577315616607667
16	1600	983	1000	24.497357222783283	0.03921975094369566	0	983	0.8845000000000003	0.9440488301119023	12.714845017592113
17	1700	982	1000	22.060289185259997	0.04336459061576705	0	982	0.8852500000000001	0.945010183299389	12.84909930229187
18	1800	979	1000	16.163785931901092	0.058262204152836235	0	979	0.8862500000000002	0.9458631256384066	12.982467234134674
19	1900	978	1000	19.247225694466888	0.04938948254393576	0	978	0.8866500000000002	0.9458077709611452	13.119088486830394
20	2000	976	1000	13.153414103711235	0.07065433065635982	0	976	0.8873000000000003	0.9487704918032787	13.258262038230896
21	2100	974	1000	11.015232882199424	0.08322768354173982	0	974	0.8879500000000001	0.9507186858316222	13.402219418684641
22	2200	972	1000	11.434508131315422	0.08042135558877245	0	972	0.8882500000000002	0.9557613168724279	13.569995152950288
23	2300	965	1000	10.499043066048174	0.08696375813675995	0	965	0.8892500000000001	0.9585492227979274	13.732879587014516
24	2400	962	1000	9.46722251122107	0.09553632770565258	0	962	0.8895000000000001	0.9646569646569647	13.883501736323039
25	2500	957	1000	8.490742815609178	0.10536583062342876	0	957	0.8901500000000002	0.96760710553814	14.032681798934936
26	2600	954	1000	5.330466818740088	0.15796623355479866	0	954	0.8907500000000003	0.9706498951781971	14.135340785980224
27	2700	951	1000	4.863286953339362	0.17055279878984306	0	951	0.8913500000000001	0.9737118822292324	14.232883818944295
28	2800	946	1000	6.065711735842473	0.14152855895992283	0	946	0.8925500000000002	0.9746300211416491	14.326557882626851
29	2900	942	1000	5.796837268939924	0.14712725351977804	0	942	0.8934	0.9777070063694268	14.418403820196788
30	3000	940	1000	2.767410341073919	0.2654343194574725	0	940	0.8936499999999998	0.9829787234042553	14.508955705165864
31	3100	935	1000	2.6637664774181946	0.2729431600413261	0	935	0.8943499999999998	0.983957219251337	14.5891459663709
32	3200	929	1000	2.8193195444297414	0.26182674383934246	0	929	0.89525	0.9838536060279871	14.686369283994038
33	3300	924	1000	5.3576232434670175	0.1572914848371335	0	924	0.8957500000000002	0.9837662337662337	14.774558718999227
34	3400	919	1000	3.231672765401993	0.23631316867787241	0	919	0.8969000000000004	0.9804134929270947	14.859634268283845
35	3500	917	1000	2.2117875096921047	0.31135310072111966	0	917	0.8976500000000004	0.9770992366412213	14.951142251491547
36	3600	913	1000	2.1185789115402045	0.3206588732770337	0	913	0.8984000000000004	0.976998904709748	15.042640686035156
37	3700	913	1000	2.241304573663236	0.308517751810601	0	913	0.8986500000000004	0.9759036144578314	15.13353758653005
38	3800	910	1000	2.570960389878715	0.2800367102458855	0	910	0.8994500000000003	0.9758241758241758	15.225150767962138
39	3900	910	1000	2.4956252445220812	0.2860718555477531	0	910	0.8996500000000002	0.9769230769230769	15.307151667277019
40	4000	904	1000	2.137635322653818	0.31871135334943834	0	904	0.9009500000000001	0.9745575221238938	15.394251199563344
41	4100	903	1000	1.5569395081200517	0.39109255296197204	0	903	0.9012000000000002	0.9745293466223699	15.478010034561157
42	4200	899	1000	1.921130918604467	0.34233316748355025	0	899	0.9017000000000002	0.9766407119021134	15.562491917610169
43	4300	899	1000	2.407767079918784	0.29344728572934997	0	899	0.9020500000000002	0.9744160177975528	15.648379270235697
44	4400	894	1000	2.0024746059093586	0.3330586037370099	0	894	0.9028500000000003	0.9776286353467561	15.732845322291057
45	4500	890	1000	1.910982155515666	0.3435266678310692	0	890	0.9035000000000001	0.9797752808988764	15.813474984963735
46	4600	890	1000	1.9728834046322168	0.3363737704754393	0	890	0.9037000000000002	0.9764044943820225	15.893880101044973
47	4700	887	1000	1.9139577177622051	0.34317587860127124	0	887	0.9043500000000003	0.9751972942502819	15.976771688461303
48	4800	880	1000	2.1417545537055345	0.31829348311775424	0	880	0.9049500000000001	0.9772727272727273	16.057377433776857
49	4900	875	1000	1.879900581110449	0.34723420890259143	0	875	0.90535	0.9771428571428571	16.137611985206604
50	5000	872	1000	1.4181570289619945	0.4135380738401653	0	872	0.9057000000000002	0.9770642201834863	16.21787238518397
51	5100	871	1000	1.17485158090169	0.4598014911828612	0	871	0.9063000000000001	0.9747416762342136	16.29834270477295
52	5200	867	1000	1.1155198218759887	0.4726970599184581	0	867	0.9069000000000004	0.9711649365628604	16.42798451979955
53	5300	866	1000	1.0318269243645408	0.4921679046618365	0	866	0.9072	0.9699769053117783	16.568768338362375
54	5400	866	1000	1.2239776723247624	0.44964480194384443	0	866	0.9074000000000001	0.9653579676674365	16.71896950006485
55	5500	865	1000	1.178401165451541	0.45905227001323196	0	865	0.9078000000000002	0.9630057803468208	16.86912398338318
56	5600	861	1000	1.1612610388101294	0.46269283628531266	0	861	0.9086000000000001	0.9628339140534262	16.961278434594472
57	5700	857	1000	1.0108656318362468	0.49729827004245813	0	857	0.9090000000000003	0.9603267211201867	17.05557436943054
58	5800	856	1000	1.0380388630614468	0.4906677777958791	0	856	0.9089500000000003	0.9614485981308412	17.148074384530386
59	5900	855	1000	1.1232686860026742	0.47097195309870477	0	855	0.9090000000000004	0.9625730994152046	17.242028884092967
60	6000	853	1000	0.8569155331708179	0.538527457031084	0	853	0.9096000000000005	0.958968347010551	17.340912600358326
61	6100	849	1000	0.949116190436027	0.5130530467638745	0	849	0.9104000000000007	0.9575971731448764	17.440224436918893
62	6200	847	1000	1.0207447658690443	0.49486704946131016	0	847	0.9107000000000005	0.9574970484061394	17.54066745042801
63	6300	851	1000	0.8767218324901728	0.5328440169916532	0	851	0.9109000000000008	0.954171562867215	17.643406188488008
64	6400	847	1000	0.9123352088186365	0.5229208746398387	0	847	0.9113000000000007	0.9586776859504132	17.739531687895457
65	6500	847	1000	0.8271612026305921	0.5472970849864175	0	847	0.9115000000000006	0.961038961038961	17.84428231716156
66	6600	846	1000	0.9482885316400897	0.5132709984994828	0	846	0.9121000000000006	0.9574468085106383	17.948672155539196
67	6700	846	1000	0.865013645591007	0.5361891063714488	0	846	0.9125500000000007	0.9550827423167849	18.046949485937755
68	6800	845	1000	0.8424985534623677	0.5427412673517872	0	845	0.9130500000000009	0.9514792899408284	18.14524563550949
69	6900	848	1000	0.956609550908795	0.511088172668648	0	848	0.9133500000000008	0.9422169811320755	18.24875706831614
70	7000	847	1000	0.7142722982189016	0.5833378985584625	0	847	0.9143500000000009	0.9433293978748524	18.35924776792526
71	7100	847	1000	0.7626917833336835	0.5673141552340785	0	847	0.9145500000000012	0.9362455726092089	18.51019763549169
72	7200	844	1000	0.7348766751333665	0.5764098476470244	0	844	0.9150000000000016	0.9324644549763034	18.6534526348114
73	7300	843	1000	0.7619418010368711	0.5675556362937288	0	843	0.9152000000000015	0.9359430604982206	18.776026034355162
74	7400	842	1000	0.7084267552909289	0.5853338440779157	0	842	0.9153000000000014	0.9358669833729216	18.915177615483604
75	7500	840	1000	0.6874529115151385	0.5926091289279979	0	840	0.9156500000000011	0.9321428571428572	19.058465286095938
76	7600	839	1000	0.7293430627077577	0.5782542640407204	0	839	0.915750000000001	0.9368295589988082	19.18321603536606
77	7700	838	1000	0.7712817512518472	0.564562921338321	0	838	0.9159500000000012	0.9367541766109785	19.300574521223705
78	7800	836	1000	0.6756966040319754	0.5967667402284227	0	836	0.916200000000001	0.9389952153110048	19.42426575422287
79	7900	837	1000	0.7516053373771713	0.5709048600510579	0	837	0.9161500000000011	0.94026284348865	19.55124696890513
80	8000	839	1000	0.6207479910912586	0.6169990680208677	0	839	0.9164000000000012	0.9368295589988082	19.666924202442168
81	8100	836	1000	2.7908979168025785	0.2637897463731883	0	836	0.9166000000000011	0.9473684210526315	19.782393598556517
82	8200	835	1000	2.3406267355512638	0.2993450268950751	0	835	0.9165500000000011	0.9461077844311377	19.89017161925634
83	8300	835	1000	0.658493544060938	0.6029568240292511	0	835	0.9165500000000011	0.948502994011976	19.99454541603724
84	8400	833	1000	0.651738140030886	0.6054228426191702	0	833	0.917000000000001	0.9423769507803121	20.10630125204722
85	8500	832	1000	0.6297925968153643	0.613575004545985	0	832	0.917150000000001	0.9435096153846154	20.220296470324197
86	8600	830	1000	0.6972674255214465	0.5891823439036267	0	830	0.917400000000001	0.9421686746987952	20.332485671838125
87	8700	830	1000	0.6608529561691988	0.6021002619681194	0	830	0.9176500000000013	0.9457831325301205	20.443266586462656
88	8800	829	1000	0.5972583930242367	0.6260727784354337	0	829	0.9177000000000014	0.9408926417370326	20.560111502806347
89	8900	828	1000	0.6147965016941718	0.6192730780323372	0	828	0.9179000000000015	0.9420289855072463	20.67548911968867
90	9000	826	1000	0.5980845464874436	0.6257491208446881	0	826	0.9184000000000014	0.9455205811138014	20.79306901693344
91	9100	825	1000	0.6195317754023715	0.6174624142533731	0	825	0.9188500000000014	0.9345454545454546	20.90772916873296
92	9200	824	1000	0.5497238587541855	0.6452762499274513	0	824	0.9193000000000016	0.9320388349514563	21.020081452528636
93	9300	824	1000	0.5939988567540601	0.6273530220946019	0	824	0.9198500000000018	0.9223300970873787	21.139265282948813
94	9400	821	1000	0.5740985727957775	0.6352842301507755	0	821	0.9200500000000018	0.925700365408039	21.263467268149057
95	9500	820	1000	0.5762543670636101	0.6344153715893526	0	820	0.9203500000000018	0.9231707317073171	21.387025249004363
96	9600	816	1000	0.6265207140620674	0.6148092620982387	0	816	0.9208000000000014	0.9227941176470589	21.507895334561667
97	9700	819	1000	0.6320103768096407	0.6127412020227866	0	819	0.9208000000000014	0.9181929181929182	21.63236635128657
98	9800	819	1000	0.5391644310652451	0.649703163493654	0	819	0.9210000000000015	0.9157509157509157	21.760238234202067
99	9900	819	1000	0.5785363837981721	0.6334982267522176	0	819	0.9210000000000015	0.9120879120879121	21.890789365768434
100	10000	819	1000	0.5622141632788645	0.6401171001427504	0	819	0.921000000000001	0.905982905982906	22.030601239204408
101	10100	818	1000	0.581260673329933	0.6324067984908065	0	818	0.9212500000000011	0.9144254278728606	22.79011722008387
102	10200	817	1000	0.5067222727475937	0.6636923194720173	0	817	0.921300000000001	0.9118727050183598	22.924199986457825
103	10300	817	1000	0.5598834002185863	0.6410735570747595	0	817	0.9217500000000014	0.9179926560587516	23.054238470395408
104	10400	815	1000	0.5269224040774295	0.6549121273809605	0	815	0.9224500000000015	0.9190184049079755	23.175849219163258
105	10500	816	1000	0.558762183394261	0.6415346809495108	0	816	0.9222500000000013	0.9080882352941176	23.309371503194175
106	10600	811	1000	0.6087427927332676	0.6216034064096669	0	811	0.9223000000000013	0.9124537607891492	23.438248936335246
107	10700	813	1000	0.5915740876514081	0.6283087967809535	0	813	0.922350000000001	0.9163591635916359	23.55979679822922
108	10800	811	1000	0.5228151417993802	0.6566785242353091	0	811	0.9223500000000011	0.9210850801479655	23.682482953866323
109	10900	812	1000	0.5464360628722317	0.6466481376169388	0	812	0.9222000000000011	0.9211822660098522	23.804563550154366
110	11000	811	1000	0.5456409798592164	0.6469807756333454	0	811	0.9221000000000014	0.9186189889025894	23.932724702358247
111	11100	812	1000	0.5595684513438346	0.6412030194239497	0	812	0.9217500000000014	0.9137931034482759	24.05798231760661
112	11200	815	1000	0.487636566155109	0.6722071927719304	0	815	0.9215500000000014	0.9067484662576687	24.19622112115224
113	11300	813	1000	0.5299346779295048	0.6536226771154194	0	813	0.9215500000000014	0.9114391143911439	24.32649319966634
114	11400	813	1000	0.5624312859346713	0.6400281465189582	0	813	0.9215000000000013	0.9077490774907749	24.461402916908263
115	11500	809	1000	0.537354972745332	0.6504678605320734	0	809	0.9217500000000015	0.9159456118665018	24.594139766693115
116	11600	810	1000	2.6561322322791217	0.2735130833538344	0	810	0.9219000000000015	0.9037037037037037	24.733219250043234
117	11700	811	1000	3.547477670061285	0.21990212433226158	0	811	0.9223500000000018	0.8902589395807645	24.89272523721059
118	11800	811	1000	1.2891480937542859	0.43684373358298706	0	811	0.9223000000000018	0.8964241676942046	25.04401823679606
119	11900	811	1000	0.5376857541502136	0.6503279342355875	0	811	0.9224000000000016	0.8914919852034525	25.188936285177867
120	12000	812	1000	0.5270013995516232	0.6548782471932457	0	812	0.9230500000000018	0.8891625615763546	25.340786306063332
121	12100	811	1000	0.5346019916232967	0.6516347596696415	0	811	0.9236000000000021	0.8890258939580764	25.49359716574351
122	12200	811	1000	0.4631338286361902	0.6834644790710058	0	811	0.9236500000000019	0.8988902589395807	25.638685516516368
123	12300	815	1000	0.5019256810287448	0.6658119057629066	0	815	0.9232500000000019	0.8907975460122699	25.78657475312551
124	12400	813	1000	0.5307871538130569	0.6532586829652232	0	813	0.9232000000000019	0.897908979089791	25.936281569798787
125	12500	811	1000	0.5068313533497812	0.6636442743090903	0	811	0.9229500000000019	0.8964241676942046	26.079152802626293
126	12600	814	1000	0.5512351412440579	0.6446475930128949	0	814	0.9229000000000018	0.8968058968058968	26.221318387985228
127	12700	813	1000	0.5657515478200505	0.6386709317913627	0	813	0.9229500000000017	0.9089790897908979	26.35998125076294
128	12800	813	1000	0.47627046667887535	0.6773826494339295	0	813	0.9229000000000015	0.9003690036900369	26.50597862005234
129	12900	808	1000	0.49204465155904986	0.6702212289391553	0	808	0.9230500000000015	0.9071782178217822	26.645472705364227
130	13000	803	1000	0.4973869548532282	0.6678300467082796	0	803	0.9233000000000013	0.9140722291407223	26.77760411898295
131	13100	801	1000	0.5083027603841679	0.6629968639355257	0	801	0.9231000000000013	0.9151061173533084	26.908107300599415
132	13200	802	1000	0.4324195917169843	0.6981194656806808	0	802	0.9230000000000012	0.9027431421446384	27.05394446849823
133	13300	802	1000	0.4718743588842542	0.6794058161037904	0	802	0.922950000000001	0.9027431421446384	27.19131226936976
134	13400	801	1000	0.47361070449017934	0.6786052767891415	0	801	0.9231000000000009	0.8951310861423221	27.338033819198607
135	13500	800	1000	0.47246259126934004	0.6791344010566323	0	800	0.9235500000000011	0.89	27.48719232082367
136	13600	798	1000	0.5278909661677147	0.6544969648640695	0	798	0.9237000000000011	0.8922305764411027	27.63064961830775
137	13700	794	1000	0.5160665770462715	0.6596016396247479	0	794	0.9237000000000006	0.8954659949622166	27.767125419775645
138	13800	792	1000	0.4641712982393731	0.6829801958298686	0	792	0.9237000000000004	0.8876262626262627	27.91588620344798
139	13900	790	1000	0.4592178380845559	0.6852986400664147	0	790	0.9236000000000003	0.8924050632911392	28.054977770646413
140	14000	789	1000	0.47121597740444493	0.6797098559004399	0	789	0.9235500000000005	0.8922686945500634	28.19007351795832
141	14100	788	1000	0.48183971031113265	0.6748368214467921	0	788	0.9235000000000005	0.9048223350253807	28.318761801719667
142	14200	790	1000	0.40981174325792996	0.709314562587699	0	790	0.9233000000000006	0.9050632911392406	28.44865998427073
143	14300	791	1000	0.4581104273027388	0.6858191130625362	0	791	0.9233500000000004	0.9064475347661188	28.582794018586476
144	14400	794	1000	0.4418533013671903	0.6935518329442965	0	794	0.9232000000000005	0.9105793450881612	28.708697919050852
145	14500	796	1000	0.437442852308153	0.695679830606319	0	796	0.9231000000000005	0.9120603015075377	28.838692267735798
146	14600	798	1000	0.49295556534193236	0.6698122993171397	0	798	0.9232000000000005	0.9135338345864662	28.97282885313034
147	14700	794	1000	1.843928958858888	0.35162622360343515	0	794	0.923800000000001	0.9030226700251889	29.109658122062683
148	14800	795	1000	3.703616316862607	0.21260237498857412	0	795	0.9237500000000005	0.9182389937106918	29.25193350315094
149	14900	795	1000	0.4346619693396182	0.6970283044864602	0	795	0.9237500000000005	0.9132075471698113	29.378045284748076
150	15000	795	1000	0.4542960605276524	0.687617897855803	0	795	0.9238000000000006	0.9106918238993711	29.50587831735611
151	15100	796	1000	0.46395748922289276	0.6830799441661564	0	796	0.9240500000000006	0.8982412060301508	29.63961141904195
152	15200	793	1000	0.39956735729932596	0.7145065185927523	0	793	0.9238500000000003	0.905422446406053	29.778481352329255
153	15300	790	1000	0.43720716042500746	0.6957939172139126	0	790	0.92415	0.910126582278481	29.905253469944
154	15400	790	1000	0.4162779179789996	0.7060761078778804	0	790	0.924	0.9063291139240506	30.037096337477365
155	15500	789	1000	0.42204620469911636	0.7032120311530842	0	789	0.92395	0.9062103929024081	30.173637934525807
156	15600	789	1000	0.48027594450011535	0.6755497201149864	0	789	0.9239999999999999	0.9062103929024081	30.300875719388326
157	15700	789	1000	0.46474338553337785	0.6827134431031111	0	789	0.9240999999999999	0.9100126742712294	30.432754770914713
158	15800	789	1000	0.4108911413442106	0.70877190358376	0	789	0.92435	0.9036755386565273	30.56844373544057
159	15900	788	1000	0.40726412530837786	0.7105986587847303	0	788	0.9248499999999996	0.9060913705583756	30.7032151500384
160	16000	786	1000	0.4282152453445805	0.7001745733072143	0	786	0.9250999999999996	0.9071246819338422	30.837618935108186
161	16100	787	1000	0.4410950111525656	0.6939167731905583	0	787	0.9249999999999998	0.9123252858958069	30.964472969373066
162	16200	786	1000	0.37814051679845806	0.7256154128049934	0	786	0.9247999999999993	0.9096692111959288	31.09886062145233
163	16300	786	1000	0.4169134967268092	0.7057593863775631	0	786	0.9247999999999993	0.9122137404580153	31.22232080300649
164	16400	788	1000	0.473091107886156	0.6788446380855369	0	788	0.9248999999999992	0.916243654822335	31.34633871714274
165	16500	788	1000	0.43591865233230925	0.6964182813390837	0	788	0.9250999999999994	0.9098984771573604	31.477742886543275
166	16600	789	1000	0.46278322704865227	0.6836282926333691	0	789	0.9255499999999992	0.9036755386565273	31.609011538823445
167	16700	796	1000	0.4771097340103492	0.6769977727280982	0	796	0.9255499999999993	0.8806532663316583	31.75607631603877
168	16800	794	1000	0.40743333860709174	0.7105132247255701	0	794	0.9254999999999992	0.8916876574307305	31.90166190067927
169	16900	792	1000	0.4537838951726896	0.6878601443588105	0	792	0.9259999999999993	0.8813131313131313	32.04923811753591
170	17000	794	1000	0.4398799788828085	0.6945023298232761	0	794	0.9263999999999993	0.8790931989924433	32.23226631879807
171	17100	799	1000	0.43619059680246686	0.6962864136740617	0	799	0.9260999999999993	0.8585732165206508	32.40426408449809
172	17200	799	1000	0.3641471747630379	0.7330587333245089	0	799	0.9261999999999992	0.867334167709637	32.57016137043635
173	17300	798	1000	0.4082619843663106	0.7100951464297176	0	798	0.926149999999999	0.8621553884711779	32.74140479962031
174	17400	803	1000	0.42889959497556074	0.6998392353922555	0	803	0.9259999999999989	0.8468244084682441	32.912695519129436
175	17500	803	1000	0.4059345956267347	0.7112706402634769	0	803	0.925949999999999	0.8567870485678705	33.09177511533101
176	17600	805	1000	0.43611882073226316	0.6963212135122007	0	805	0.9258499999999988	0.8521739130434782	33.26678901910782
177	17700	802	1000	0.4315181151824352	0.6985590956860216	0	802	0.9257999999999988	0.8815461346633416	50.49468728303909
178	17800	802	1000	0.38728007844542506	0.720834974521217	0	802	0.9256999999999987	0.8765586034912718	53.63540755112966
179	17900	802	1000	0.39141060154922386	0.7186951133522919	0	802	0.9259499999999986	0.8790523690773068	54.08106201887131
180	18000	804	1000	0.39563112501464276	0.7165217098389864	0	804	0.9256499999999985	0.8818407960199005	54.34818377097448
181	18100	808	1000	0.40653465996432353	0.7109671936739652	0	808	0.9252999999999985	0.8787128712871287	54.589470068613686
182	18200	809	1000	0.34134181526806473	0.7455221246496009	0	809	0.9252999999999982	0.8763906056860321	54.74330756664276
183	18300	803	1000	0.38437803689051403	0.7223460451930637	0	803	0.9255499999999983	0.8655043586550436	54.903031818072
184	18400	804	1000	0.41477283278028343	0.7068272565248654	0	804	0.9252499999999981	0.8594527363184079	55.076498500506084
185	18500	804	1000	0.4001827709359701	0.7141924759805015	0	804	0.9252499999999975	0.8507462686567164	55.25347548723221
186	18600	805	1000	0.4119602734726464	0.7082352236019711	0	805	0.9252499999999975	0.8621118012422361	55.422638817628226
187	18700	806	1000	0.43102971302471516	0.6987975098618578	0	806	0.9251999999999976	0.8660049627791563	55.580318399270375
188	18800	806	1000	0.3684094130666094	0.7307754466252883	0	806	0.9254499999999977	0.8635235732009926	55.746130883693695
189	18900	808	1000	0.38653610907091	0.7212217507051294	0	808	0.9254499999999977	0.870049504950495	55.903925716876984
190	19000	813	1000	0.3829120852608177	0.7231117658584925	0	813	0.9253499999999976	0.8622386223862238	56.0671758333842
191	19100	813	1000	0.3866077957370201	0.7211844640383496	0	813	0.9252999999999976	0.8806888068880688	56.225557621320085
192	19200	818	1000	2.0196908411567653	0.33115972879426486	0	818	0.9252499999999977	0.8679706601466992	56.40007343292236
193	19300	817	1000	1.547237336219024	0.3925821853272392	0	817	0.9250499999999977	0.8788249694002448	56.56915587186813
194	19400	818	1000	0.37465244887427857	0.7274566024444313	0	818	0.9249999999999978	0.8814180929095354	56.72831815083821
195	19500	819	1000	0.35362112010320396	0.7387591587842225	0	819	0.9249999999999979	0.8791208791208791	56.882520854473114
196	19600	823	1000	0.3794021676461956	0.724951738843788	0	823	0.924949999999998	0.8784933171324423	57.036127018928525
197	19700	824	1000	0.39105751871152034	0.7188775349320271	0	824	0.9248499999999981	0.8713592233009708	57.193305520216626
198	19800	826	1000	0.3389382700013677	0.7468604209804075	0	826	0.9248999999999981	0.8813559322033898	57.34589780171712
199	19900	824	1000	0.34470695997156137	0.7436564469192222	0	824	0.9252499999999978	0.8689320388349514	57.50933110316594
200	20000	825	1000	0.35174227512894496	0.7397859920483795	0	825	0.9252499999999976	0.8642424242424243	57.67705049912135
201	20100	828	1000	0.3551729736617463	0.7379131811476058	0	828	0.924949999999997	0.8442028985507246	57.86089890003204
202	20200	828	1000	0.31177949476146005	0.7623232441073067	0	828	0.9247999999999971	0.8454106280193237	58.043064717451735
203	20300	831	1000	0.32638038111084744	0.753931537469287	0	831	0.9242999999999968	0.8375451263537906	58.22777280012767
204	20400	835	1000	3.157170528842694	0.24054822698802975	0	835	0.9241999999999966	0.8419161676646707	58.44519550402959
205	20500	836	1000	1.099746442457661	0.47624797917483014	0	836	0.9241499999999966	0.8480861244019139	58.64214905103048
206	20600	838	1000	0.35642221173551464	0.7372335776782366	0	838	0.9240499999999962	0.8389021479713604	58.832533752918245
207	20700	846	1000	0.3636737205468489	0.7333132441673721	0	846	0.9239999999999965	0.8356973995271868	59.01898663838704
208	20800	846	1000	0.3390616828207237	0.7467915875940139	0	846	0.9240999999999965	0.83451536643026	59.21128499905269
209	20900	847	1000	0.3143909972200828	0.7608086194404746	0	847	0.9235999999999962	0.8299881936245572	59.420811800162
210	21000	846	1000	0.33654550904161534	0.7481974936394504	0	846	0.9238499999999963	0.8416075650118203	59.61797200043996
211	21100	849	1000	0.34428595535839845	0.7438893458746219	0	849	0.9238999999999958	0.8468786808009423	59.81245798269908
212	21200	846	1000	0.3046138915770907	0.7665103111780788	0	846	0.9235999999999959	0.8404255319148937	60.012972021102904
213	21300	844	1000	0.3486455139986721	0.7414846893569874	0	844	0.9239499999999959	0.8364928909952607	60.21419686873754
214	21400	844	1000	0.3192261350927717	0.7580201554524821	0	844	0.923899999999996	0.8436018957345972	60.3997754017512
215	21500	843	1000	0.33050856001222445	0.7515923084258941	0	843	0.923899999999996	0.8386714116251482	60.59544108311335
216	21600	846	1000	0.34487672032866706	0.7435625770632831	0	846	0.9238499999999957	0.83451536643026	60.79007048606873
217	21700	846	1000	0.342539637638874	0.7448569650864842	0	846	0.9237999999999956	0.8356973995271868	60.974157516161604
218	21800	848	1000	0.31441112668045434	0.7607969680882878	0	848	0.9241499999999957	0.8254716981132075	61.174358650048575
219	21900	849	1000	0.31116032669905624	0.7626832353275776	0	849	0.9243499999999957	0.8433451118963486	61.36673030455907
220	22000	846	1000	0.32063515839127027	0.7572114021393679	0	846	0.9243499999999957	0.8486997635933806	61.550670170783995
221	22100	845	1000	0.3227845427810119	0.7559810140339317	0	845	0.9241499999999958	0.8662721893491124	61.725897351900734
222	22200	847	1000	0.2807257496849195	0.7808072885596447	0	847	0.9240499999999955	0.8630460448642266	61.909908799330395
223	22300	847	1000	0.29770837712655107	0.7705891536388543	0	847	0.9243999999999954	0.8748524203069658	62.08317185242971
224	22400	852	1000	0.314963812857234	0.7604772011384394	0	852	0.924199999999995	0.863849765258216	62.269139583905535
225	22500	854	1000	0.2972947594741256	0.7708348412702772	0	854	0.924099999999995	0.8723653395784543	62.44523173570633
226	22600	857	1000	0.3224958400096909	0.7561460457922289	0	857	0.924099999999995	0.8844807467911319	62.61021145184835
227	22700	855	1000	0.3344875318080117	0.7493513248828665	0	855	0.9241499999999948	0.87953216374269	62.77588421901067
228	22800	854	1000	0.29053566821142085	0.7748720354129537	0	854	0.9241999999999945	0.8793911007025761	62.94836188554764
229	22900	854	1000	0.29429436479411464	0.7726217676603045	0	854	0.9242999999999946	0.8758782201405152	63.11605441570282
230	23000	854	1000	0.3058446721008233	0.7657878623429347	0	854	0.9242499999999946	0.8758782201405152	63.284296250343324
231	23100	856	1000	0.3013716945566492	0.7684199711602607	0	856	0.9241499999999945	0.8726635514018691	63.45438461701075
232	23200	858	1000	0.2669103429044906	0.7893218376506598	0	858	0.923799999999994	0.8717948717948718	63.639510583877566
233	23300	858	1000	0.2872003221424082	0.7768798552937015	0	858	0.923849999999994	0.8717948717948718	63.812567253907524
234	23400	858	1000	0.28807630411181817	0.7763515226604074	0	858	0.9235999999999938	0.8764568764568764	63.99007203578949
235	23500	865	1000	0.27698616787398983	0.7830938385690313	0	865	0.9231499999999938	0.846242774566474	64.19448436896006
236	23600	865	1000	0.3220601840775975	0.7563952171343098	0	865	0.9231499999999938	0.8543352601156069	64.37712585528692
237	23700	868	1000	0.30798043877428005	0.7645374275911256	0	868	0.9227499999999935	0.8456221198156681	64.58106807072957
238	23800	873	1000	0.28160125713602335	0.7802738912996123	0	873	0.922299999999993	0.8293241695303551	64.8122056722641
239	23900	873	1000	0.25918227348175005	0.7941661990165345	0	873	0.9218999999999925	0.8075601374570447	65.04794551928838
240	24000	874	1000	0.2783005694983491	0.7822886290291147	0	874	0.9219999999999927	0.7986270022883295	65.2792165517807
241	24100	872	1000	0.2839358256093638	0.7788551265990213	0	872	0.9221999999999929	0.7993119266055045	65.49754705031712
242	24200	876	1000	0.2479906629997738	0.801288046175215	0	876	0.9221499999999928	0.8025114155251142	65.72049100399018
243	24300	876	1000	0.2699654050364194	0.7874230243077546	0	876	0.9222499999999927	0.8070776255707762	65.93260788520178
244	24400	878	1000	0.2548597635534327	0.7969017965547506	0	878	0.9220499999999927	0.806378132118451	66.14770398537318
245	24500	874	1000	0.25843595295832367	0.7946371824876792	0	874	0.9221999999999928	0.8352402745995423	66.36339658498764
246	24600	875	1000	0.2937805405744523	0.7729286139641499	0	875	0.9222499999999928	0.8114285714285714	66.58406606912612
247	24700	876	1000	0.2975956859378408	0.7706560763395628	0	876	0.9223999999999929	0.817351598173516	66.79376588265102
248	24800	878	1000	0.25862413235752907	0.7945183747008726	0	878	0.9220499999999929	0.8325740318906606	67.00959922075272
249	24900	879	1000	0.255476946081254	0.7965100459401668	0	879	0.9218499999999928	0.8521046643913538	67.2188368678093
250	25000	877	1000	0.27139025784873627	0.786540555762993	0	877	0.9217999999999926	0.8506271379703535	67.42089118560155
251	25100	880	1000	0.28046318439923096	0.7809673969417411	0	880	0.9215499999999927	0.8465909090909091	68.75668653647105
252	25200	886	1000	0.24282558157406303	0.8046181337315896	0	886	0.9210999999999924	0.8261851015801355	68.99212641716004
253	25300	885	1000	0.25305041019739516	0.7980524900370675	0	885	0.9209999999999924	0.823728813559322	69.20922098557155
254	25400	885	1000	0.25293307854178243	0.7981272241322283	0	885	0.9208499999999923	0.8282485875706215	69.42270748615265
255	25500	886	1000	0.24741152792758345	0.801660059740969	0	886	0.9208499999999922	0.8115124153498872	69.65979305505752
256	25600	888	1000	0.27631873393513723	0.7835033470963847	0	888	0.9205999999999921	0.8231981981981982	69.87699540058772
257	25700	889	1000	0.2748859117922647	0.7843839129057254	0	889	0.920399999999992	0.8222722159730034	70.1287532488505
258	25800	891	1000	0.26976383650925967	0.7875480236932292	0	891	0.920499999999992	0.8114478114478114	70.46686938603719
259	25900	889	1000	0.25939410076878533	0.7940326220279732	0	889	0.9206999999999922	0.8233970753655793	70.72116106748581
260	26000	888	1000	0.28207783251077206	0.7799838470349638	0	888	0.9206499999999921	0.8265765765765766	70.98105540275574
261	26100	887	1000	0.2848812312184461	0.7782820510590736	0	887	0.9206499999999921	0.8229988726042841	71.22643936872483
262	26200	888	1000	0.23452238603586772	0.8100298636228586	0	888	0.920499999999992	0.8569819819819819	71.44097292025884
263	26300	885	1000	0.2519729510877182	0.7987393011416075	0	885	0.9205999999999921	0.847457627118644	71.65950336853663
264	26400	885	1000	0.23751399669528614	0.8080716684178487	0	885	0.920649999999992	0.8531073446327684	71.8601950844129
265	26500	885	1000	0.24117728890847537	0.8056866725940715	0	885	0.9206999999999921	0.8757062146892656	72.05489743550619
266	26600	884	1000	0.27998035659668846	0.7812619895659008	0	884	0.9206499999999921	0.8676470588235294	72.25935833454132
267	26700	882	1000	0.26549168969332937	0.7902066905254298	0	882	0.9207499999999923	0.8752834467120182	72.45250110228856
268	26800	888	1000	0.24224217945416934	0.8049960116789718	0	888	0.9204999999999924	0.8693693693693694	72.67238883574804
269	26900	886	1000	0.22633856269287142	0.8154355007838432	0	886	0.9206999999999924	0.8623024830699775	72.86980305115382
270	27000	882	1000	0.23878829882059022	0.8072404307919822	0	882	0.9202999999999927	0.8469387755102041	73.09710018634796
271	27100	881	1000	0.24791937215713475	0.8013338219691349	0	881	0.9201999999999927	0.8569807037457434	73.29999060233435
272	27200	883	1000	0.21841128286057446	0.8207409222706881	0	883	0.9198999999999926	0.8471121177802945	73.51436746517817
273	27300	880	1000	0.23128787797723965	0.8121577560259917	0	880	0.9202499999999928	0.8488636363636364	73.72838150262832
274	27400	880	1000	0.21856318041833836	0.8206386144514028	0	880	0.920299999999993	0.8363636363636363	73.9420485496521
275	27500	880	1000	0.22262115172899216	0.8179148533344377	0	880	0.9201999999999929	0.8329545454545455	74.16062837044397
276	27600	882	1000	0.25954939610361005	0.7939347222851911	0	882	0.9202499999999926	0.8163265306122449	74.40391221841176
277	27700	881	1000	0.24623392785484763	0.8024175699672276	0	881	0.9198999999999926	0.8161180476730987	74.62628660202026
278	27800	879	1000	0.22999103010166932	0.8130140590678466	0	879	0.9200999999999927	0.8327645051194539	74.85660435358683
279	27900	877	1000	0.21052138098394538	0.8260903241437769	0	877	0.9201999999999926	0.8255416191562144	75.0870677669843
280	28000	879	1000	0.22587461885657853	0.8157441100564912	0	879	0.9204499999999927	0.8475540386803185	75.30308906634649
281	28100	877	1000	0.25505029420031494	0.7967808179648878	0	877	0.9204499999999926	0.8358038768529077	75.53052590290706
282	28200	880	1000	0.22363519692599046	0.8172370347896125	0	880	0.9202999999999925	0.8284090909090909	75.76008193890253
283	28300	884	1000	0.21978171878735894	0.8198188123315587	0	884	0.9199999999999925	0.8054298642533937	76.01999092102051
284	28400	886	1000	0.22767534182186067	0.8145475973444313	0	886	0.9199999999999924	0.809255079006772	76.25700883467992
285	28500	887	1000	0.20925744812389907	0.8269537653470307	0	887	0.9197999999999923	0.8083427282976324	76.50522660414377
286	28600	892	1000	0.22651952699419214	0.8153151890297913	0	892	0.9197499999999924	0.8307174887892377	76.75014350016912
287	28700	891	1000	0.22597204932348655	0.8156792812297948	0	891	0.9197499999999924	0.8282828282828283	76.97158095439275
288	28800	890	1000	0.20143531947682616	0.832337774484154	0	890	0.919949999999992	0.8382022471910112	77.20296981732051
289	28900	895	1000	0.19191937256462305	0.8389829236925019	0	895	0.9194999999999919	0.8122905027932961	77.47307039896647
290	29000	895	1000	0.21299101713597896	0.8244084134778863	0	895	0.9194999999999918	0.8111731843575419	77.71356236934662
291	29100	894	1000	0.21953693555526607	0.8199833648701186	0	894	0.9194999999999917	0.8266219239373602	77.93920978307725
292	29200	895	1000	0.19620135467297056	0.8359796585194388	0	895	0.9194499999999917	0.823463687150838	78.18981870015462
293	29300	897	1000	1.309787933604348	0.4329401783823214	0	897	0.9189499999999916	0.8372352285395763	78.44774967034658
294	29400	899	1000	2.200445299292771	0.3124565197914735	0	899	0.9191499999999916	0.8220244716351501	78.71852751970292
295	29500	905	1000	0.20497178510337408	0.8298949505396181	0	905	0.9190499999999917	0.8033149171270718	78.97791138490041
296	29600	904	1000	0.24128562625131966	0.8056163536026741	0	904	0.9190499999999917	0.7798672566371682	79.26979705095292
297	29700	906	1000	0.23446352096355536	0.8100684896864787	0	906	0.9190999999999916	0.7582781456953642	79.55128935178121
298	29800	903	1000	0.20749932296003512	0.828157814240942	0	903	0.9192999999999919	0.7419712070874862	79.8489796002706
299	29900	903	1000	0.2415498740781027	0.8054448885853558	0	903	0.9192499999999919	0.7630121816168328	80.13595414956411
300	30000	903	1000	0.23539447360924406	0.8094580487141636	0	903	0.919249999999992	0.7619047619047619	80.4140838543574
301	30100	905	1000	0.23539109831132357	0.8094602602907828	0	905	0.9192499999999921	0.7657458563535912	82.12896828651428
302	30200	903	1000	0.21481103482033137	0.8231732930775513	0	903	0.9193999999999921	0.7674418604651163	82.43233618338903
303	30300	904	1000	0.21884103859659818	0.8204515341487214	0	904	0.9194499999999921	0.7853982300884956	82.69519558350245
304	30400	902	1000	0.257053243697018	0.7955112522195007	0	902	0.9192999999999922	0.7860310421286031	82.98583323558172
305	30500	905	1000	0.22944612557247848	0.8133743961610036	0	905	0.9194999999999927	0.7900552486187845	83.27809465328852
306	30600	909	1000	0.2370408088079726	0.8083807687505573	0	909	0.9194499999999929	0.8184818481848185	83.53923166592917
307	30700	910	1000	0.2526278639203843	0.7983216953758894	0	910	0.9195999999999931	0.8362637362637363	83.76912786960602
308	30800	911	1000	0.2208245777057627	0.8191185025773746	0	911	0.919499999999993	0.8572996706915478	83.99030592044194
309	30900	912	1000	0.23839120840913414	0.8074992726124267	0	912	0.9191499999999926	0.8497807017543859	84.23278685013453
310	31000	912	1000	0.23141454552975255	0.812074214674638	0	912	0.9188499999999925	0.8464912280701754	84.46255861918131
311	31100	912	1000	0.21082413624860274	0.8258837679749416	0	912	0.9190999999999925	0.8278508771929824	84.72133956750234
312	31200	915	1000	0.19250301599174133	0.8385723026187512	0	915	0.9190999999999927	0.839344262295082	84.96530838807423
313	31300	913	1000	0.20084728606896587	0.8327453553844889	0	913	0.9190999999999927	0.8302300109529025	85.20333615541458
314	31400	913	1000	0.2507387199694892	0.7995274984565874	0	913	0.9192999999999927	0.8422782037239869	85.45256845156352
315	31500	917	1000	0.22558781563889857	0.81593500460732	0	917	0.9193499999999929	0.8495092693565977	85.6859033703804
316	31600	919	1000	0.23257486633130645	0.8113097445970537	0	919	0.9190499999999928	0.8433079434167573	85.92778685092927
317	31700	917	1000	0.24732976438924487	0.8017126092470422	0	917	0.9188999999999927	0.8429661941112323	86.15637570222219
318	31800	917	1000	0.21546970563540987	0.8227272101999704	0	917	0.9186499999999926	0.8418756815703381	86.3901306827863
319	31900	918	1000	0.2332687304105815	0.810853283912484	0	918	0.9185999999999925	0.8562091503267973	86.6151366353035
320	32000	916	1000	0.21334493910094018	0.8241679408503375	0	916	0.9185499999999922	0.8384279475982532	86.87053347031275
321	32100	919	1000	0.20273306731265284	0.831439682817042	0	919	0.9184499999999923	0.8443960826985855	87.10771048466364
322	32200	921	1000	0.1830144593229369	0.84529820588357	0	921	0.9182499999999921	0.8317046688382194	87.36757955551147
323	32300	918	1000	0.18244055778526286	0.8457084742365587	0	918	0.9183499999999923	0.8169934640522876	87.64331010182698
324	32400	920	1000	0.18329874044628167	0.8450951275608133	0	920	0.9180999999999924	0.8206521739130435	87.90822045008342
325	32500	921	1000	0.17720380138226882	0.8494705834502092	0	921	0.9179999999999923	0.8143322475570033	88.17487415075303
326	32600	922	1000	0.2005262995824537	0.8329680077377752	0	922	0.9179499999999922	0.824295010845987	88.42709123293558
327	32700	922	1000	0.19975351061884056	0.8335045416822273	0	922	0.9177999999999922	0.8177874186550976	88.67532468636831
328	32800	921	1000	0.1777350672939513	0.8490873947548083	0	921	0.9180999999999924	0.8034744842562432	88.95070720116297
329	32900	919	1000	0.17044114704508864	0.8543787122698252	0	919	0.9174999999999923	0.7769314472252449	89.25757183631261
330	33000	920	1000	0.1830253694030256	0.8452904103862258	0	920	0.9174999999999924	0.7934782608695652	89.53360126813253
331	33100	921	1000	0.1838537562249594	0.8446989290203992	0	921	0.9172999999999922	0.7980456026058632	89.80946800311406
332	33200	918	1000	0.16606743473084526	0.8575833354190383	0	918	0.9174499999999923	0.8115468409586056	90.08626086711884
333	33300	919	1000	0.17308650264076622	0.85245205511177	0	919	0.9173999999999921	0.823721436343852	90.34155250390371
334	33400	922	1000	0.17640170469891617	0.850049771269191	0	922	0.9172499999999919	0.8210412147505423	90.60865970452626
335	33500	923	1000	0.16494831124391174	0.8584071845490012	0	923	0.9169499999999916	0.8201516793066089	90.88729211886724
336	33600	923	1000	0.2040853877253561	0.8305058845445381	0	923	0.9169499999999916	0.8277356446370531	91.12392350435258
337	33700	923	1000	0.18876703562835093	0.841207713563008	0	923	0.9170499999999917	0.8147345612134345	91.39985808531443
338	33800	919	1000	0.17941252648120978	0.8478797516111779	0	919	0.9173999999999918	0.8139281828073993	91.66735070149103
339	33900	921	1000	0.161411203173198	0.8610214859886045	0	921	0.9173499999999917	0.8349619978284474	91.92446601788203
340	34000	923	1000	0.18223720858672363	0.8458539392406921	0	923	0.9174499999999918	0.8223185265438786	92.19272065162659
341	34100	925	1000	0.18809668642718072	0.8416823406916308	0	925	0.9171499999999918	0.8194594594594594	92.46135246753693
342	34200	926	1000	0.16943457173250293	0.8551141074258752	0	926	0.9171999999999915	0.8196544276457883	92.73333195050557
343	34300	927	1000	0.17705950978834192	0.8495747170674653	0	927	0.9171499999999915	0.8166127292340885	92.99888118505478
344	34400	928	1000	0.1673584467315509	0.8566349117529989	0	928	0.9170999999999915	0.8351293103448276	93.24767539898555
345	34500	928	1000	0.16509537278766884	0.858298834032228	0	928	0.9169999999999914	0.8459051724137931	93.51550370057424
346	34600	925	1000	0.18200865176462697	0.8460174961554594	0	925	0.9167499999999913	0.8378378378378378	93.77462007204691
347	34700	925	1000	0.18258061166845208	0.8456083163659711	0	925	0.9167999999999913	0.8594594594594595	93.99761507113774
348	34800	927	1000	0.16206776340049142	0.8605350148202701	0	927	0.9167499999999912	0.8640776699029126	94.24006315072377
349	34900	928	1000	0.15612237181164837	0.8649603401696967	0	928	0.9165499999999911	0.8566810344827587	94.49169730345407
350	35000	930	1000	0.17126526354840133	0.8537775610030939	0	930	0.9164499999999912	0.8591397849462366	94.74688673814138
351	35100	932	1000	0.1760617848074454	0.8502954631450151	0	932	0.9164999999999912	0.8680257510729614	94.97799968322119
352	35200	930	1000	0.15899215238238917	0.8628186117951103	0	930	0.9166999999999914	0.8741935483870967	95.21212100187937
353	35300	933	1000	0.18231394582407215	0.8457990396983778	0	933	0.9166999999999914	0.8660235798499464	95.4537745833397
354	35400	932	1000	2.2304303068440436	0.30955628353330616	0	932	0.9166999999999914	0.8572961373390557	95.69881903330484
355	35500	934	1000	3.501990486451315	0.22212397005490964	0	934	0.9165499999999914	0.867237687366167	95.98344237009684
356	35600	936	1000	2.1352404903136413	0.3189547988709353	0	936	0.9165999999999915	0.8643162393162394	96.25217218399048
357	35700	935	1000	0.1914468911490354	0.8393156316313827	0	935	0.9165499999999914	0.8491978609625669	96.49542132218679
358	35800	935	1000	0.17127088951144287	0.8537734600551005	0	935	0.9166499999999915	0.8524064171122995	96.74273278713227
359	35900	934	1000	0.16662061888901464	0.8571766894985199	0	934	0.9167499999999917	0.854389721627409	96.9906392176946
360	36000	929	1000	0.1748680510111428	0.8511594124458114	0	929	0.9168499999999918	0.8643702906350915	97.25296616951624
361	36100	931	1000	0.1925705327322439	0.8385248272980095	0	931	0.9167999999999917	0.8657357679914071	97.46501138210297
362	36200	931	1000	0.16915000257019935	0.8553222407746238	0	931	0.9168999999999919	0.8732545649838883	98.06625363826751
363	36300	929	1000	0.19035714135263762	0.8400840094626313	0	929	0.9170999999999919	0.8719052744886975	98.3155114531517
364	36400	929	1000	0.17773788012551148	0.849085366850415	0	929	0.917149999999992	0.8794402583423035	98.52121068239212
365	36500	925	1000	0.18478219871453982	0.84403698931751	0	925	0.9172499999999919	0.865945945945946	98.7538124680519
366	36600	927	1000	0.20621254061960775	0.8290412894284116	0	927	0.9170999999999918	0.8683926645091694	98.98520043690999
367	36700	928	1000	0.18577692082820385	0.8433289452973597	0	928	0.9169999999999917	0.8588362068965517	99.21571945349375
368	36800	926	1000	0.17135630795221338	0.8537112006066014	0	926	0.9169999999999915	0.8758099352051836	99.41448365052541
369	36900	926	1000	0.14976289612253602	0.869744538958774	0	926	0.9170999999999917	0.8714902807775378	99.6432721376419
370	37000	923	1000	0.16405916338146428	0.8590628650653027	0	923	0.9168999999999914	0.8645720476706392	99.85946505467096
371	37100	923	1000	0.1750651219876404	0.8510166639177281	0	923	0.9170999999999915	0.8613217768147345	100.07118355035782
372	37200	924	1000	0.15669968541843124	0.8645286348792031	0	924	0.9168499999999915	0.829004329004329	100.33053225278854
373	37300	925	1000	0.16241701327596558	0.8602764658285272	0	925	0.9167499999999913	0.8421621621621621	100.55537015199661
374	37400	925	1000	0.1529151485114599	0.8673665198094672	0	925	0.9167999999999913	0.841081081081081	100.76826886733373
375	37500	922	1000	0.15682637565423405	0.8644339557303556	0	922	0.9168999999999914	0.8546637744034707	100.9951453367869
376	37600	922	1000	0.18693147895029244	0.8425086180074924	0	922	0.9170499999999915	0.8492407809110629	101.22470355033875
377	37700	921	1000	0.17431825327173292	0.851557912187714	0	921	0.9168999999999916	0.8414766558089034	101.4636325677236
378	37800	921	1000	0.16680181500021088	0.8570435759905115	0	921	0.9167999999999913	0.8208469055374593	101.7082620382309
379	37900	922	1000	0.14814071148767655	0.8709733833096759	0	922	0.9166499999999913	0.8286334056399133	101.95416340033213
380	38000	925	1000	0.16938908252185367	0.855147371346621	0	925	0.9163999999999912	0.8248648648648649	102.2020926674207
381	38100	924	1000	0.17445215775983294	0.8514608223015354	0	924	0.9163999999999911	0.8203463203463204	102.44644951820374
382	38200	922	1000	0.15693517083069436	0.8643526666079199	0	922	0.916099999999991	0.8438177874186551	102.69225577116012
383	38300	924	1000	0.16385484410520587	0.8592136769158867	0	924	0.916049999999991	0.8268398268398268	102.94581423203151
384	38400	926	1000	0.15380308396257258	0.8666990181423698	0	926	0.9155999999999909	0.8077753779697624	103.20236638784408
385	38500	923	1000	0.14904941042128678	0.8702845943181509	0	923	0.9151999999999906	0.8017334777898159	103.47018898328146
386	38600	925	1000	0.1670968538099323	0.8568269177794007	0	925	0.9152999999999907	0.7772972972972974	103.76504930257798
387	38700	924	1000	0.16821075151565681	0.856009926892543	0	924	0.9153999999999907	0.79004329004329	104.0197853008906
388	38800	924	1000	0.15185998207085488	0.8681610747533433	0	924	0.9152999999999907	0.8073593073593074	104.25446725289027
389	38900	924	1000	0.14249454906280914	0.8752776989792225	0	924	0.9153499999999907	0.8106060606060606	104.50389631986619
390	39000	923	1000	0.1566061904464352	0.8645985195825494	0	923	0.9152999999999909	0.8201516793066089	104.7421020825704
391	39100	922	1000	0.15855513260097479	0.8631440764972349	0	922	0.9151499999999911	0.8145336225596529	104.99268513917923
392	39200	926	1000	0.14017216353453538	0.8770605282100542	0	926	0.9150499999999911	0.8034557235421166	105.2631643017133
393	39300	929	1000	0.14783093370895675	0.8712084424913742	0	929	0.9150499999999911	0.8148546824542519	105.5076555689176
394	39400	927	1000	0.1481673055119543	0.8709532096928259	0	927	0.9150499999999911	0.81445523193096	105.76254690090815
395	39500	925	1000	0.14115735859023928	0.8763033357953175	0	925	0.9150499999999913	0.8237837837837838	106.00021215279897
396	39600	924	1000	0.1587337676598033	0.8630110107342566	0	924	0.9151499999999914	0.8582251082251082	106.23101510604222
397	39700	925	1000	0.1604178586995472	0.8617585402560731	0	925	0.915049999999991	0.8497297297297297	106.47250423431396
398	39800	928	1000	0.14349684000915988	0.8745105058549961	0	928	0.914999999999991	0.8318965517241379	106.71311473449072
399	39900	928	1000	0.13957836879752794	0.8775175340114524	0	928	0.914999999999991	0.8351293103448276	106.94947113593419
400	40000	926	1000	0.15351918371179687	0.866912327181415	0	926	0.914999999999991	0.8358531317494601	107.18046530087788
401	40100	925	1000	0.15569186259588366	0.8652825483722167	0	925	0.9150499999999911	0.8497297297297297	107.40571182171503
402	40200	928	1000	0.13682633608019548	0.8796418311771558	0	928	0.914999999999991	0.8502155172413793	107.65501695076624
403	40300	926	1000	0.14323335340092508	0.8747120585881875	0	926	0.9147499999999907	0.8466522678185745	107.87981667121251
404	40400	925	1000	0.14457255537525224	0.8736886056752833	0	925	0.914649999999991	0.8583783783783784	108.0849987824758
405	40500	925	1000	0.13908861548537554	0.877894824340678	0	925	0.9141999999999907	0.8486486486486486	108.30570188363393
406	40600	928	1000	0.15997025879835097	0.8620910686416485	0	928	0.9143999999999909	0.8469827586206896	108.51164135138194
407	40700	928	1000	0.16245970563706585	0.8602448714142461	0	928	0.9145499999999912	0.8609913793103449	108.72410036722819
408	40800	925	1000	0.14320262129640818	0.874735573004535	0	925	0.9147499999999915	0.8594594594594595	108.93649831612905
409	40900	929	1000	0.13418483539349899	0.8816905047518606	0	929	0.9145999999999916	0.8320775026910656	109.18072575330734
410	41000	934	1000	0.15002572361764038	0.8695457670757973	0	934	0.9143499999999917	0.8115631691648822	109.42658816973368
411	41100	933	1000	0.1498781944046538	0.8696573296772073	0	933	0.914599999999992	0.8060021436227224	109.67218143542608
412	41200	931	1000	0.1347916986286629	0.8812189948238504	0	931	0.9145999999999918	0.8216970998925887	109.90470450321833
413	41300	929	1000	0.14388900693170376	0.8742106917194155	0	929	0.9147499999999916	0.8094725511302476	110.16694358587264
414	41400	929	1000	0.14749941376703454	0.87146014019927	0	929	0.9147499999999916	0.8116254036598493	110.3941391547521
415	41500	929	1000	0.14134478892427293	0.8761594302651597	0	929	0.9146499999999914	0.8288482238966631	110.61432145039241
416	41600	930	1000	0.15952327251703136	0.8624233973581689	0	930	0.9145999999999915	0.8268817204301075	110.84336736996968
417	41700	929	1000	0.15994144161836113	0.862112486131016	0	929	0.9146499999999914	0.8223896663078579	111.07906951506932
418	41800	934	1000	0.14298898875233648	0.8748990671306288	0	934	0.9144999999999914	0.828693790149893	111.300441467762
419	41900	933	1000	0.1356591054581822	0.8805459272010587	0	933	0.9144999999999911	0.8445873526259379	111.53664762179056
420	42000	933	1000	0.1497047931704141	0.869788493481366	0	933	0.9144499999999911	0.8638799571275455	111.74884033600489
421	42100	931	1000	0.15113575132925763	0.8687072735298719	0	931	0.9144499999999911	0.8474758324382384	111.9905936161677
422	42200	933	1000	0.13628588608587094	0.8800602139349537	0	933	0.9141999999999908	0.842443729903537	112.22439208428065
423	42300	932	1000	0.13917752246603277	0.8778263091385894	0	932	0.9144499999999913	0.8465665236051502	112.47353141705194
424	42400	932	1000	0.14044492453562266	0.8768507610371361	0	932	0.9143999999999913	0.8336909871244635	112.70473490556081
425	42500	932	1000	0.1342616518294434	0.8816307933774419	0	932	0.9143999999999913	0.8293991416309013	112.92853528658549
426	42600	933	1000	0.15340042112684077	0.8670015908465053	0	933	0.9141499999999909	0.8242229367631297	113.16156001885732
427	42700	937	1000	0.15825656100593646	0.8633665749594442	0	937	0.9139999999999906	0.8089647812166488	113.43805795113245
428	42800	938	1000	0.14251539235855404	0.8752617309913417	0	938	0.9137999999999907	0.8102345415778252	113.68015520175298
429	42900	934	1000	0.13391316952339738	0.8819017424590957	0	934	0.9139999999999908	0.7965738758029979	113.95457963546117
430	43000	937	1000	0.14494170441768198	0.87340691333154	0	937	0.9137499999999906	0.7854855923159018	114.22522395451864
431	43100	936	1000	0.14517589501167275	0.8732282999982347	0	936	0.9135999999999908	0.8076923076923077	114.4667108019193
432	43200	935	1000	0.1269478547771577	0.8873525032777491	0	935	0.9133499999999908	0.8032085561497326	114.72273521820703
433	43300	939	1000	0.13214213982902162	0.8832813167355664	0	939	0.9129999999999908	0.8040468583599574	114.98232173522314
434	43400	942	1000	0.13262507303946772	0.8829046997135951	0	942	0.9126499999999905	0.7919320594479831	115.2584254860878
435	43500	939	1000	0.12823988657564453	0.8863363296214697	0	939	0.9129999999999906	0.7859424920127795	115.52894258499146
436	43600	940	1000	0.14371878618948086	0.8743408013185587	0	940	0.9128499999999905	0.7712765957446809	115.81843333641687
437	43700	941	1000	0.14201219353605854	0.875647392961418	0	941	0.9128499999999904	0.8023379383634431	116.06626901626586
438	43800	943	1000	0.1290285092299456	0.8857172266465179	0	943	0.9128999999999903	0.792152704135737	116.33130919933319
439	43900	943	1000	0.12150758698727336	0.891656919313688	0	943	0.9130999999999904	0.8038176033934252	116.58129393657049
440	44000	942	1000	0.13401089195728405	0.8818257453189154	0	942	0.9129999999999903	0.8046709129511678	116.85994786818823
441	44100	943	1000	0.13443180102845248	0.8814985608596486	0	943	0.9128499999999901	0.7974549310710498	117.11253261566162
442	44200	943	1000	0.11860796468263689	0.8939682458668284	0	943	0.91289999999999	0.8101802757158006	117.34878191947936
443	44300	942	1000	0.12740557035131855	0.8869922468880326	0	942	0.9130999999999897	0.8142250530785563	117.61429264942805
444	44400	943	1000	0.13021159680295272	0.8847900719022135	0	943	0.9131999999999897	0.8197242841993637	117.8727686882019
445	44500	946	1000	0.12807559413026579	0.8864654152641156	0	946	0.9129999999999897	0.8266384778012685	118.11703830162683
446	44600	947	1000	0.14506911247971901	0.8733097322260639	0	947	0.9130499999999897	0.8416050686378036	118.36216423511505
447	44700	947	1000	0.14396260954807322	0.8741544449560757	0	947	0.9129999999999898	0.8352692713833157	118.59989106655121
448	44800	945	1000	0.12925731144618133	0.885537768818474	0	945	0.9130999999999899	0.8518518518518519	118.8221208691597
449	44900	945	1000	0.12031831196333923	0.892603458607685	0	945	0.9130499999999899	0.8539682539682539	119.04980790217718
450	45000	944	1000	0.13098902080841082	0.8841818811691186	0	944	0.91299999999999	0.871822033898305	119.26709253390631
451	45100	944	1000	0.1310500573364714	0.8841341667537833	0	944	0.9128999999999898	0.8686440677966102	119.49875421921412
452	45200	944	1000	0.11580017630023266	0.8962178186024288	0	944	0.9129499999999899	0.8686440677966102	119.70503550370535
453	45300	945	1000	0.12101673798010328	0.8920473407041571	0	945	0.9129499999999902	0.8613756613756614	119.94377315044403
454	45400	945	1000	0.11811916273351467	0.8943590570035991	0	945	0.9125999999999902	0.8645502645502645	120.18460282087327
455	45500	945	1000	0.12693985917529724	0.8873587990150665	0	945	0.9125999999999902	0.8656084656084656	120.40946336984635
456	45600	946	1000	0.14941085025768702	0.8700109275772101	0	946	0.9127499999999904	0.8668076109936576	120.63516815503438
457	45700	944	1000	0.13630078836358017	0.880048672183119	0	944	0.9126999999999906	0.8686440677966102	120.85273078680038
458	45800	944	1000	0.1352154892585595	0.8808900243716086	0	944	0.9128999999999908	0.864406779661017	121.0702668507894
459	45900	947	1000	0.12150590662892123	0.891658255288062	0	947	0.9126999999999906	0.8437170010559663	121.34105583429337
460	46000	943	1000	0.1359777103989578	0.8802989625991849	0	943	0.9126999999999907	0.8260869565217391	121.6203787167867
461	46100	942	1000	0.14053164146011105	0.8767840923026019	0	942	0.912449999999991	0.8163481953290871	121.89263076782227
462	46200	941	1000	0.12456045360641756	0.8892363205491022	0	941	0.912449999999991	0.8108395324123273	122.1413139184316
463	46300	941	1000	0.1320641388998547	0.8833421761524968	0	941	0.9124499999999909	0.8310308182784272	122.38191254933675
464	46400	940	1000	0.12254876580357377	0.8908298957365585	0	940	0.9124999999999909	0.8287234042553191	122.64335168600083
465	46500	942	1000	0.12884191579852536	0.8858636324578852	0	942	0.9124999999999909	0.8237791932059448	122.89881926774979
466	46600	942	1000	0.15303006892660728	0.8672800709620107	0	942	0.9124999999999908	0.8312101910828026	123.1368458032608
467	46700	942	1000	0.1391399142451254	0.877855290201705	0	942	0.9124499999999908	0.8301486199575372	123.37880500157674
468	46800	938	1000	0.1383707792694779	0.8784484090866475	0	938	0.9124999999999909	0.8283582089552238	123.61578125158945
469	46900	939	1000	0.12308772833872164	0.890402392232712	0	939	0.912499999999991	0.8498402555910544	123.84775240023932
470	47000	939	1000	0.1386013838774207	0.8782704940991516	0	939	0.912549999999991	0.8668796592119276	124.07847045262655
471	47100	941	1000	0.14107490468460354	0.8763666573461301	0	941	0.9121999999999906	0.8671625929861849	124.3153145511945
472	47200	939	1000	0.12566882894147402	0.8883607454426475	0	939	0.9122499999999908	0.8668796592119276	124.53290286858876
473	47300	937	1000	0.13268139894773576	0.8828607946850746	0	937	0.912199999999991	0.8580576307363927	124.76853760083516
474	47400	937	1000	0.12360402175789065	0.8899932544167021	0	937	0.9122499999999912	0.8687299893276414	124.99390535354614
475	47500	935	1000	0.12701045167541017	0.8873032175641344	0	935	0.9121999999999911	0.8684491978609625	125.2258649667104
476	47600	933	1000	0.1470377098459378	0.8718109190449485	0	933	0.9122499999999911	0.8745980707395499	125.4328465382258
477	47700	931	1000	0.12606524362170898	0.8880480111292207	0	931	0.9124499999999913	0.8689581095596133	125.67364253600438
478	47800	929	1000	0.1156400395789767	0.896346459900617	0	929	0.9123999999999912	0.8611410118406889	125.91147706906001
479	47900	930	1000	0.10934133277972562	0.9014358074031693	0	930	0.912249999999991	0.8387096774193549	126.16422008275985
480	48000	930	1000	0.12177696504404287	0.8914428011639002	0	930	0.912149999999991	0.8268817204301075	126.42500723600388
481	48100	932	1000	0.12018734699137075	0.8927078159611666	0	932	0.9120999999999908	0.8315450643776824	126.67934188445409
482	48200	930	1000	0.10787494326516547	0.9026289529148182	0	930	0.9121999999999907	0.8193548387096774	126.94341994921366
483	48300	931	1000	0.11774029124193984	0.8946622107438601	0	931	0.9120499999999906	0.8238453276047261	127.19745599826177
484	48400	931	1000	0.12839820268336985	0.8862119751892245	0	931	0.9119499999999906	0.8270676691729323	127.43790226777395
485	48500	934	1000	0.1354146391241116	0.880735517706048	0	934	0.9118499999999905	0.8179871520342612	127.71964583794276
486	48600	935	1000	0.13947636410527164	0.8775960884324354	0	935	0.9116999999999905	0.8	127.98560396830241
487	48700	937	1000	0.13764976199374826	0.8790051502735649	0	937	0.9116499999999905	0.7993596584845251	128.23973311980566
488	48800	938	1000	0.12747045383554512	0.8869412024041047	0	938	0.9114999999999904	0.8081023454157783	128.4770787358284
489	48900	938	1000	0.12473611843682089	0.8890974368190634	0	938	0.9113999999999902	0.8166311300639659	128.7237127661705
490	49000	938	1000	0.129114022170216	0.8856501472525758	0	938	0.9116499999999903	0.8208955223880597	128.97775471607844
491	49100	938	1000	0.13546299454106045	0.8806980102457563	0	938	0.9116499999999903	0.826226012793177	129.19956096808116
492	49200	944	1000	0.11738691728763605	0.8949451479416073	0	944	0.9114499999999903	0.801906779661017	129.48067965110144
493	49300	946	1000	0.13415503160204637	0.8817136741768485	0	946	0.91124999999999	0.8054968287526427	129.72598038514454
494	49400	943	1000	0.13118532335726454	0.8840284428656505	0	943	0.91149999999999	0.8038176033934252	129.9663965543111
495	49500	944	1000	0.13239234831666646	0.8830861507378857	0	944	0.9109499999999898	0.8061440677966102	130.2385569214821
496	49600	943	1000	0.13641455470279712	0.8799605706049117	0	943	0.9109499999999898	0.8176033934252386	130.48080446720124
497	49700	948	1000	0.14762955066844577	0.8713613198767339	0	948	0.9107499999999898	0.8164556962025317	130.73984240293504
498	49800	948	1000	0.13758346367868696	0.8790563786557047	0	948	0.9107999999999898	0.7964135021097046	131.0191899339358
499	49900	948	1000	0.13351075776411145	0.8822148295906199	0	948	0.9107999999999898	0.8111814345991561	131.25157022078832
500	50000	950	1000	0.13263029744484126	0.8829006272002006	0	950	0.9108499999999896	0.8126315789473684	131.5137465874354
