Epoch	Explore_Iteration	MacroPopSize	MicroPopSize	RMSE	Accuracy_Estimate	RuleCount	TreeCount	AveGenerality	ExpRules	Time(min)
1	100	1000	1000	77596.53318086511	1.2887007602022477e-05	0	1000	0.8700499999999997	0.0	1.3128565351168315
2	200	1000	1000	21555.352653245158	4.639003713132597e-05	0	1000	0.8711499999999994	0.0	2.549534014860789
3	300	1000	1000	3605.3386454891825	0.0002772895444111447	0	1000	0.8711499999999995	0.0	3.652197082837423
4	400	998	1000	3306.975946984392	0.00030229965877219187	0	998	0.8705999999999996	0.0	4.717824765046438
5	500	998	1000	3325.741859234873	0.00030059440807649344	0	998	0.8696999999999997	0.0	5.755526916186015
6	600	996	1000	3247.7220697231373	0.0003078133427662595	0	996	0.8691499999999998	0.0	6.761708295345306
7	700	996	1000	3568.4819539868795	0.00028015269803593345	0	996	0.8685999999999997	0.0	7.787796767552694
8	800	994	1000	3613.0169314251266	0.00027670041922179563	0	994	0.8683499999999996	0.0	8.856096998850505
9	900	994	1000	3243.7373805761254	0.00030819135193691486	0	994	0.8683999999999993	0.0	9.899977628389994
10	1000	995	1000	3394.698673855883	0.0002944902054175732	0	995	0.8673999999999993	0.0	10.900800748666127
11	1100	993	1000	3426.5346816451183	0.0002917548888287335	0	993	0.8664499999999996	0.94662638469285	11.01970115105311
12	1200	993	1000	3636.389091609807	0.00027492247180997285	0	993	0.8669499999999996	0.9436052366565961	11.133683717250824
13	1300	993	1000	3503.1711701354066	0.00028537418734637856	0	993	0.8662499999999996	0.9436052366565961	11.251564113299052
14	1400	994	1000	3257.1676691273356	0.0003069209756991539	0	994	0.8657499999999997	0.9416498993963782	11.369574515024821
15	1500	994	1000	3282.9590039239383	0.0003045105005285144	0	994	0.8650999999999994	0.9416498993963782	11.488120516141256
16	1600	994	1000	3107.1163829561556	0.0003217382738573295	0	994	0.8646999999999998	0.937625754527163	11.609809017181396
17	1700	994	1000	3353.8007323192505	0.0002980802973977763	0	994	0.8643999999999996	0.937625754527163	11.732026632626852
18	1800	994	1000	3651.356788150231	0.00027379581404654037	0	994	0.8636499999999997	0.9325955734406438	11.85925304889679
19	1900	994	1000	3019.301672478524	0.0003310927544464056	0	994	0.8633499999999997	0.9346076458752515	11.982865949471792
20	2000	994	1000	3253.9577953116514	0.0003072236455539828	0	994	0.8620999999999998	0.9336016096579477	12.108339500427245
21	2100	994	1000	3348.9613483102726	0.0002985109068510304	0	994	0.8619999999999998	0.93158953722334	12.23501711289088
22	2200	994	1000	3592.3183378610297	0.00027829429679622074	0	994	0.8622499999999998	0.9325955734406438	12.362280631065369
23	2300	994	1000	3465.733243750599	0.000288455998684836	0	994	0.8615000000000002	0.9295774647887324	12.494356767336528
24	2400	994	1000	3257.19086772239	0.0003069187903958006	0	994	0.8612	0.9295774647887324	12.625335733095804
25	2500	994	1000	3304.3748531565634	0.00030253754700318517	0	994	0.8609999999999997	0.9305835010060363	12.751316332817078
26	2600	994	1000	3103.7158637516136	0.00032209066590449287	0	994	0.8610999999999995	0.9336016096579477	12.875481796264648
27	2700	994	1000	3352.1212672722704	0.00029822959573826856	0	994	0.8605499999999993	0.9275653923541247	13.002912028630574
28	2800	994	1000	3649.1875846161543	0.00027395852317687333	0	994	0.8593999999999993	0.9275653923541247	13.135959815979003
29	2900	992	1000	3012.7775017379195	0.00033180949802145043	0	992	0.8583499999999994	0.9233870967741935	13.268122132619222
30	3000	992	1000	3261.14291939884	0.0003065469615243846	0	992	0.8581499999999994	0.9274193548387096	13.398641951878865
31	3100	992	1000	3340.3029003453976	0.0002992844497565988	0	992	0.8576499999999995	0.9254032258064516	13.530507397651672
32	3200	991	1000	3593.5332821461	0.0002782002339405116	0	991	0.8579999999999994	0.9253279515640767	13.666629298528035
33	3300	991	1000	3473.5062795614003	0.000287810675687204	0	991	0.8575499999999993	0.9283551967709385	13.799867113431295
34	3400	991	1000	3255.7918122715573	0.00030705063683592255	0	991	0.8573999999999993	0.929364278506559	13.930333817005158
35	3500	991	1000	3293.134378445676	0.000303569886688061	0	991	0.8569999999999991	0.9303733602421796	14.056155395507812
36	3600	991	1000	3069.2835718592687	0.0003257028142825358	0	991	0.8569999999999992	0.9354187689202825	14.181235980987548
37	3700	991	1000	3390.783985895104	0.0002948300965387383	0	991	0.8572499999999991	0.934409687184662	14.304138163725534
38	3800	991	1000	3644.9193542018597	0.00027427924286024515	0	991	0.8563499999999993	0.9364278506559032	14.430582014719645
39	3900	991	1000	3011.7658224228767	0.0003319209188305902	0	991	0.8553999999999994	0.9313824419778002	14.558698864777883
40	4000	991	1000	3261.945331006574	0.0003064715766143448	0	991	0.8549999999999995	0.9303733602421796	14.6883372147878
41	4100	991	1000	3346.422950865575	0.00029873727182919043	0	991	0.8552499999999996	0.9354187689202825	14.813830018043518
42	4200	990	1000	3590.715702430179	0.0002784184726322836	0	990	0.8553499999999996	0.9404040404040404	14.935082149505615
43	4300	990	1000	3474.219267343136	0.00028775162747198885	0	990	0.8554999999999996	0.9393939393939394	15.0593825340271
44	4400	988	1000	3252.674567048492	0.00030734481257820777	0	988	0.8550499999999996	0.9382591093117408	15.185597431659698
45	4500	988	1000	3311.511355467902	0.00030188575756859466	0	988	0.8551999999999996	0.9352226720647774	15.319310514132182
46	4600	988	1000	3105.619706289523	0.00032189327775634875	0	988	0.8557999999999996	0.930161943319838	15.449665462970733
47	4700	986	1000	3345.943382203016	0.0002987800765669907	0	986	0.8552999999999998	0.9320486815415822	15.582717800140381
48	4800	986	1000	3648.3278114893096	0.0002740230671664146	0	986	0.8545	0.9330628803245437	15.71354428132375
49	4900	987	1000	3014.600305316427	0.0003316089331324929	0	987	0.85295	0.9361702127659575	15.84064114888509
50	5000	987	1000	3263.5171270885153	0.0003063240170198947	0	987	0.8529500000000001	0.9300911854103343	15.968539317448935
51	5100	987	1000	3339.1403451644833	0.00029938861744168886	0	987	0.85265	0.922998986828774	16.10444424947103
52	5200	987	1000	3586.443450728365	0.0002787500384980196	0	987	0.8528000000000001	0.9189463019250254	16.243565066655478
53	5300	987	1000	3491.2206204323275	0.00028635075176785445	0	987	0.8524000000000002	0.9189463019250254	16.38275272846222
54	5400	987	1000	3246.5929055524243	0.00030792036720190375	0	987	0.8524000000000002	0.92806484295846	16.513872516155242
55	5500	986	1000	3307.6328431210104	0.00030223964018222916	0	986	0.8523500000000003	0.9279918864097363	16.65080816745758
56	5600	986	1000	3110.8961440415123	0.00032134748517065553	0	986	0.8525000000000001	0.9300202839756593	16.779772679011028
57	5700	985	1000	3336.921504131694	0.0002995876322322726	0	985	0.8527	0.9309644670050762	16.91027640104294
58	5800	985	1000	3634.6914739596878	0.00027505084167961163	0	985	0.85265	0.932994923857868	17.03945424556732
59	5900	983	1000	3009.5538864713585	0.00033216479017158216	0	983	0.8517500000000001	0.930824008138352	17.1708083152771
60	6000	983	1000	3257.441163150683	0.0003068952145918358	0	983	0.8513500000000003	0.9287894201424212	17.30490183432897
61	6100	984	1000	3355.4197072641505	0.0002979365178424332	0	984	0.8513500000000004	0.9278455284552846	17.437536231676738
62	6200	984	1000	3582.0617449982033	0.0002790909203269958	0	984	0.8517000000000005	0.9278455284552846	17.570030629634857
63	6300	984	1000	3489.610225660885	0.0002864828598302372	0	984	0.8521500000000005	0.9227642276422764	17.708625531196596
64	6400	984	1000	3244.216804161117	0.00030814582209662207	0	984	0.8522500000000002	0.9146341463414634	17.848649112383523
65	6500	984	1000	3306.7863148247984	0.0003023169893164536	0	984	0.8521500000000001	0.9136178861788617	17.99476188023885
66	6600	984	1000	3101.8638262662503	0.00032228291539410667	0	984	0.8518	0.9146341463414634	18.13706508477529
67	6700	984	1000	3336.5314491665536	0.0002996226448292253	0	984	0.8514499999999999	0.915650406504065	18.28485804796219
68	6800	982	1000	3638.216066680765	0.00027478445403547423	0	982	0.8513499999999999	0.9154786150712831	18.433550584316254
69	6900	984	1000	3006.695775728568	0.0003324804350459166	0	984	0.8502500000000004	0.9136178861788617	18.58351333141327
70	7000	985	1000	3257.826589722063	0.0003068589176097546	0	985	0.8493500000000004	0.9147208121827411	18.736810501416524
71	7100	985	1000	3357.4890457474626	0.00029775294377279736	0	985	0.8489500000000004	0.9106598984771573	18.887601582209268
72	7200	984	1000	3580.4823071181104	0.00027921399974879785	0	984	0.8494500000000004	0.9115853658536586	19.03867561419805
73	7300	982	1000	3488.63303390481	0.00028656308278954636	0	982	0.8508500000000003	0.9073319755600815	19.191524998346964
74	7400	982	1000	3246.0935510028985	0.0003079677207609678	0	982	0.8504500000000006	0.9073319755600815	19.341750331719716
75	7500	982	1000	3306.9291726898537	0.00030230393330545426	0	982	0.8503500000000004	0.9114052953156823	19.487876268227897
76	7600	982	1000	3100.12613542532	0.0003224635040079883	0	982	0.8500000000000003	0.9073319755600815	19.637260417143505
77	7700	982	1000	3336.8526018834145	0.00029959381652615237	0	982	0.8498000000000001	0.9073319755600815	19.788038500150044
78	7800	982	1000	3640.111662372383	0.0002746413987612908	0	982	0.8502	0.8991853360488798	19.9446817000707
79	7900	983	1000	3007.843398489506	0.0003323536214952291	0	983	0.8482999999999999	0.8911495422177009	20.11067360242208
80	8000	983	1000	3266.6842724543226	0.00030602711786745256	0	983	0.8481000000000004	0.8880976602238047	20.284793663024903
81	8100	983	1000	3358.8832822291424	0.0002976293864995637	0	983	0.8475500000000002	0.8931841302136317	20.449029449621836
82	8200	984	1000	3580.079997906374	0.0002792453674826129	0	984	0.8470000000000002	0.891260162601626	20.61719081401825
83	8300	985	1000	3480.4961529755765	0.00028723283211021694	0	985	0.8492500000000007	0.8873096446700508	20.790470866362252
84	8400	985	1000	3243.6453680705495	0.00030820009170822165	0	985	0.8493000000000006	0.8954314720812183	20.95169728199641
85	8500	985	1000	3312.4372090446045	0.0003018014034701867	0	985	0.8488000000000007	0.8964467005076142	21.112737647692363
86	8600	985	1000	3101.734561426117	0.0003222963422112292	0	985	0.8482500000000007	0.8964467005076142	21.27405251264572
87	8700	984	1000	3338.330510972593	0.0002994612233542424	0	984	0.8474000000000006	0.899390243902439	21.438324785232545
88	8800	983	1000	3641.0555243311132	0.00027457022368807964	0	983	0.8478500000000004	0.9043743641912513	21.600746417045592
89	8900	983	1000	3011.1720465770904	0.0003319863488994127	0	983	0.8470500000000003	0.9074262461851476	21.758551581700644
90	9000	983	1000	3267.6638391235883	0.00030593540639777916	0	983	0.8456500000000006	0.9094608341810784	21.925575983524322
91	9100	983	1000	3360.795240094853	0.0002974601153792415	0	983	0.8450000000000004	0.8992878942014242	22.09119859536489
92	9200	983	1000	3586.061626676211	0.00027877970998970683	0	983	0.8444000000000006	0.8942014242115972	22.261424966653188
93	9300	983	1000	3479.705051256176	0.0002872981149721672	0	983	0.8467500000000007	0.8870803662258393	22.441027331352235
94	9400	983	1000	3242.610895188249	0.0003082983848289125	0	983	0.8475000000000008	0.8657171922685656	22.630376048882802
95	9500	982	1000	3308.799066304424	0.0003021331446312105	0	982	0.8478000000000004	0.8553971486761711	22.826901650428773
96	9600	981	1000	3106.46420943784	0.000321805798104721	0	981	0.8469500000000001	0.8399592252803262	23.04004983107249
97	9700	983	1000	3344.769079494065	0.00029888494281596275	0	983	0.8468	0.8351983723296033	23.255094583829244
98	9800	983	1000	3645.5562335514323	0.00027423133936593265	0	983	0.8466	0.8372329603255341	23.46788728237152
99	9900	983	1000	3010.627511399319	0.0003320463756606345	0	983	0.8449000000000001	0.8280773143438453	23.696659247080486
100	10000	982	1000	3268.212976279517	0.0003058840177301744	0	982	0.8431500000000003	0.8309572301425662	23.92187494834264
101	10100	982	1000	3343.2367023701936	0.00029902189617477145	0	982	0.8433000000000003	0.8391038696537678	24.988060084978738
102	10200	982	1000	3585.2189725847325	0.0002788452148752255	0	982	0.8424	0.8329938900203666	25.22014253139496
103	10300	981	1000	3475.465461264728	0.00028764847835887974	0	981	0.8433500000000004	0.8409785932721713	25.43692648013433
104	10400	979	1000	3240.9785977983033	0.0003084536093727211	0	979	0.8438500000000005	0.8529111338100103	25.64225421746572
105	10500	980	1000	3305.8614322713233	0.0003024015431191347	0	980	0.8444500000000009	0.85	25.850963683923087
106	10600	980	1000	3102.937986185753	0.0003221713850117351	0	980	0.8448500000000008	0.8653061224489796	26.049529830614727
107	10700	982	1000	3344.515548161272	0.00029890759304634223	0	982	0.8452000000000007	0.8615071283095723	26.249913847446443
108	10800	982	1000	3645.448410924754	0.0002742394481720903	0	982	0.8447500000000003	0.8482688391038696	26.46309468348821
109	10900	983	1000	3013.023843525054	0.0003317823786126553	0	983	0.8442000000000001	0.8575788402848423	26.67018041610718
110	11000	983	1000	3266.980504228873	0.0003059993775072916	0	983	0.8432500000000002	0.861648016276704	26.870792249838512
111	11100	981	1000	3339.049345058936	0.00029939677432590586	0	981	0.8418499999999999	0.855249745158002	27.083261700471244
112	11200	981	1000	3584.6366064136973	0.0002788905039097606	0	981	0.8410500000000001	0.8603465851172273	27.288535817464194
113	11300	983	1000	3475.0067184310083	0.00028768644050589684	0	983	0.8396500000000007	0.8494404883011191	27.50706146558126
114	11400	980	1000	3238.1865122912527	0.000308719487502634	0	980	0.8424000000000008	0.8357142857142857	27.7292297800382
115	11500	980	1000	3306.191915147362	0.0003023713245729321	0	980	0.8424500000000007	0.8367346938775511	27.951654998461404
116	11600	981	1000	3104.1728859493423	0.0003220432603044164	0	981	0.8417499999999998	0.8154943934760448	28.19379014968872
117	11700	980	1000	3346.323480661053	0.0002987461492076986	0	980	0.8396500000000001	0.8112244897959183	28.443547733624776
118	11800	978	1000	3635.143915499979	0.00027501661739439087	0	978	0.8399499999999999	0.7965235173824131	28.711808466911314
119	11900	979	1000	3012.4231794637994	0.00033184851262010184	0	979	0.8384499999999994	0.797752808988764	28.9655854622523
120	12000	980	1000	3267.210585186148	0.0003059778352511036	0	980	0.8379499999999991	0.8	29.21566818157832
121	12100	981	1000	3336.3995875552423	0.0002996344830055348	0	981	0.8362999999999993	0.8022426095820592	29.467472648620607
122	12200	982	1000	3582.5189630762807	0.00027905531135840494	0	982	0.8317999999999991	0.7810590631364562	29.763003901640573
123	12300	976	1000	3472.1415205343424	0.0002879237699033209	0	976	0.8310499999999993	0.7930327868852459	30.03076384862264
124	12400	976	1000	3235.7655688273703	0.00030895039468746094	0	976	0.8314999999999997	0.8073770491803278	30.27640515168508
125	12500	973	1000	3304.3754105957537	0.0003025374959813603	0	973	0.8320499999999995	0.7934224049331963	30.53764728307724
126	12600	973	1000	3100.27570337413	0.00032244795227719315	0	973	0.8315999999999995	0.8191161356628982	30.785444994767506
127	12700	970	1000	3347.728961110454	0.0002986207637623785	0	970	0.8302499999999992	0.8206185567010309	31.04095958073934
128	12800	973	1000	3643.689687451046	0.00027437178079743764	0	973	0.831299999999999	0.8263103802672148	31.27941866715749
129	12900	973	1000	3010.5039455549154	0.0003320599999465499	0	973	0.8284499999999991	0.8191161356628982	31.53058819770813
130	13000	973	1000	3266.7893386492956	0.0003060172784618175	0	973	0.8260499999999993	0.8129496402877698	31.780850982666017
131	13100	974	1000	3331.326946344832	0.00030009060218322265	0	974	0.8245999999999993	0.811088295687885	32.030816332499185
132	13200	975	1000	3583.552178492127	0.0002789748761365942	0	975	0.8202499999999997	0.801025641025641	32.339143081506094
133	13300	976	1000	3471.4742977392275	0.0002879790933660921	0	976	0.8195999999999997	0.8022540983606558	32.601382700602215
134	13400	975	1000	3235.6053935799073	0.00030896568422693365	0	975	0.8198499999999996	0.7958974358974359	32.8635217666626
135	13500	975	1000	3306.251522475441	0.0003023658748674522	0	975	0.8208499999999994	0.7938461538461539	33.137182064851125
136	13600	975	1000	3100.861290560217	0.0003223870787011863	0	975	0.8205499999999994	0.7958974358974359	33.39125171502431
137	13700	973	1000	3348.9855442535827	0.00029850875079606113	0	973	0.8203499999999997	0.8201438848920863	33.644741745789844
138	13800	975	1000	3646.775146398086	0.0002741397043037117	0	975	0.8205499999999997	0.8153846153846154	33.90787454843521
139	13900	975	1000	3010.4760996777245	0.00033206307036838707	0	975	0.8189999999999996	0.8276923076923077	34.15472949743271
140	14000	975	1000	3259.8941546384917	0.0003066643541856579	0	975	0.8113500000000002	0.7846153846153846	34.46516804695129
141	14100	979	1000	3337.774617279207	0.0002995110825464786	0	979	0.8075500000000001	0.7620020429009193	34.80787628094355
142	14200	980	1000	3579.396855559149	0.0002792986477036302	0	980	0.8066500000000002	0.7938775510204081	35.11988664865494
143	14300	978	1000	3466.570380458542	0.00028838635998147	0	978	0.8049499999999998	0.7801635991820041	35.46487673123678
144	14400	978	1000	3238.286108863058	0.0003087099954721151	0	978	0.8034499999999997	0.7689161554192229	35.86419276396433
145	14500	975	1000	3306.2154523221966	0.00030236917262158996	0	975	0.8038	0.7825641025641026	36.18765074809392
146	14600	974	1000	3101.0789399793885	0.00032236445923798586	0	974	0.8039999999999999	0.7772073921971252	36.50136198202769
147	14700	974	1000	3349.3681336763275	0.0002984746631119337	0	974	0.8042999999999997	0.7587268993839835	36.86501100063324
148	14800	975	1000	3643.989684259243	0.00027434919893421487	0	975	0.8041999999999995	0.7712820512820513	37.22709998289744
149	14900	975	1000	3011.4463721221923	0.00033195611688035636	0	975	0.8045499999999991	0.7723076923076924	37.57750101486842
150	15000	976	1000	3265.2715535678426	0.00030615947988392797	0	976	0.8026499999999991	0.8165983606557377	37.91078494787216
151	15100	974	1000	3334.6551267191708	0.0002997911840435266	0	974	0.801799999999999	0.8490759753593429	38.19872274796168
152	15200	975	1000	3578.472672307855	0.00027937075975921694	0	975	0.7984999999999985	0.84	38.50715113083522
153	15300	974	1000	3466.393147992435	0.00028840110057291423	0	974	0.797499999999999	0.8490759753593429	38.80038625001907
154	15400	974	1000	3241.007310607956	0.0003084508775560026	0	974	0.7957499999999985	0.8480492813141683	39.10237685044606
155	15500	974	1000	3305.341587114638	0.0003024490887139931	0	974	0.7949999999999983	0.8234086242299795	39.44333994785945
156	15600	975	1000	3099.43611450724	0.00032253527022243854	0	975	0.7958999999999983	0.8184615384615385	39.78191961447398
157	15700	971	1000	3349.679723354864	0.00029844690706480034	0	971	0.7984499999999983	0.815653964984552	40.09791998465856
158	15800	969	1000	3642.3293758388795	0.0002744742231189979	0	969	0.7985999999999986	0.8235294117647058	40.39245368242264
159	15900	968	1000	3010.49396239476	0.00033206110073180867	0	968	0.7988499999999988	0.8274793388429752	40.686877115567526
160	16000	967	1000	3264.3725068857266	0.0003062437739924891	0	967	0.797599999999999	0.8314374353671148	40.978196632862094
161	16100	967	1000	3336.4823063326785	0.0002996270566296511	0	967	0.7967499999999988	0.8293691830403309	41.27504409948985
162	16200	970	1000	3578.5931085405773	0.00027936136026580585	0	970	0.7938999999999986	0.8237113402061855	41.60251168012619
163	16300	968	1000	3465.9573497014007	0.00028843735273701224	0	968	0.7927499999999985	0.8326446280991735	41.90750264724095
164	16400	968	1000	3241.69242103238	0.00030838570859015633	0	968	0.7921999999999982	0.8409090909090909	42.206669616699216
165	16500	972	1000	3302.624242582926	0.0003026978634889039	0	972	0.789849999999998	0.8425925925925926	42.521352497736615
166	16600	970	1000	3101.8831807089127	0.00032228090513273237	0	970	0.7890999999999979	0.8515463917525773	42.808328080177304
167	16700	969	1000	3349.7007494533855	0.00029844503427025953	0	969	0.7902999999999976	0.8555211558307534	43.09082353115082
168	16800	969	1000	3640.9826400136053	0.00027457571845983985	0	969	0.7902999999999977	0.8524251805985552	43.36218389670054
169	16900	969	1000	3007.8836654380084	0.00033234917371071846	0	969	0.7918499999999976	0.8410732714138287	43.65620689789454
170	17000	970	1000	3264.8010380118326	0.00030620358936770504	0	970	0.7889999999999984	0.8082474226804124	44.00384749571482
171	17100	971	1000	3334.805749100895	0.00029977764750526364	0	971	0.7880999999999984	0.8094747682801235	44.353046063582106
172	17200	973	1000	3578.1066318879575	0.0002793993314115109	0	973	0.7850499999999989	0.8088386433710175	44.70930158297221
173	17300	974	1000	3465.868374061855	0.0002884447553537717	0	974	0.7831499999999982	0.7967145790554415	45.07278634707133
174	17400	976	1000	3239.0160475907273	0.00030864044662482425	0	976	0.7837499999999985	0.7971311475409836	45.41627546548843
175	17500	976	1000	3304.7182067740046	0.0003025061234653402	0	976	0.7836499999999986	0.8227459016393442	45.7357427795728
176	17600	976	1000	3102.8393217337452	0.00032218162615499666	0	976	0.7833999999999987	0.8299180327868853	46.033794502417244
177	17700	977	1000	3349.1087486673896	0.00029849777276566954	0	977	0.7811999999999987	0.8167860798362334	46.37416399717331
178	17800	976	1000	3621.67466931558	0.0002760391399399181	0	976	0.7825499999999984	0.8032786885245902	46.71615579922994
179	17900	978	1000	3009.019946451188	0.0003322237120650976	0	978	0.7852499999999984	0.803680981595092	47.05985954999924
180	18000	976	1000	3262.603881000613	0.0003064097349012229	0	976	0.7848999999999988	0.8360655737704918	47.37265764872233
181	18100	977	1000	3332.7377360928585	0.00029996360816673007	0	977	0.7824500000000003	0.8157625383828045	47.718664932250974
182	18200	978	1000	3579.524564160759	0.00027928868580025804	0	978	0.7781000000000002	0.8118609406952966	48.09159101645152
183	18300	977	1000	3466.853622448871	0.00028836280560591733	0	977	0.7768500000000002	0.8219037871033776	48.42425040006638
184	18400	977	1000	3238.601146857279	0.00030867997468456723	0	977	0.7758500000000003	0.8259979529170931	48.75027541319529
185	18500	977	1000	3304.5340101210277	0.0003025229802319857	0	977	0.7755000000000004	0.8229273285568065	49.10400013128916
186	18600	977	1000	3117.6593091726622	0.0003206506068356939	0	977	0.7738000000000009	0.8004094165813715	49.49943660100301
187	18700	978	1000	3348.7899061302205	0.0002985261846332418	0	978	0.7734000000000009	0.8047034764826176	49.877150078614555
188	18800	979	1000	3640.2991514933306	0.00027462725757917766	0	979	0.7755500000000011	0.8079673135852911	50.24573798179627
189	18900	979	1000	3009.5724610997345	0.0003321627407814357	0	979	0.7781500000000011	0.8008171603677222	50.648555449644725
190	19000	980	1000	3262.9027497294032	0.0003063816776044893	0	980	0.7776500000000015	0.7938775510204081	51.208354433377586
191	19100	981	1000	3321.5785019552386	0.0003009710679255674	0	981	0.7759000000000017	0.7951070336391437	51.807152314980826
192	19200	981	1000	3601.163685921226	0.0002776109269849179	0	981	0.7734500000000016	0.8032619775739042	52.436496166388196
193	19300	979	1000	3462.9011917254657	0.00028869183751222195	0	979	0.7717000000000016	0.8018386108273748	53.22958584626516
194	19400	979	1000	3244.6392679566834	0.0003081057127551817	0	979	0.7713500000000019	0.804902962206333	53.83410321474075
195	19500	980	1000	3301.7808327985595	0.0003027751614849556	0	980	0.7708000000000019	0.8	54.51176783243815
196	19600	979	1000	3101.93394818121	0.0003222756322564171	0	979	0.7702500000000017	0.8253319713993871	55.091247483094534
197	19700	981	1000	3345.548008954307	0.0002988153755225729	0	981	0.7660000000000019	0.8216106014271152	55.55481688181559
198	19800	981	1000	3641.297445815547	0.0002745519867271823	0	981	0.7640500000000019	0.8154943934760448	55.991884346803026
199	19900	981	1000	3010.8766330063822	0.0003320189110806389	0	981	0.7657500000000016	0.8307849133537207	56.410574062665304
200	20000	981	1000	3261.112362174063	0.000306549833045463	0	981	0.7678500000000005	0.81855249745158	56.94013502995173
201	20100	982	1000	3333.4818912423357	0.0002998966653939235	0	982	0.7680000000000008	0.8289205702647657	57.486881697177886
202	20200	983	1000	3578.724314495464	0.0002793511209650072	0	983	0.7659500000000012	0.8301119023397762	58.05787558158239
203	20300	984	1000	3463.9063835629427	0.00028860808613585283	0	984	0.7644500000000013	0.8313008130081301	58.62212408383687
204	20400	986	1000	3238.629534148305	0.00030867726987274144	0	986	0.7619000000000007	0.8052738336713996	59.17669959863027
205	20500	981	1000	3299.248774335684	0.000303007460460702	0	981	0.7628000000000006	0.8042813455657493	59.65601854721705
206	20600	981	1000	3102.950590359743	0.00032217007677435406	0	981	0.7624000000000006	0.799184505606524	60.069182149569194
207	20700	982	1000	3344.5480666131134	0.00029890468768914034	0	982	0.760950000000001	0.7912423625254582	60.5143367489179
208	20800	981	1000	3638.187059521619	0.0002747866442818833	0	981	0.7571500000000011	0.7849133537206932	60.9612842798233
209	20900	981	1000	3005.9532286402264	0.00033256253887667213	0	981	0.7533000000000005	0.7726809378185525	61.44216793378194
210	21000	983	1000	3258.5975266332457	0.00030678634151280455	0	983	0.75495	0.7812817904374364	61.87674121459325
211	21100	980	1000	3336.215641724114	0.0002996509987240044	0	980	0.7545500000000002	0.7765306122448979	62.288106266657515
212	21200	979	1000	3577.616522633104	0.0002794375965335933	0	979	0.7520500000000009	0.7773237997957099	62.71563493013382
213	21300	983	1000	3480.7627519057387	0.00028721083866287307	0	983	0.7423000000000017	0.7314343845371313	63.331335083643594
214	21400	983	1000	3239.3373789016455	0.0003086098399849225	0	983	0.7406000000000024	0.7466937945066124	63.86603348255157
215	21500	983	1000	3301.1315620205914	0.00030283469365711605	0	983	0.7382500000000026	0.7324516785350966	64.45767084757487
216	21600	982	1000	3101.164743373147	0.0003223555428950712	0	982	0.7402000000000022	0.7219959266802444	64.87457006374994
217	21700	983	1000	3342.610118312338	0.00029907793211989155	0	983	0.7388000000000025	0.7263479145473042	65.28346720139186
218	21800	982	1000	3637.8484998639356	0.0002748122105213757	0	982	0.7376500000000026	0.7321792260692465	65.7237792134285
219	21900	983	1000	3004.5174264930984	0.0003327214113567198	0	983	0.7366000000000027	0.7416073245167853	66.1588987827301
220	22000	983	1000	3256.807218418143	0.00030695493408770786	0	983	0.7375500000000021	0.7314343845371313	66.6426897684733
221	22100	983	1000	3330.1807605674853	0.00030019385673614555	0	983	0.7382000000000023	0.7293997965412004	67.07938771645227
222	22200	984	1000	3570.2507375565165	0.00028001394286983317	0	984	0.7357000000000041	0.709349593495935	67.59479281504949
223	22300	985	1000	3454.4219249899315	0.000289400258986582	0	985	0.7325000000000038	0.7319796954314721	68.08117654720942
224	22400	984	1000	3246.743687526819	0.00030790607147989176	0	984	0.7291000000000042	0.7225609756097561	68.59536696275076
225	22500	982	1000	3269.709941714729	0.00030574401821634227	0	982	0.7265000000000033	0.7107942973523421	69.2565343340238
226	22600	980	1000	3050.8429143994736	0.0003276708625079332	0	980	0.7256500000000033	0.7336734693877551	69.69874686400095
227	22700	981	1000	3276.2864745973757	0.00030513048149776194	0	981	0.726300000000003	0.7298674821610601	70.13051498333613
228	22800	982	1000	3475.4319781070826	0.00028765124883717703	0	982	0.7265000000000025	0.7179226069246436	70.64457747936248
229	22900	982	1000	2863.6089027645894	0.0003490877931137181	0	982	0.726750000000002	0.7219959266802444	71.08771278063456
230	23000	984	1000	3130.765780669352	0.00031930868079996396	0	984	0.7258500000000013	0.7195121951219512	71.56897746324539
231	23100	986	1000	3029.549313274663	0.00032997318196398165	0	986	0.724300000000001	0.7028397565922921	72.13641260067622
232	23200	986	1000	3277.194739781916	0.00030504594125074026	0	986	0.723300000000001	0.7281947261663286	72.65522544781366
233	23300	987	1000	3108.721101200654	0.00032157224633871603	0	987	0.7217499999999992	0.7325227963525835	73.16009885072708
234	23400	989	1000	2757.1786525019374	0.0003625580957538419	0	989	0.7207499999999986	0.7411526794742164	73.68015143473943
235	23500	991	1000	2749.07904405199	0.0003636259118307347	0	991	0.7195999999999985	0.7719475277497477	74.22401328086853
236	23600	994	1000	2526.8998170561176	0.0003955852970330749	0	994	0.7180499999999972	0.7474849094567404	74.67011909882227
237	23700	996	1000	2591.180468706932	0.0003857756094037828	0	996	0.7156999999999969	0.7269076305220884	75.1435305317243
238	23800	997	1000	2727.379419126154	0.0003665179384472414	0	997	0.7143499999999966	0.7412236710130391	75.60065608024597
239	23900	998	1000	2249.1067070057993	0.00044442336751695334	0	998	0.7116999999999964	0.7294589178356713	76.0866446018219
240	24000	997	1000	2385.8142391747633	0.0004189685077233946	0	997	0.710299999999996	0.7422266800401204	76.5169259150823
241	24100	995	1000	2352.092203248215	0.00042497272253913266	0	995	0.7073999999999956	0.7407035175879397	76.97104306221009
242	24200	994	1000	2421.455173451802	0.00041280433626149674	0	994	0.7059499999999954	0.7303822937625755	77.41940044959387
243	24300	990	1000	2285.6418663707386	0.00043732252728633794	0	990	0.7052999999999948	0.7424242424242424	77.89208816687265
244	24400	986	1000	2087.9589737857223	0.00047870734301102473	0	986	0.7044499999999947	0.7363083164300203	78.34742946624756
245	24500	984	1000	2041.34440651525	0.0004896333825039088	0	984	0.7043999999999947	0.7459349593495935	78.77126996517181
246	24600	984	1000	1914.9085714054522	0.0005219455745043358	0	984	0.704499999999995	0.7510162601626016	79.2223618666331
247	24700	982	1000	2014.5535761876472	0.0004961416118203451	0	982	0.7045499999999949	0.774949083503055	79.63111426432927
248	24800	980	1000	2154.4434977390133	0.00046394164405096484	0	980	0.7040999999999951	0.7765306122448979	80.04588795105616
249	24900	981	1000	1798.474403015361	0.0005557178242292916	0	981	0.7031499999999948	0.7828746177370031	80.45679681301117
250	25000	980	1000	1847.3717123544996	0.0005410167193730618	0	980	0.7019999999999949	0.7887755102040817	80.85232106844585
251	25100	978	1000	1822.1778462742677	0.0005484928428916233	0	978	0.7016999999999948	0.8159509202453987	83.9959905664126
252	25200	980	1000	1860.9010735638349	0.0005370854629166286	0	980	0.6975999999999931	0.773469387755102	84.50457365115484
253	25300	980	1000	1660.8660074456482	0.0006017332297066707	0	980	0.6963499999999929	0.7765306122448979	84.93002473115921
254	25400	979	1000	1497.1934167218435	0.0006674705607691649	0	979	0.6956499999999926	0.7701736465781409	85.38466904958089
255	25500	979	1000	1478.320375873498	0.0006759860922009727	0	979	0.6950499999999927	0.7579162410623085	85.83058731555938
256	25600	981	1000	1356.8084812151992	0.0007364808909611678	0	981	0.6935999999999927	0.744138634046891	86.32195998430252
257	25700	981	1000	1314.4023075141158	0.0007602236930006821	0	981	0.6907499999999929	0.7227319062181448	86.81471793254217
258	25800	979	1000	1361.8503092646265	0.0007337562997212694	0	979	0.6904499999999928	0.7303370786516854	87.25388003190359
259	25900	979	1000	1116.983664085156	0.0008944674525439494	0	979	0.6892999999999924	0.72829417773238	87.73075772921244
260	26000	979	1000	1151.4784444826978	0.0008676951875215859	0	979	0.6888499999999926	0.7119509703779366	88.21159487962723
261	26100	979	1000	1085.136216072073	0.0009206948310925697	0	979	0.6889499999999928	0.6996935648621042	88.67322786649068
262	26200	972	1000	1131.5391865443137	0.0008829716550923708	0	972	0.687299999999993	0.7386831275720165	89.17600539922714
263	26300	970	1000	983.3568688457696	0.0010158917275322854	0	970	0.6879999999999934	0.7278350515463917	89.64903476635615
264	26400	970	1000	875.1167117701191	0.0011414004396509973	0	970	0.6884999999999933	0.7402061855670103	90.07232486406961
265	26500	970	1000	885.9113004397072	0.0011275084661839649	0	970	0.6886999999999935	0.7505154639175258	90.48204903205236
266	26600	970	1000	779.0079002120697	0.0012820382969558623	0	970	0.6898999999999934	0.7804123711340206	90.88612927993138
267	26700	970	1000	858.2004745759348	0.0011638727277164947	0	970	0.6904999999999937	0.790721649484536	91.30504928032558
268	26800	970	1000	848.7790185937246	0.0011767765243896843	0	970	0.6911499999999933	0.777319587628866	91.72181311448415
269	26900	970	1000	721.3249365339215	0.001384418492871786	0	970	0.6935499999999928	0.7618556701030927	92.19015186230341
270	27000	968	1000	748.4698460387609	0.0013342764959596283	0	968	0.6939499999999929	0.7830578512396694	92.57048521439235
271	27100	966	1000	11923.638716398604	8.385998299678575e-05	0	966	0.6955999999999927	0.7888198757763976	93.01649775107701
272	27200	965	1000	748.9528583218915	0.0013334171460291765	0	965	0.6972999999999928	0.7958549222797927	93.40391643444697
273	27300	965	1000	687.1859424209957	0.0014530956509836014	0	965	0.6974999999999927	0.8176165803108808	93.76086613337199
274	27400	962	1000	573.916750626344	0.0017393822651897834	0	962	0.6992999999999927	0.8045738045738046	94.15295095046362
275	27500	957	1000	615.569968867355	0.0016218759435153965	0	957	0.7042499999999923	0.7669801462904912	94.62903246482213
276	27600	956	1000	570.616156647733	0.0017494257087912668	0	956	0.7056499999999919	0.7688284518828452	95.01245831648508
277	27700	956	1000	532.8320847595156	0.0018732482152145032	0	956	0.7060999999999917	0.7824267782426778	95.4011656999588
278	27800	953	1000	479.0284293323627	0.002083209949441596	0	953	0.7065999999999915	0.7985309548793285	95.79543566703796
279	27900	952	1000	371.48406133410475	0.002684678631397965	0	952	0.7072499999999908	0.8235294117647058	96.16974948247274
280	28000	952	1000	436.2919088769741	0.0022868019730073164	0	952	0.7077499999999904	0.8182773109243697	96.51673686504364
281	28100	950	1000	431.4465438799858	0.002312424539291783	0	950	0.7094499999999904	0.8221052631578948	96.8754165649414
282	28200	950	1000	500.40805864607336	0.001994383581907816	0	950	0.7097999999999901	0.8326315789473684	97.21096043189367
283	28300	951	1000	381.40042260431596	0.002615059871507353	0	951	0.71159999999999	0.8065194532071503	97.64201936721801
284	28400	950	1000	338.26391194292887	0.0029475578297529638	0	950	0.7120999999999902	0.8147368421052632	98.00972799857458
285	28500	954	1000	282.9855604265858	0.0035213057963153515	0	954	0.7152499999999898	0.8186582809224319	98.42767716646195
286	28600	957	1000	223.5622899125219	0.004453107422397364	0	957	0.7157999999999898	0.8202716823406478	98.77119193077087
287	28700	959	1000	231.31870162159635	0.004304431769891744	0	959	0.7164499999999896	0.8185610010427529	99.10085201660792
288	28800	959	1000	296.59620929175054	0.0033602578553668435	0	959	0.7179999999999896	0.8112617309697602	99.49610071579615
289	28900	961	1000	181.09140601668693	0.005491747369496172	0	961	0.7183499999999894	0.8199791883454735	99.84035954872768
290	29000	962	1000	169.19346151581806	0.005875666380444694	0	962	0.7196499999999895	0.8191268191268192	100.20355351368586
291	29100	961	1000	165.69806548227638	0.0059988698555492334	0	961	0.7201499999999895	0.8231009365244537	100.52573671738307
292	29200	962	1000	164.67637370238614	0.006035863639774954	0	962	0.7203499999999896	0.8243243243243243	100.84883391459783
293	29300	962	1000	166.54468850858228	0.005968556860271796	0	962	0.72129999999999	0.8367983367983368	101.20406506856283
294	29400	964	1000	123.30166763708091	0.008044944360035972	0	964	0.7223999999999903	0.8319502074688797	101.5642447511355
295	29500	964	1000	577.666793418402	0.0017281102205513204	0	964	0.7234499999999908	0.8454356846473029	101.94626199801763
296	29600	964	1000	137.71463294826677	0.007209044775924593	0	964	0.7239499999999911	0.8475103734439834	102.26902724901835
297	29700	965	1000	405.1708458631002	0.0024620181635021873	0	965	0.725249999999992	0.8290155440414507	102.64238873322805
298	29800	965	1000	488.21150008591604	0.0020441056676394126	0	965	0.7266499999999925	0.8352331606217617	103.00736966530482
299	29900	964	1000	162.3452791763448	0.006122001229802405	0	964	0.7277499999999926	0.8360995850622407	103.3458338300387
300	30000	961	1000	126.26458300341686	0.007857645673291143	0	961	0.7285999999999924	0.8480749219562955	103.6677509824435
301	30100	959	1000	104.48333478131806	0.009480170512935926	0	959	0.729699999999993	0.8404588112617309	106.88162174622218
302	30200	958	1000	105.71190069333697	0.00937102603835862	0	958	0.7303999999999932	0.8361169102296451	107.2111361503601
303	30300	958	1000	242.00231819502812	0.004115187078986723	0	958	0.7322499999999934	0.8277661795407099	107.5938713312149
304	30400	958	1000	129.0357427308133	0.007690193319156086	0	958	0.7334499999999939	0.8392484342379958	107.93257986704508
305	30500	957	1000	85.38926648351466	0.011575512105902951	0	957	0.7352999999999938	0.845350052246604	108.27786902983983
306	30600	955	1000	234.87459380831262	0.0042395409520563565	0	955	0.7372499999999943	0.8408376963350785	108.61253243287405
307	30700	954	1000	279.2475489771495	0.003568273848066863	0	954	0.7395999999999949	0.8417190775681341	108.96086479822795
308	30800	952	1000	196.79213080541894	0.00505581286741769	0	952	0.7398999999999953	0.8539915966386554	109.26390981674194
309	30900	954	1000	83.80397029368993	0.011791900739279512	0	954	0.7439999999999956	0.8291404612159329	109.63870326677959
310	31000	952	1000	78.60436459579438	0.012562125268855315	0	952	0.7454999999999957	0.8287815126050421	109.95982056458791
311	31100	952	1000	183.598013491306	0.005417176388233977	0	952	0.7470999999999955	0.832983193277311	110.2588757356008
312	31200	948	1000	258.79995455948836	0.003849115376850547	0	948	0.7492499999999953	0.8291139240506329	110.60314091444016
313	31300	946	1000	110.27405630849803	0.008986820766446973	0	946	0.7501499999999953	0.8446088794926004	110.93471994797389
314	31400	946	1000	91.5143483061207	0.010809134132265629	0	946	0.7505999999999953	0.8520084566596194	111.23425473372141
315	31500	946	1000	3563.604684549937	0.000280536016892504	0	946	0.753699999999995	0.8488372093023255	111.5854851325353
316	31600	946	1000	5978.000776903638	0.00016725202710508307	0	946	0.754649999999995	0.8488372093023255	111.92804083426793
317	31700	946	1000	146.5848640783174	0.006775762584090872	0	946	0.7555499999999952	0.861522198731501	112.23463744719824
318	31800	945	1000	145.2347957297847	0.006838317754741615	0	945	0.7568499999999954	0.8539682539682539	112.54153263568878
319	31900	946	1000	182.28465656910117	0.0054559940734754545	0	946	0.7586499999999953	0.864693446088795	112.87116094827653
320	32000	944	1000	148.60947379854582	0.006684068693046361	0	944	0.759349999999995	0.8665254237288136	113.19360188245773
321	32100	944	1000	106.86620660139508	0.00927074411446918	0	944	0.7610999999999944	0.8569915254237288	113.53912283182144
322	32200	943	1000	197.33015015497378	0.005042097730569997	0	943	0.7628999999999945	0.8525980911983033	113.94153246482213
323	32300	944	1000	136.18944118205485	0.007289190708729307	0	944	0.7646499999999943	0.8421610169491526	114.29993916749955
324	32400	943	1000	77.99123674587395	0.012659632146501799	0	943	0.7666499999999938	0.8324496288441146	114.6555282831192
325	32500	942	1000	70.81944610375642	0.013923805518568269	0	942	0.7686999999999936	0.8386411889596603	114.98922061522802
326	32600	943	1000	63.46065096748272	0.015513340076327365	0	943	0.7704999999999936	0.8282078472958643	115.33815739949544
327	32700	943	1000	30304.261759602534	3.299757012272431e-05	0	943	0.7719499999999938	0.8133616118769883	115.80828446149826
328	32800	946	1000	515.0281940722314	0.0019378786110667906	0	946	0.7742499999999939	0.7959830866807611	116.1908492008845
329	32900	946	1000	199.04417549131918	0.004998895856597407	0	946	0.7750999999999939	0.8054968287526427	116.5538827975591
330	33000	946	1000	58.28944827159795	0.016866407584349888	0	946	0.7757999999999936	0.8086680761099366	116.87689648071925
331	33100	944	1000	55.313029295278454	0.017757879704117508	0	944	0.7758999999999938	0.8220338983050848	117.1690658489863
332	33200	942	1000	51.07268170770859	0.019203927418471416	0	942	0.7782499999999938	0.8248407643312102	117.50319061279296
333	33300	939	1000	297.6862068852329	0.0033479952436646656	0	939	0.7793499999999941	0.8359957401490948	117.82711586554845
334	33400	940	1000	147.3383812996769	0.006741343617467249	0	940	0.7820999999999942	0.8319148936170213	118.1743287007014
335	33500	940	1000	59.041673321057175	0.01665509877868928	0	940	0.7828499999999937	0.8351063829787234	118.49351592858632
336	33600	940	1000	184.76630603394528	0.005383107525523325	0	940	0.7828499999999937	0.8531914893617021	118.79479041496913
337	33700	939	1000	46.82091070741311	0.020911354158819517	0	939	0.7833499999999937	0.8626198083067093	119.13006123304368
338	33800	938	1000	45.39303675448905	0.021554958889455293	0	938	0.7843999999999939	0.8859275053304904	119.4519335826238
339	33900	938	1000	158.16579159536485	0.006282757054620281	0	938	0.784849999999994	0.8848614072494669	119.80060839653015
340	34000	939	1000	37.851072684781805	0.025739315053499304	0	939	0.7854499999999939	0.8881789137380192	120.18487346569697
341	34100	939	1000	92.63350090671645	0.010679938166535742	0	939	0.7868499999999942	0.8817891373801917	120.51535991430282
342	34200	940	1000	55.93316256799342	0.017564455492977974	0	940	0.7877999999999941	0.8936170212765957	120.91634474595388
343	34300	940	1000	56.74167878657298	0.0173185127452951	0	940	0.7887999999999944	0.8872340425531915	121.29443746407827
344	34400	938	1000	117.02867001279814	0.008472517735661746	0	938	0.7913999999999951	0.8859275053304904	121.70238343477249
345	34500	938	1000	38.520713371063785	0.025303186979721334	0	938	0.7909999999999947	0.894456289978678	121.98773845036824
346	34600	939	1000	105.59908518927935	0.009380943543974896	0	939	0.7912499999999947	0.88604898828541	122.30135248104732
347	34700	941	1000	70.36778223860752	0.01401192482984338	0	941	0.7936999999999951	0.8703506907545164	122.72885459661484
348	34800	940	1000	100.1900770133544	0.009882391925327092	0	940	0.7950999999999955	0.8627659574468085	123.1000332156817
349	34900	942	1000	15.882342491059282	0.059233486142671835	0	942	0.7951499999999958	0.8545647558386412	123.55461683273316
350	35000	942	1000	48.02908215072685	0.02039605793405976	0	942	0.7968999999999965	0.8354564755838642	123.95577903588612
351	35100	942	1000	34.399914814386996	0.02824865554743049	0	942	0.7969999999999964	0.8418259023354565	124.30159939924876
352	35200	942	1000	20.03502798745219	0.04753975134221451	0	942	0.7972499999999964	0.8481953290870489	124.66555108229319
353	35300	943	1000	121.32670908661461	0.008174829581101052	0	943	0.7973999999999964	0.855779427359491	124.98502671321233
354	35400	943	1000	95.34708030426532	0.010379141711840017	0	943	0.7984499999999969	0.848356309650053	125.28860309918721
355	35500	944	1000	26.617480977691983	0.036208950440040126	0	944	0.7997499999999967	0.8379237288135594	125.60887371699015
356	35600	943	1000	23.85986804967148	0.04022547497041984	0	943	0.800099999999997	0.8377518557794273	125.93533731301626
357	35700	941	1000	13.54127856965588	0.06876974367898826	0	941	0.7999499999999972	0.8544102019128587	126.24174431562423
358	35800	944	1000	19.034098732710067	0.04991489826129689	0	944	0.8002499999999972	0.8591101694915254	126.50509696404139
359	35900	944	1000	147.17628712760342	0.006748718161218606	0	944	0.8005999999999972	0.8633474576271186	126.7692887822787
360	36000	944	1000	15.502343687876953	0.06059745324142206	0	944	0.8004499999999971	0.8824152542372882	127.0096050143242
361	36100	944	1000	11.660409240720611	0.07898638827437157	0	944	0.8005499999999972	0.8877118644067796	127.2326317469279
362	36200	948	1000	15.846215090906576	0.05936051478648105	0	948	0.8014999999999971	0.8554852320675106	127.53361868460973
363	36300	946	1000	20.975514031296502	0.04550519266925209	0	946	0.8014999999999973	0.8551797040169133	127.81495881477991
364	36400	945	1000	10.750684390372673	0.08510142616197737	0	945	0.8018499999999973	0.8634920634920635	128.10075506369273
365	36500	945	1000	14.699278181843436	0.06369719603774664	0	945	0.8017999999999973	0.8698412698412699	128.38328588406245
366	36600	944	1000	51.304378591559484	0.019118858247201755	0	944	0.8025499999999979	0.8569915254237288	128.7020322640737
367	36700	943	1000	84.81952845430551	0.011652359527149448	0	943	0.802899999999998	0.8568398727465536	128.97748639980952
368	36800	943	1000	165.54786253923334	0.00600427999947722	0	943	0.8026499999999979	0.8632025450689289	129.24586721658707
369	36900	940	1000	16.92296257944128	0.055794347366827646	0	940	0.8032499999999979	0.8563829787234043	129.54409043391544
370	37000	941	1000	16.157994799914334	0.05828186869511073	0	941	0.8031499999999977	0.8554729011689692	129.82693636814753
371	37100	943	1000	9.148919304484322	0.09853265850267899	0	943	0.8034499999999979	0.8504772004241782	130.11506549914677
372	37200	943	1000	11.474589300883704	0.08016295974803432	0	943	0.8038499999999976	0.8621420996818664	130.41289476553598
373	37300	941	1000	14.077573871735913	0.06632366775364158	0	941	0.8040499999999974	0.8650371944739639	130.7180186510086
374	37400	945	1000	125.75344070191656	0.007889332190608373	0	945	0.8042999999999976	0.8539682539682539	131.05399839878083
375	37500	945	1000	222.91370114762177	0.004466006300082192	0	945	0.8043499999999975	0.8624338624338624	131.37635020017623
376	37600	946	1000	11.46222518859543	0.08024249159894263	0	946	0.8045499999999977	0.8826638477801269	131.68245651721955
377	37700	949	1000	10.70393183662157	0.0854413725198743	0	949	0.8044999999999971	0.8703898840885143	132.03633979956308
378	37800	949	1000	15.00605118965794	0.06247637147669092	0	949	0.8044999999999972	0.8703898840885143	132.32858549753826
379	37900	948	1000	83.31998907508603	0.011859584079280549	0	948	0.8047499999999972	0.8660337552742616	132.64194936354954
380	38000	947	1000	78.37024700861203	0.012599179638328397	0	947	0.8050499999999973	0.8722280887011615	132.93949635028838
381	38100	948	1000	99.4809406859219	0.009952136128240958	0	948	0.8051999999999975	0.8713080168776371	133.25209109783174
382	38200	948	1000	27.80333949057631	0.034718196489930395	0	948	0.8054499999999973	0.8744725738396625	133.5511977314949
383	38300	946	1000	57.480997434895265	0.017099571550797558	0	946	0.8056999999999978	0.8752642706131079	133.852121814092
384	38400	948	1000	152.73399856081735	0.006504742017780789	0	948	0.8059499999999973	0.879746835443038	134.1423277815183
385	38500	948	1000	34.243379032999805	0.028374123805315586	0	948	0.8057999999999973	0.8755274261603375	134.42404230038326
386	38600	947	1000	50.953070751732426	0.019248140399220848	0	947	0.8059999999999973	0.8785638859556494	134.70169852972032
387	38700	947	1000	23.77474875393923	0.040363678757428294	0	947	0.806099999999997	0.8817317845828934	135.01776731411616
388	38800	948	1000	22.036101243510863	0.043410123502634554	0	948	0.8063999999999969	0.880801687763713	135.3009318669637
389	38900	949	1000	14.790672838063264	0.06332852375926057	0	949	0.8059499999999967	0.8893572181243414	135.5692498644193
390	39000	949	1000	20.913353180201117	0.04563427567550491	0	949	0.8061499999999967	0.8872497365648051	135.83653756777446
391	39100	945	1000	11.981114551568133	0.07703498771445622	0	945	0.806549999999997	0.8888888888888888	136.14970279534657
392	39200	945	1000	170.40762070412853	0.0058340463270657485	0	945	0.806599999999997	0.9005291005291005	136.41027456521988
393	39300	946	1000	113.73526971957587	0.00871571577287522	0	946	0.8066499999999971	0.9069767441860465	136.66977093219757
394	39400	943	1000	5.964198410873113	0.14359154363533252	0	943	0.8065999999999971	0.9172852598091198	136.9077296813329
395	39500	946	1000	97.56666767224942	0.010145417549522587	0	946	0.8068499999999971	0.9101479915433404	137.1821093002955
396	39600	946	1000	129.23690532352524	0.007678315125162651	0	946	0.806999999999997	0.912262156448203	137.43178501526515
397	39700	946	1000	15.619631964907695	0.060169804127522014	0	946	0.8068499999999971	0.9164904862579282	137.71935716867446
398	39800	945	1000	7.51354732752846	0.11745985093270242	0	945	0.8069499999999971	0.9195767195767196	137.9929121851921
399	39900	947	1000	8404.816030223154	0.00011896524934693967	0	947	0.8070999999999968	0.9081309398099261	138.2780021349589
400	40000	947	1000	8.600243243833651	0.10416402736902648	0	947	0.8069999999999967	0.9049630411826821	138.53552036682765
401	40100	947	1000	8.217692096470923	0.10848702576894048	0	947	0.8070499999999966	0.914466737064414	138.79060655037563
402	40200	945	1000	10.525969853704995	0.08676059478661159	0	945	0.8073499999999967	0.9058201058201059	139.0444458802541
403	40300	947	1000	13.186692489040075	0.07048859350215349	0	947	0.8074499999999968	0.8880675818373812	139.34987276395162
404	40400	947	1000	166.16093567483853	0.005982258928875585	0	947	0.8076499999999966	0.8606124604012672	139.70775465170541
405	40500	947	1000	15.487523018195754	0.06065192442166071	0	947	0.8077499999999969	0.8753959873284055	139.99029859701793
406	40600	947	1000	9975.444622465333	0.0001002361099412272	0	947	0.8079999999999968	0.853220696937698	140.3644761800766
407	40700	947	1000	144.94679238207408	0.006851812113705796	0	947	0.8079999999999969	0.8585005279831045	140.67207235097885
408	40800	948	1000	198.5439663922669	0.00501142689543508	0	948	0.8079999999999968	0.8533755274261603	140.99967741568884
409	40900	949	1000	32.29775590487332	0.030032053897471336	0	949	0.808699999999997	0.8535300316122234	141.34043493270875
410	41000	950	1000	27.825684154312803	0.03469128415640339	0	950	0.8084499999999968	0.86	141.6301137685776
411	41100	951	1000	56.62328988530785	0.01735409418640238	0	951	0.8082999999999969	0.8601472134595163	141.90052098035812
412	41200	950	1000	93.7877586370404	0.0105498854955436	0	950	0.8086499999999969	0.8536842105263158	142.2261901140213
413	41300	950	1000	13.738785221875471	0.06784819677783137	0	950	0.8083999999999967	0.8726315789473684	142.5301569978396
414	41400	949	1000	6.2872239439718145	0.13722646753942927	0	949	0.8083499999999967	0.8893572181243414	142.8307409842809
415	41500	949	1000	17.223323518102017	0.0548747323179911	0	949	0.8084499999999969	0.863013698630137	143.17838658094405
416	41600	950	1000	150.11984925780618	0.006617264409085191	0	950	0.8085999999999969	0.8726315789473684	143.491564031442
417	41700	950	1000	212.07318683060333	0.004693223088623612	0	950	0.8087499999999967	0.86	143.87451408306757
418	41800	951	1000	18.044475388259592	0.052508666141387814	0	951	0.809249999999997	0.8601472134595163	144.19014404614765
419	41900	951	1000	14.084639932378384	0.06629259992169603	0	951	0.809299999999997	0.8780231335436383	144.47186506589253
420	42000	952	1000	9.626988003786025	0.09410004035421278	0	952	0.8090999999999968	0.8771008403361344	144.73458846410117
421	42100	953	1000	11.247042624605617	0.0816523654446089	0	953	0.8091999999999967	0.8803777544596013	144.97852354844412
422	42200	954	1000	11.243800963377838	0.08167398367476553	0	954	0.8097999999999969	0.8689727463312369	145.27586173216503
423	42300	951	1000	11.8830120776119	0.07762159920177364	0	951	0.8098499999999971	0.8664563617245006	145.56850323279699
424	42400	951	1000	8.350345989082284	0.10694791413789682	0	951	0.8098499999999971	0.8643533123028391	145.86084326505662
425	42500	950	1000	12.576421956951352	0.07365710959565333	0	950	0.8099499999999971	0.8863157894736842	146.1229815642039
426	42600	948	1000	6.778035689129798	0.12856716528024564	0	948	0.8101499999999974	0.8860759493670886	146.40031258265176
427	42700	949	1000	186.3492004421725	0.005337626195574085	0	949	0.8100999999999972	0.8883034773445733	146.67746566534043
428	42800	952	1000	20.767116792737575	0.0459408570056298	0	952	0.8101499999999973	0.8876050420168067	146.96736583312352
429	42900	952	1000	14.294282393089544	0.06538391107855003	0	952	0.810099999999997	0.8865546218487395	147.2312688310941
430	43000	952	1000	10.359441754223916	0.08803249505004576	0	952	0.810449999999997	0.8707983193277311	147.55138713121414
431	43100	952	1000	13.689860388971487	0.06807416636517231	0	952	0.810499999999997	0.8571428571428571	147.85740916331608
432	43200	950	1000	10283.99135381627	9.722905597085871e-05	0	950	0.8108999999999975	0.8631578947368421	148.18834779659906
433	43300	953	1000	9.308555962543817	0.09700679742473188	0	953	0.8111499999999977	0.8583420776495279	148.50608364741007
434	43400	951	1000	21.273664070076443	0.04489607084195232	0	951	0.8111999999999977	0.8706624605678234	148.76863340139388
435	43500	952	1000	24.79699869781707	0.0387641993440353	0	952	0.8111999999999977	0.8592436974789915	149.0762776851654
436	43600	952	1000	7960.955324842193	0.00012559728850523538	0	952	0.8110999999999976	0.8613445378151261	149.35825630029044
437	43700	954	1000	12189.291767599174	8.203249102354716e-05	0	954	0.8112999999999975	0.8511530398322851	149.7097697854042
438	43800	954	1000	19.885660298705762	0.047879740726318704	0	954	0.8111999999999975	0.8532494758909853	150.01278103192647
439	43900	954	1000	12.86686254128452	0.07211436595861487	0	954	0.8111999999999974	0.8532494758909853	150.2954854130745
440	44000	956	1000	10.11947159872201	0.08993233096750143	0	956	0.8113999999999971	0.8577405857740585	150.5937943458557
441	44100	956	1000	9.766257813499209	0.09288278409478137	0	956	0.8113999999999972	0.8723849372384938	150.85166751543682
442	44200	956	1000	84.4437121919778	0.01170361135238561	0	956	0.8115999999999974	0.8786610878661087	151.12884778181711
443	44300	956	1000	9.867935088705197	0.09201379947873242	0	956	0.8115499999999973	0.8870292887029289	151.41200396617253
444	44400	953	1000	9.083672606327863	0.0991702169477879	0	953	0.8116499999999972	0.887722980062959	151.66374801397325
445	44500	954	1000	13.443170483555933	0.06923687573573516	0	954	0.8117499999999972	0.8962264150943396	151.92784926493962
446	44600	956	1000	109.89634402561508	0.009017429824097879	0	956	0.8116999999999972	0.8891213389121339	152.22249091466267
447	44700	956	1000	159.28584559450903	0.006238854069059841	0	956	0.8119499999999972	0.897489539748954	152.48600603342055
448	44800	954	1000	22.047131404371047	0.04338934778713255	0	954	0.8118499999999973	0.9129979035639413	152.73381751378378
449	44900	953	1000	10.781178035093424	0.08488115509512119	0	953	0.8117499999999971	0.9087093389296957	152.9988919655482
450	45000	954	1000	10.781708963202318	0.08487733003109219	0	954	0.8121499999999973	0.9067085953878407	153.27246766487758
451	45100	956	1000	12.880152606191269	0.0720453173947056	0	956	0.8119499999999973	0.897489539748954	153.53189208507538
452	45200	956	1000	16.2317717473957	0.058032337861667276	0	956	0.8119499999999973	0.897489539748954	153.781667415301
453	45300	954	1000	9.915031538472075	0.09161677604643766	0	954	0.8119499999999973	0.89937106918239	154.05405991872152
454	45400	954	1000	6.019712615939329	0.1424559742986269	0	954	0.8118999999999973	0.8941299790356394	154.30362164974213
455	45500	954	1000	248.50955782520063	0.004007862499201621	0	954	0.8121999999999974	0.8742138364779874	154.60711391766867
456	45600	956	1000	16.291177668972384	0.05783296078175282	0	956	0.8121999999999974	0.8817991631799164	154.88968034982682
457	45700	954	1000	12.213071690288743	0.07568262879667666	0	954	0.8123499999999975	0.8805031446540881	155.157643699646
458	45800	957	1000	107.46874845427745	0.009219245305679243	0	957	0.8123499999999971	0.8725182863113897	155.44706904888153
459	45900	957	1000	299.70627953107197	0.0033255042148086235	0	957	0.8128499999999974	0.864158829676071	155.75168000062305
460	46000	956	1000	117.54326398359625	0.008435738703283704	0	956	0.8127999999999974	0.8734309623430963	156.05060789982477
461	46100	958	1000	216.2741267394175	0.004602480815395594	0	958	0.8128499999999974	0.8747390396659708	156.33138851324716
462	46200	959	1000	19.001911532344234	0.049995221625840254	0	959	0.8129999999999974	0.8633993743482794	156.62616213560105
463	46300	959	1000	16.76976158152597	0.05627537518790533	0	959	0.8128999999999973	0.8633993743482794	156.92278051376343
464	46400	960	1000	165.1127021253992	0.006020009229908834	0	960	0.8131999999999975	0.8572916666666667	157.21189931631088
465	46500	960	1000	17.33568467359327	0.054538459719487994	0	960	0.8131999999999975	0.8739583333333333	157.4654648343722
466	46600	960	1000	18.51474235082187	0.051243310417464195	0	960	0.8134999999999973	0.8833333333333333	157.72664031585057
467	46700	958	1000	95.41812268253229	0.01037149419816661	0	958	0.8132999999999974	0.8810020876826722	158.01360258261363
468	46800	959	1000	195.98004718532752	0.005076656312601834	0	959	0.8132999999999972	0.8769551616266945	158.30618246396384
469	46900	959	1000	108.52607392914898	0.009130246014724196	0	959	0.8131999999999974	0.8873826903023984	158.56837869882582
470	47000	960	1000	123.01827533994464	0.008063327741487413	0	960	0.8136999999999973	0.8708333333333333	158.88441526492437
471	47100	957	1000	26.177736841338053	0.03679482238855789	0	957	0.8139499999999975	0.8735632183908046	159.15344843069713
472	47200	961	1000	17.500477181131828	0.054052659842735024	0	961	0.8139499999999976	0.8678459937565036	159.46770003239314
473	47300	961	1000	20.48208358946027	0.04655041936856762	0	961	0.8139499999999973	0.8688865764828304	159.7751628637314
474	47400	961	1000	63.48829629843199	0.01550668970028775	0	961	0.8138999999999972	0.8699271592091571	160.05334023237228
475	47500	964	1000	195.03426496900835	0.005101149026972876	0	964	0.8135999999999975	0.8433609958506224	160.39477806488674
476	47600	964	1000	123.5713611486266	0.008027527280583343	0	964	0.8137499999999975	0.8340248962655602	160.70994569857916
477	47700	964	1000	17.67210436732757	0.053555827470084146	0	964	0.8135999999999975	0.8278008298755186	161.0397559483846
478	47800	965	1000	13.124827674840079	0.07079732390514434	0	965	0.8135999999999974	0.8383419689119171	161.347098950545
479	47900	963	1000	132.04327592521614	0.00751635130032503	0	963	0.8136999999999973	0.8390446521287642	161.64541403452554
480	48000	963	1000	110.8999577777297	0.008936553863463743	0	963	0.8134499999999972	0.8483904465212876	161.96099603176117
481	48100	963	1000	149.94366941009898	0.006624988009819075	0	963	0.8134499999999971	0.8556593977154725	162.22718934615452
482	48200	964	1000	12.036689925471782	0.07670658777011691	0	964	0.8134999999999973	0.8641078838174274	162.52203619877497
483	48300	965	1000	9.625330537836414	0.09411471920229084	0	965	0.8133499999999974	0.8683937823834197	162.8189429004987
484	48400	966	1000	12.709117736647139	0.07294415433655554	0	966	0.8135499999999973	0.8685300207039337	163.1146712342898
485	48500	967	1000	8.148017950837904	0.10931329664787179	0	967	0.8137999999999976	0.8841778697001034	163.38934013048808
486	48600	965	1000	5.758447130247495	0.1479629833197171	0	965	0.8135999999999974	0.8818652849740932	163.68361176252364
487	48700	966	1000	11.870330820959701	0.07769808048534942	0	966	0.8138999999999974	0.8881987577639752	163.97200572888056
488	48800	968	1000	24.234116365881587	0.03962888913962824	0	968	0.8141499999999976	0.8884297520661157	164.26312878131867
489	48900	968	1000	205.74036219283946	0.004836984850917686	0	968	0.8142999999999977	0.8863636363636364	164.55009214878083
490	49000	968	1000	206.88178686720852	0.004810426228627636	0	968	0.8140499999999977	0.8966942148760331	164.82352608044943
491	49100	969	1000	19.16958412202907	0.049579604316571275	0	969	0.814699999999998	0.8844169246646026	165.1059470017751
492	49200	969	1000	115.75481945998354	0.008564956929617276	0	969	0.8146999999999981	0.8833849329205367	165.4038346171379
493	49300	969	1000	87.97182961309159	0.0112395126002091	0	969	0.8147499999999983	0.890608875128999	165.68532781600953
494	49400	971	1000	170.16675531770315	0.005842255980981218	0	971	0.8148499999999983	0.8805355303810505	166.00031108458836
495	49500	969	1000	150.43116759450527	0.006603660368503197	0	969	0.8145999999999981	0.8823529411764706	166.29919049739837
496	49600	967	1000	2.8927601619844228	0.25688713365023425	0	967	0.814449999999998	0.8800413650465356	166.60366668303809
497	49700	965	1000	9425.426150682704	0.00010608474346638524	0	965	0.8149999999999982	0.8725388601036269	166.95072621504465
498	49800	965	1000	14.2995215142293	0.06536152121293148	0	965	0.8148999999999982	0.8829015544041451	167.22417184909185
499	49900	963	1000	13.815065536909513	0.06749885766678858	0	963	0.8148999999999982	0.881619937694704	167.50432726542155
500	50000	965	1000	29.075877253350086	0.03324923797155783	0	965	0.8151499999999983	0.877720207253886	167.80008221467335
