InstanceID	Endpoint Predictions	Best Endpoint Predictions	True Endpoint
0	5520.209209373563	5713.3534911461	5713.353466995755
1	5837.39825883214	6045.855235820255	6045.855107407821
2	2664.117702675633	2754.7340622451634	2754.7340971805834
3	4516.592691254975	4674.921111079102	4674.921021043633
4	-5268.741091197858	-5485.268902859704	-5485.268877865858
5	-4909.735960664883	-5106.767599162938	-5106.767459751863
6	5219.044890282957	5413.545342196104	5413.545474591244
7	3047.762115870091	3165.7085691002817	3165.7088666190184
8	3122.374082602891	3246.2395895428112	3246.239897324631
9	-2822.142662861262	-2913.8231269878943	-2913.8228896562587
10	5115.263534829104	5274.189854689943	5274.1897510461
11	-3191.8913478042887	-3307.394082013248	-3307.394044591954
12	-257.6451721877216	-283.9502941435376	-283.94994086133937
13	56.77604107067578	51.62023986663169	51.61624351467742
14	5055.309591744858	5270.957064782434	5270.956982695065
15	3933.882843741729	4060.2162278220535	4060.2160576032798
16	-944.4799981537459	-981.8335379326123	-981.8326284145143
17	-713.5295033952112	-736.3542474655068	-736.3529918008962
18	1198.2035411127551	1258.8856664547093	1258.885284168775
19	-4167.076161473463	-4292.407887829034	-4292.407936879033
20	4909.39959340045	5052.1018543251	5052.101717581068
21	963.7751609071602	1019.7136542506449	1019.7126738256093
22	-3144.1573536321825	-3241.40149069853	-3241.40152954111
23	351.27884250883284	375.79509207805137	375.7939403093548
24	-4661.438374296488	-4801.889635575237	-4801.88980769355
25	-3543.425389669473	-3665.8044177559677	-3665.804632119602
26	1248.9148303390546	1279.9136276721392	1279.9129849128333
27	2372.490834890616	2471.847485647221	2471.847746503768
28	1651.1832789116393	1694.849172911308	1694.848948358314
29	6443.130390843708	6671.06481601333	6671.064734194811
30	6137.438660274486	6338.102044940972	6338.102097179752
31	-2699.7458331915996	-2798.9353894839346	-2798.9352476483973
32	-5705.367021340496	-5905.505681215639	-5905.50551204155
33	-102.59174658899562	-122.16129771405183	-122.16038394094318
34	2545.447482549056	2623.437019124761	2623.437045193465
35	-2464.094956199104	-2552.7999613767192	-2552.800350911582
36	133.77768577118118	127.8184122205813	127.82456868574009
37	-169.38939662785003	-180.54716290258452	-180.54486444393237
38	-3006.4643476472656	-3114.788318930462	-3114.7880346593183
39	2343.843518608341	2403.844460705103	2403.844530005535
40	-3938.500259301909	-4054.6972315791063	-4054.697466124395
41	-701.6726238687402	-713.0555571550332	-713.0567331197221
42	1460.879370969644	1531.8817514457473	1531.8814852242633
43	-66.67963727326969	-77.33730962060623	-77.33003215409595
44	5440.632543460802	5649.025273967304	5649.025345990467
45	-1593.6626618872715	-1649.7889220963607	-1649.7891219945304
46	-784.5835444815135	-794.9360427539269	-794.937260717027
47	-2104.713111394914	-2176.8133634392116	-2176.8136385902903
48	-2316.2568638162184	-2385.06974872963	-2385.0699842432823
49	-565.9144890807843	-581.3918123756824	-581.3928279836347
50	-1359.7791226691486	-1387.3978931206389	-1387.3983264307237
51	-1096.2767233369473	-1139.1904748982854	-1139.1913271631877
52	-3671.652714333347	-3817.56234902215	-3817.5625546070355
53	5989.038079069683	6194.845027716102	6194.845128266641
54	5037.62956378777	5193.189591936061	5193.189776891216
55	2100.7388876164923	2185.353756111312	2185.353812568783
56	-8687.549492546745	-8971.301548151338	-8971.30157156202
57	-3987.5557239648924	-4124.139243691776	-4124.139450740013
58	-2215.8115781772212	-2279.5548674330926	-2279.5550978365477
59	2529.0038447700013	2629.013335232342	2629.0136764431363
60	8441.476840716108	8741.412622754066	8741.412693763628
61	-7804.164528851053	-8055.246600418954	-8055.246703706712
62	-3478.6426252877613	-3606.7391771520174	-3606.7391310118846
63	875.2535260539847	884.5187129295077	884.517623901675
64	96.142004065708	117.34675341036808	117.35211478793488
65	-1352.347357710142	-1422.41751226555	-1422.4179054427575
66	-4547.08394737518	-4686.017348903323	-4686.017426767783
67	-2211.866936207695	-2287.1133987259796	-2287.1129758256675
68	981.3002371440272	1012.1494858241485	1012.1498911881603
69	-1841.593221109124	-1930.607956277591	-1930.6074387052643
70	-4332.615797534438	-4497.378791295042	-4497.378647787744
71	26.552306131073443	42.38412081779318	42.39361261583597
72	1049.9590058321874	1092.3041633911935	1092.3043616277387
73	-126.9350628007461	-148.43405344787294	-148.4361341819316
74	-373.8836648907147	-411.9500483492883	-411.9476364072646
75	4481.950790474059	4617.367603911294	4617.367676713125
76	3296.7298139400314	3434.8393751922704	3434.8393866852457
77	-1769.4070558760232	-1847.1940753550389	-1847.193623114205
78	-1134.7619875885234	-1200.7069422332465	-1200.7076022488552
79	-1641.937418464527	-1708.610783496811	-1708.6110931940134
80	7401.978010197778	7663.225037164097	7663.2249191546325
81	3088.6570681922826	3177.430264664584	3177.4299542268373
82	7807.653852626481	8095.117140155162	8095.117235085931
83	-4332.739077912648	-4482.698807800287	-4482.698973760733
84	-1506.222119155173	-1549.373370489301	-1549.3736518270607
85	-1172.2898545888772	-1204.8717257999606	-1204.8709878123373
86	544.4249228283485	581.5309897077925	581.5302742018021
87	2965.8990670375056	3077.492473226483	3077.492194119246
88	-906.6888244044958	-951.4927319127489	-951.4933136620691
89	1017.3002085673273	1036.3207305032126	1036.3203286197415
90	-520.205451814279	-522.856056735443	-522.8578801760111
91	547.5722649510475	563.232778166936	563.2310698292767
92	-4070.298203927503	-4196.30410659284	-4196.30389579357
93	39.92116804247141	31.06674052444683	31.08306963993211
94	3874.4525549009645	3990.339411919467	3990.339210980073
95	600.2378073942006	616.0266824906968	616.0281737549741
96	-4203.653294879726	-4351.724126699091	-4351.723903913066
97	223.05976684818347	234.1662117290349	234.1619922792763
98	4981.682110216929	5154.08446426048	5154.084652847127
99	-3308.1875354640697	-3427.854809099527	-3427.855045434289
100	7582.576382886787	7824.164151942394	7824.1641779307
101	707.2152836055143	727.2850852886892	727.2862758144518
102	1487.1239920041824	1530.1821151593188	1530.182746924674
103	-2573.3223839687867	-2679.079474932518	-2679.0795795289096
104	5182.094126045938	5345.780212170749	5345.780035289074
105	-3747.158218432792	-3898.981703369008	-3898.981849944739
106	1915.8906136555843	1992.1408565923757	1992.1412382189426
107	-467.6659940456956	-505.3690085189377	-505.3685522569548
108	-482.49177990460606	-481.8123789551561	-481.81039689772655
109	-3245.031354939727	-3335.402548523841	-3335.402734366281
110	97.18343076063331	93.76445712240574	93.75488928875275
111	-97.65134728318475	-99.70214113645673	-99.70765092828367
112	7966.267520703065	8230.526944781683	8230.526828874434
113	4428.593393282858	4553.094713363177	4553.094700896135
114	7465.132884701266	7703.711744921436	7703.711824218801
115	1925.3738958978229	1974.3907257130834	1974.3912139207976
116	1624.6129986595283	1666.3103720690372	1666.309866896996
117	572.4311226147031	655.6194549061429	655.6200489110438
118	-5603.0477118692825	-5804.766367453424	-5804.766458877547
119	1195.4169520173693	1231.3927026221781	1231.3925721067808
120	-3698.911662789975	-3844.3136065612202	-3844.3138275244673
121	-46.31471972440398	-41.185888997147146	-41.16304489900693
122	4715.693474284383	4902.7325892175495	4902.732572532022
123	1576.6235400248404	1624.3733381583402	1624.3737917395513
124	-2796.8033047635963	-2893.6027403046683	-2893.603077939947
125	2715.255898589058	2795.780418626506	2795.780290699176
126	-10.223755281157663	-4.493972028790388	-4.422515261900815
127	2395.3466352889636	2502.288598962055	2502.2882245297765
128	2729.944972624569	2803.8739561440443	2803.8742921546623
129	6194.544807146127	6424.921591417833	6424.921618811459
130	1408.9320989632051	1463.4761692552916	1463.4767477362486
131	1499.8171920122045	1561.9473596176674	1561.9470283634369
132	7894.170206017681	8181.7943643267645	8181.794445387886
133	13.59218046256728	14.607813219043313	14.540254048573518
134	133.1555104248944	132.02943935124966	132.03394816693537
135	-5615.87429833156	-5830.419470083221	-5830.419641271526
136	-919.0903718727183	-965.407601424093	-965.4072631205099
137	2057.5007254159805	2114.6742453763245	2114.6747081929525
138	4387.298235724113	4529.486430069	4529.4862092454005
139	1018.1088362546946	1067.5832021860724	1067.5841302751408
140	-5023.278701129029	-5230.7366610059435	-5230.7368427368665
141	3761.2215816720254	3887.9566009872497	3887.9567666562975
142	471.725008765954	490.38911731580026	490.38982331400587
143	-120.3839045897415	-122.00001117725587	-122.00516736043699
144	2241.9447035312915	2318.271420180434	2318.2710261522525
145	6239.132409407859	6424.830017137438	6424.830172712195
146	979.2813599359445	1016.5015146044955	1016.5006441620299
147	-4251.757391085338	-4371.791423052362	-4371.791251778232
148	-2182.745449752955	-2272.842458838185	-2272.842888870251
149	-3160.3492912286442	-3246.54137401857	-3246.5411669044706
150	6894.418128516928	7144.336055128324	7144.336080847818
151	1752.3147638818934	1823.207641835048	1823.2081554608624
152	3107.1243097123493	3233.4288565000143	3233.428579331916
153	1311.6374892150263	1374.0344441868665	1374.03517134936
154	-149.217144927765	-133.8837921064822	-133.87662870629234
155	-323.4291825030688	-345.71723108399226	-345.7155377286478
156	-5720.353326596191	-5909.054657603081	-5909.054489216867
157	-717.2252850554147	-743.1351167108551	-743.134086301233
158	-8.643813149415111	-4.072628015352011	-3.868339522436513
159	-14.714294405134718	-12.439814937664408	-12.430821744990295
160	3631.949377247546	3776.767867026749	3776.768117217481
161	-1688.929493091619	-1757.5513531978843	-1757.5518943718203
162	3000.765047334065	3113.3110214492704	3113.3109236412406
163	-2646.2224707886617	-2742.4439447643485	-2742.444028953496
164	-231.4814161333945	-233.09855845207298	-233.10284795512746
165	-6847.65467009758	-7093.370246372968	-7093.3701681322345
166	1182.6567755147057	1227.871818342995	1227.872619225609
167	-348.1152164527123	-356.41168604005577	-356.4144949668475
168	3051.572899752233	3170.630294014166	3170.6301773379932
169	-6249.268478281579	-6448.042774366158	-6448.042735071369
170	-828.5158706588611	-876.8266028059685	-876.8260191768709
171	1823.7724867133732	1885.6794174478416	1885.6791699118626
172	-7070.977594814724	-7322.6846853586585	-7322.684814782792
173	5101.861482723722	5284.292103541372	5284.292223445064
174	5932.89878387489	6125.611452206609	6125.611494540809
175	246.51899432112145	247.7371576274384	247.73423605281047
176	1310.0992403871428	1385.2136481342775	1385.2132510099311
177	-746.6868341665967	-789.9121781508434	-789.9129358604887
178	-5187.06367132911	-5350.838120434942	-5350.838126534894
179	1200.182569960372	1250.6818440231186	1250.6815612145374
180	1139.639639354185	1174.963646414256	1174.96336825048
181	218.23780470731242	210.8562129514535	210.86092951812557
182	2435.448801413618	2511.29311547909	2511.2929016899975
183	-2832.5759342853726	-2935.5832522057926	-2935.5833927476788
184	-1591.1197642438065	-1627.8271600149717	-1627.827175341958
185	-5025.8732664905365	-5218.443744001487	-5218.443565894645
186	3375.2365546657434	3477.0962912917284	3477.0964181976856
187	1795.0201694462637	1836.376549941457	1836.3769862023967
188	147.7230826518486	158.59554948934345	158.60108802989967
189	-3120.1625321869483	-3248.9767158837394	-3248.9768851989766
190	-1638.128755257255	-1675.1546275841738	-1675.154811684615
191	2836.018194175919	2922.725548495049	2922.725870081156
192	1487.8938473798341	1535.0052408678662	1535.0049866676657
193	1971.2813406677246	2028.023418123015	2028.0234551068081
194	5585.865113318199	5810.584318568166	5810.584407763459
195	351.1464689976931	357.8692285184656	357.8716065702121
196	-4177.3568475071115	-4328.037754238315	-4328.037866477674
197	-3737.4100371116524	-3898.1540237858817	-3898.1542800524485
198	116.40561175958575	128.71460783864285	128.70697667249362
199	-769.5791043626236	-747.3753945170693	-747.376734243908
200	6399.098661878849	6613.762155659464	6613.762005558468
201	-1014.4054753573232	-1055.248880474009	-1055.2495434058835
202	2610.498232835624	2724.072407098595	2724.072613781228
203	-4608.855553096385	-4775.010818281133	-4775.010670497743
204	269.9184037253892	267.69510827665505	267.6913603875859
205	3191.390687471544	3291.4113410721584	3291.4113159347744
206	-505.8081593509355	-514.8484042452209	-514.8465340955856
207	532.9281893832455	547.1220048410548	547.1231552924028
208	482.30595455880376	494.9405001849586	494.93929734538574
209	1310.6985481498648	1340.348545314474	1340.3479427927832
210	-103.21594676887601	-110.43179174426092	-110.43493530168023
211	-29.772829966992845	-22.237789457973737	-22.221917879835246
212	-1451.78772884048	-1527.454610461701	-1527.455115485775
213	-165.4618327675139	-168.9944929836252	-168.99317767112925
214	4627.635308914283	4790.575825137266	4790.575621283452
215	-2308.6695775424046	-2390.9826588361034	-2390.9824398862293
216	3821.535264658421	3948.710363542672	3948.7101177110217
217	3096.160311918595	3208.7870866636217	3208.786871995626
218	40.077466462981825	20.2177502122177	20.208252416116533
219	2475.2369449371977	2562.081801697537	2562.082076698307
220	61.52027276045553	43.15752929543113	43.17875927210575
221	-328.5570326439257	-326.3583195723595	-326.3575472022099
222	617.1773034707743	652.1794980517931	652.1782259905259
223	-805.7789791936957	-812.9609473075892	-812.961720008607
224	-433.6760434196203	-431.8087019296907	-431.80738264327965
225	1869.2259532675596	1939.0478194937646	1939.047802543984
226	2032.2820547117356	2102.1251837249515	2102.1256587486328
227	469.2985413731902	487.4680186298607	487.46694395101713
228	373.4757280841504	370.22459696063873	370.22353039465366
229	-9345.025651664018	-9633.855495869084	-9633.855402015797
230	-2281.297444254261	-2372.5404242514733	-2372.540004001981
231	-6866.364976388055	-7117.8907335303575	-7117.890821089223
232	-1251.133371506079	-1292.3594011327489	-1292.3598116915791
233	1336.4588919150046	1393.2116437845148	1393.2120713032893
234	1011.5452603192409	1034.9624571363377	1034.9634197280154
235	3291.6046783633697	3383.2008123585606	3383.2005207880575
236	-3012.0206615115035	-3130.7345571229007	-3130.7342419799484
237	-3268.9255968997945	-3381.956632622394	-3381.956446415378
238	-643.9501868510438	-673.9580283230678	-673.9589030562407
239	-1117.34344786283	-1170.9922933014873	-1170.9928910306971
240	5266.550851547901	5431.946834925541	5431.946868387613
241	590.4330891903635	596.2086757507008	596.2103205846008
242	3464.7829713630745	3565.1058112617297	3565.105586453942
243	1043.177717999389	1091.0851835140065	1091.085922023595
244	4498.328378406933	4664.195426988617	4664.19550347803
245	553.52576460156	560.5579882745021	560.5596916322409
246	1982.0908429758633	2052.4260130247844	2052.4255761288673
247	107.54620642380266	98.87305760676506	98.86537248797693
248	97.56072893569568	88.63580589807606	88.64120656451502
249	2077.8295721078402	2165.3918525440995	2165.3922146045597
250	-356.0998895902784	-384.6461220889722	-384.64644251122417
251	-1077.3642760895991	-1089.3352355176044	-1089.3355762835936
252	38.35150594153401	25.091194464562697	25.122449828382237
253	85.55282069545345	71.04230928636464	71.03764244739361
254	1399.0874016816788	1434.4302214942386	1434.430483902832
255	2024.1936704413934	2115.0658967583317	2115.0656184401178
256	5325.891650938904	5507.663510232243	5507.663599403131
257	-513.1088487449825	-550.4954318622292	-550.4936227155048
258	-559.0044480348472	-597.3006739237642	-597.2997189157542
259	153.69043002119776	162.08520978142326	162.0830635177766
260	-24.793331267830652	-10.439904395756725	-10.544651455787218
261	3916.384023263944	4052.0284424913675	4052.028651991806
262	59.607163355846	50.48662504552445	50.48219773482412
263	-408.44328472665177	-430.54579183549123	-430.54492958007285
264	1096.2990808482484	1135.041663325111	1135.042187548062
265	285.7922712816015	312.341370238679	312.3430760617221
266	1328.786862758728	1387.3020206047572	1387.3022219519814
267	-1929.1661584019757	-2019.4757461065278	-2019.4752578609953
268	6079.705723214325	6283.091987531126	6283.091869415436
269	3376.0836092801683	3486.091377087145	3486.0912268903357
270	686.335973883844	701.3884586507236	701.3898146269491
271	6305.688275863102	6535.247350715655	6535.247234391666
272	163.9244115348766	165.74147749638175	165.73656050129404
273	-3165.2809247852983	-3289.888705593494	-3289.8888576914087
274	5181.903282671289	5350.11261388472	5350.112731869946
275	3293.135849161309	3409.1784472055124	3409.178184575958
276	3987.161076379876	4119.142798320128	4119.142849865215
277	-332.1346400353319	-325.72441775053943	-325.72428524978415
278	3145.2588753471728	3243.046836047007	3243.047040007992
279	4209.369458758491	4359.261533123924	4359.261546415757
280	3201.9898850334685	3315.3568016435593	3315.3569113000153
281	2162.657978116778	2230.7723206014416	2230.771872204698
282	-4809.703155309609	-4954.458601025379	-4954.45841156635
283	113.5279181246309	111.23751869057948	111.24428090870147
284	7631.310500165968	7902.766496767274	7902.766584930268
285	1830.006657858467	1907.4961213025215	1907.4956605804175
286	1523.1710637104675	1602.3558867854733	1602.3552846824334
287	187.69406719856832	181.87883845647707	181.87869279492733
288	-5156.675204672324	-5351.462409473878	-5351.462443168174
289	6529.344070687757	6786.039902271287	6786.039760826861
290	-195.42223902110516	-205.67922061056146	-205.6840493113067
291	-2232.9103080899085	-2299.5268965031332	-2299.527285219507
292	-2569.9405856548383	-2641.057705082295	-2641.0577835737863
293	2362.4418397864683	2426.1948891821244	2426.195265400283
294	1250.7177247851073	1291.0957999242296	1291.0950996697145
295	-289.81377730983974	-303.16420986967563	-303.1609377063491
296	-250.3565830077351	-268.94479242305164	-268.9431066932745
297	-7539.696275216416	-7799.383875297756	-7799.384001386557
298	-2999.3254061778516	-3104.1679059133976	-3104.1676950169062
299	-143.6999475350934	-133.52073200678166	-133.52627384687705
300	-1868.2533564262917	-1923.4307350243348	-1923.4303012199791
301	-4160.1774622607	-4294.671136649339	-4294.671367984567
302	1124.802965778617	1182.6766817741836	1182.676763268709
303	-323.69420778575574	-373.16032479182485	-373.1626508173199
304	-559.1350845740768	-596.3113618127686	-596.3097155496341
305	-2970.3460175961113	-3077.397356426394	-3077.3970995246123
306	-218.74034263102104	-209.9786248784595	-209.9739032151701
307	3194.9231161283615	3297.266392269215	3297.2666936146393
308	-77.28025843908344	-83.6030538157353	-83.5950051233562
309	978.8662867135627	993.7203284390326	993.7211925726875
310	6536.666803065017	6773.4777703884365	6773.47790874305
311	-3285.53985248205	-3395.8992409736998	-3395.8990583584505
312	508.1988452646538	534.4954266898185	534.4972836306644
313	-4767.494689024838	-4926.671827072315	-4926.671648066019
314	-923.284508936773	-959.2912320400876	-959.2912937757404
315	-136.81897645901026	-151.85686640245032	-151.8601832941427
316	-441.69778074637196	-453.2787105930446	-453.2774396456609
317	1271.0730969959	1296.5031071516687	1296.5023353328472
318	1130.0211396156456	1182.001242077531	1182.0005121887132
319	2423.586778611321	2524.459680615605	2524.459870897505
320	237.80284329653261	259.60491195666543	259.6039694461625
321	-29.158200546880195	-22.514605875677514	-22.4903886737029
322	-6874.862125087747	-7088.043316394183	-7088.043207152589
323	528.2365369432345	525.4744904901995	525.475995728347
324	468.75330167148235	497.86629361630054	497.8645931317532
325	3354.019580971831	3480.7182232462856	3480.7185027318255
326	4348.973311785039	4505.381427319944	4505.381377745037
327	-8320.545651730055	-8562.412058931031	-8562.411964140707
328	-2999.6400906405547	-3108.6103483479533	-3108.610455788978
329	1097.1153395153374	1145.8314570948337	1145.8308085273186
330	-58.15633667236247	-63.69723452739001	-63.70705290240544
331	-2230.991289830986	-2310.119174083289	-2310.1195894177845
332	-5992.886267336137	-6193.610277728182	-6193.610186059064
333	-986.1554240591221	-1002.3008442286571	-1002.3016880035757
334	-7701.483789745637	-7942.238610414929	-7942.238702360329
335	5.1503405896869285	25.319477010176968	25.293270228283514
336	5866.901865687206	6046.826200111129	6046.826345052983
337	-4333.794848276938	-4494.948350635636	-4494.9483573740135
338	-3927.3669850435804	-4040.2796163590797	-4040.2794025113776
339	-857.044694167518	-889.7873292348204	-889.7870720395755
340	-215.05902320993204	-233.1115880761536	-233.10945945380698
341	-3194.397399837301	-3308.985511426844	-3308.985722959929
342	372.74552983982744	375.75483495477516	375.75485709060564
343	-7972.66568540704	-8261.661190089804	-8261.661080126984
344	-5563.387565694104	-5735.625948172907	-5735.626049908459
345	-1849.8277762858093	-1916.1026402008704	-1916.10282329273
346	-1171.1217077657877	-1207.985052735978	-1207.9857889399627
347	3323.9139267721225	3456.8042967709002	3456.804243040668
348	-4734.402749708773	-4877.107024141082	-4877.10694071839
349	-194.05761277139305	-216.6103342388878	-216.60763092017146
350	-2677.9198664906767	-2794.0801495530523	-2794.0799699850627
351	-5541.416186392837	-5715.965681709211	-5715.965566459129
352	-449.9836051907901	-460.8603345236509	-460.8625068079571
353	-4727.899334637884	-4865.888271142514	-4865.888114286055
354	4954.112780257104	5105.607170297715	5105.607307865692
355	-2040.3762262041578	-2108.4962044937356	-2108.4965989629554
356	-4628.0877996792815	-4763.89525470166	-4763.895108852749
357	6168.513429417395	6377.59703403575	6377.597043818544
358	-3455.2342265635048	-3537.679010496934	-3537.678766609596
359	-3314.582388734226	-3408.216612587261	-3408.2165511390117
360	24.027718209153743	25.62604417417572	25.59276486992896
361	-3241.5810252835918	-3379.586757285961	-3379.5864876402275
362	2893.861888084151	2996.4459300874387	2996.4459157487026
363	-2716.844832534138	-2809.766401276546	-2809.7666711228417
364	2336.3384100098997	2420.1431625125456	2420.143416571693
365	-781.6456467714014	-831.0762767128097	-831.0774789015566
366	-2485.222489466483	-2570.8334094675474	-2570.833330524501
367	-245.6947208026631	-260.40029065251935	-260.40408925237136
368	-4228.15916298787	-4396.812140997216	-4396.812352127758
369	-3120.849535945848	-3241.461613393498	-3241.461305483279
370	7694.096697490649	7973.4266546682875	7973.426767262132
371	2721.0596987892554	2817.397597682452	2817.3972822980077
372	2899.171190059259	2995.802101983018	2995.8019530406946
373	4304.816731428828	4471.590601898709	4471.59067018921
374	4950.7729464651875	5120.624828243999	5120.624807112509
375	-1934.1344715561743	-1998.2025874231224	-1998.2028649668466
376	-4256.98657833715	-4390.302020332594	-4390.302230037599
377	900.1072499092469	925.3394446355688	925.3393527001205
378	-6534.768608148897	-6761.158664821897	-6761.1587771632285
379	49.781856045639095	28.002017497705197	28.01823488633726
380	2179.249640176726	2248.5840804453605	2248.5841488745887
381	-1266.9689709080237	-1292.5807135089226	-1292.581256230362
382	3061.8574337695336	3172.0873819379162	3172.087224809903
383	-461.59669210035906	-483.7592452951994	-483.7612573961019
384	-7050.717661498798	-7312.166182490927	-7312.166239791165
385	-2158.463656882579	-2245.8871448269624	-2245.8867120474165
386	4287.648519196952	4414.784731284298	4414.784874523163
387	5242.303067882027	5413.204603190811	5413.2044790649115
388	-6383.827092434695	-6558.970780992896	-6558.970868560943
389	683.5428079536586	707.356616788928	707.3573265658343
390	-773.2397003413022	-810.3418572512803	-810.3424000472779
391	-475.5307799750077	-482.85829149446107	-482.85811138920616
392	-266.4778772285402	-254.39902774028062	-254.40048946110602
393	-712.2997535986095	-730.7677743751843	-730.7686423263398
394	7219.943810237068	7447.749628125808	7447.749549755419
395	5849.868553517475	6034.296357696967	6034.296192281284
396	-1405.9265961968028	-1505.7580120139874	-1505.75797705873
397	-1384.844383564468	-1438.9726918948784	-1438.9733799494986
398	-60.17382404642259	-70.85785655059803	-70.84948501198453
399	-2796.1477209387376	-2889.6291181406027	-2889.6289113193898
400	-3648.5920769365202	-3754.168854123165	-3754.1685883831456
401	5333.149395526016	5528.5690318652705	5528.5691860403695
402	-1461.28432569451	-1508.6489531318725	-1508.6490181332542
403	-1578.4082101960369	-1656.591965299733	-1656.5915857165846
404	-1733.343218563651	-1780.5181829972978	-1780.518706041872
405	-947.1456272619189	-978.0485221468801	-978.0475009733949
406	6867.4777842616595	7126.955889010051	7126.955802313338
407	-110.07164237455116	-122.74420089781981	-122.75045703863479
408	-769.9270492795509	-774.1298764004197	-774.1310386852152
409	-3465.4297962791225	-3597.023970364412	-3597.0236924340907
410	-2281.7407677311066	-2333.280242657721	-2333.28045401422
411	-1538.6758170900132	-1614.6914729984435	-1614.690884518942
412	-691.9689757967624	-715.0842040733806	-715.0855634627652
413	-2506.169450278977	-2574.970998917163	-2574.9707206148737
414	361.00419603716506	380.76476980932944	380.76463443604837
415	-2762.9058826753408	-2864.8384269798853	-2864.8385050503675
416	-776.1076089143811	-804.1619261235884	-804.1625864899657
417	6360.82523214088	6537.308976014654	6537.309103359146
418	1014.8344805581976	1038.3994692876254	1038.3989806734896
419	2059.821378267008	2130.500120144103	2130.5003936256803
420	-3126.3232021382005	-3256.4724609147806	-3256.4727489314027
421	1182.8987822410566	1210.6676661690162	1210.6673647750508
422	-7295.927110176931	-7532.585013003128	-7532.584927094655
423	125.02054121152507	138.7779623977864	138.78065062301022
424	3587.6048221254873	3666.9242233380237	3666.923950768354
425	-1629.4287378499193	-1667.8472227439954	-1667.847822483064
426	-3895.383087523225	-4026.558855857526	-4026.5591033900855
427	2722.6537248050554	2800.273007500822	2800.2730888736082
428	2057.3866779529503	2130.679273430345	2130.6797403547653
429	454.1868424201696	446.3112421080122	446.3115068766722
430	-2582.1214468961284	-2683.381161696427	-2683.380879087792
431	-2570.265742486084	-2652.6542826290993	-2652.6542215932905
432	664.63051092384	701.0992192140751	701.098459193187
433	-4656.653633362237	-4812.768349328661	-4812.76814806085
434	-24.47530034706237	-24.664287533612946	-24.665353563839304
435	1389.6529885787627	1450.608429422048	1450.608003080206
436	-1091.2003405975759	-1118.82464701615	-1118.8245512709962
437	93.18388082094262	79.22802698037086	79.21614142260908
438	-1818.5525648487685	-1873.8396482855119	-1873.840181894769
439	3459.0003978770196	3578.2284930082387	3578.228731704785
440	16.47969958907883	2.056423488834253	2.0348939785833986
441	-4840.241322845463	-5009.571228694695	-5009.571338369794
442	2170.468021451218	2223.3744849752634	2223.374137373273
443	2330.8988136628814	2416.3123266081934	2416.3122627393686
444	-4523.3860668736115	-4648.1434619315005	-4648.143319152718
445	69.58639370336111	86.19431530449468	86.19905621241031
446	1101.2538399111595	1141.381024604398	1141.3812451752847
447	1430.0612178735125	1480.5120249010054	1480.5121158531454
448	-1062.254752038697	-1110.7327533689306	-1110.733165393312
449	-75.2156793216325	-88.16748464839014	-88.1562721538185
450	2512.9110409829696	2591.55987842363	2591.5599739400036
451	-7118.098849516225	-7347.007113935369	-7347.007093909907
452	-1947.966358625566	-1994.5634588252556	-1994.5630292662222
453	188.80594050888374	128.41776249114645	128.42108164914094
454	-6034.629550760076	-6267.273406424548	-6267.273558613173
455	-4729.416660797388	-4905.606362779629	-4905.606365123378
456	788.2752926667537	817.4068274976938	817.4059824609917
457	-1128.6641817227335	-1174.9012851165219	-1174.9012889743074
458	2720.311335327238	2774.452291799518	2774.452553268579
459	6407.293737530085	6621.198501804461	6621.198584026279
460	-452.22888446042253	-467.0995297183282	-467.0995824992443
461	1371.4836460237714	1398.135206786424	1398.135800089155
462	743.8229815061402	749.2061450923841	749.2059027284236
463	-2607.595271685057	-2688.2061075722677	-2688.205908721657
464	2368.4248394839105	2445.2010043814817	2445.200708932023
465	6223.329541706642	6415.714276521104	6415.714139962784
466	5231.843469123999	5413.867756867748	5413.86762525311
467	-732.874106819664	-770.2422065786528	-770.2414625343013
468	-2344.9110387690844	-2429.3688634448054	-2429.368530741176
469	1417.5639465205538	1457.9552575120078	1457.9545998537144
470	1208.1495470952457	1254.376230824588	1254.3768723751482
471	1304.9762311496515	1354.6334005103326	1354.6329299593951
472	203.2007260850497	215.59441072448544	215.58977117709148
473	-356.6258128992465	-364.99651975635	-364.99920301341933
474	3989.280820861867	4151.133692749966	4151.133818734988
475	-1654.9380169646236	-1594.7253947329862	-1594.7259578987148
476	-1242.1091590259527	-1258.1584728567543	-1258.1581386999633
477	-44.92174511554737	-79.31439125652325	-79.32018795367546
478	-861.3891412926195	-899.3950170636144	-899.3939754796643
479	32.12990633904719	16.18404924553318	16.17420257719426
480	3006.9467638851456	3113.4422831827437	3113.4424982193673
481	5857.02362202017	6062.531828717788	6062.531847236314
482	1620.1333830010315	1663.6117546677883	1663.6118822645217
483	83.29768081978173	82.87632304633176	82.86419424860081
484	241.92822561032622	235.12789912254595	235.12576482511992
485	3083.974695462604	3199.824539231113	3199.8242618865506
486	2756.825988429011	2882.0588537877356	2882.058790301859
487	1068.6853457324191	1087.8668143677673	1087.8661033572675
488	1748.3755354507969	1819.7568683448212	1819.756910275186
489	-864.0446872992997	-889.7469151903312	-889.7460144788073
490	-193.02164120301904	-173.68915016962185	-173.69241423228533
491	5318.096123057398	5523.01947452213	5523.019650920671
492	3228.1417920686117	3343.4783588387413	3343.478183460146
493	-3190.503144971579	-3286.703007737765	-3286.7028650357333
494	-325.082375608857	-325.4567298136019	-325.4543215400644
495	-724.7565782115872	-738.22599305486	-738.2264730461732
496	1898.6029241640233	1981.8398417847507	1981.840338172897
497	-2225.251194065922	-2280.9899092961064	-2280.9894729658636
498	2053.3710983769515	2127.1339242676086	2127.134382339813
499	3869.385165025543	4020.632928460665	4020.632949781557
