Epoch	Explore_Iteration	MacroPopSize	MicroPopSize	RMSE	Accuracy_Estimate	RuleCount	TreeCount	AveGenerality	ExpRules	Time(min)
1	100	1000	1000	45079.22914537962	2.218267340157237e-05	0	1000	0.8699999999999996	0.0	1.2579227288564045
2	200	1000	1000	9640.035236760239	0.00010372330101928335	0	1000	0.8700499999999995	0.0	2.465412632624308
3	300	1000	1000	3542.9407913932023	0.0002821717570532203	0	1000	0.8707999999999992	0.0	3.5943609793980915
4	400	1000	1000	3016.390525281712	0.0003314121893143537	0	1000	0.8707999999999992	0.0	4.678351581096649
5	500	1000	1000	3840.5055218461985	0.00026031460694592667	0	1000	0.8702499999999991	0.0	5.728435246149699
6	600	1000	1000	3745.6314732147093	0.0002669064217148567	0	1000	0.869949999999999	0.0	6.772891366481781
7	700	1000	1000	3866.48337906113	0.00025856607565893664	0	1000	0.869699999999999	0.0	7.773910784721375
8	800	1000	1000	3167.8636681801077	0.0003155705340186832	0	1000	0.8693499999999988	0.0	8.707659963766734
9	900	1000	1000	3326.390559950334	0.0003005358048545183	0	1000	0.8685499999999989	0.0	9.65057239929835
10	1000	1000	1000	3436.256241724414	0.0002909297211715344	0	1000	0.868149999999999	0.0	10.607093648115795
11	1100	1000	1000	3517.2089821232457	0.00028423553151083657	0	1000	0.8677499999999989	0.938	10.736936680475871
12	1200	1000	1000	3281.1791722764333	0.0003046756278410073	0	1000	0.8675499999999988	0.931	10.855082166194915
13	1300	1000	1000	4690.728772100178	0.00021314105068191442	0	1000	0.867449999999999	0.934	10.970473599433898
14	1400	1000	1000	2993.829041188522	0.0003339088763487955	0	1000	0.8670499999999992	0.932	11.087728663285572
15	1500	999	1000	3647.405013566136	0.0002740923763347615	0	999	0.8674499999999992	0.9319319319319319	11.23233824968338
16	1600	999	1000	3770.154601309565	0.0002651707781093731	0	999	0.8670999999999991	0.9359359359359359	11.36694513161977
17	1700	999	1000	3863.8938789495905	0.0002587393163487796	0	999	0.8661999999999993	0.9359359359359359	11.493307363986968
18	1800	999	1000	3192.9129575525326	0.00031309557063392585	0	999	0.8662999999999993	0.934934934934935	11.615631047884623
19	1900	999	1000	3341.892210653904	0.0002991421610343786	0	999	0.8658999999999996	0.9369369369369369	11.738471782207489
20	2000	998	1000	3420.539220745403	0.0002922661221992785	0	998	0.8658499999999996	0.9308617234468938	11.881610465049743
21	2100	998	1000	3471.317507707761	0.00028799209685756726	0	998	0.8654499999999995	0.9278557114228457	12.067158480485281
22	2200	998	1000	3287.8837625504852	0.00030405452797897407	0	998	0.8650999999999992	0.9278557114228457	12.246031614144643
23	2300	998	1000	3234.8591133590844	0.0003090369404129956	0	998	0.8647999999999991	0.9318637274549099	12.384376649061839
24	2400	998	1000	3020.9075334572244	0.0003309168096404149	0	998	0.864349999999999	0.9278557114228457	12.513856446743011
25	2500	998	1000	3624.3366259855866	0.000275836454146693	0	998	0.8643999999999991	0.9278557114228457	12.642142967383068
26	2600	998	1000	3778.9936642115204	0.0002645507079728381	0	998	0.8642499999999991	0.9298597194388778	12.76952874660492
27	2700	998	1000	3861.9194130203596	0.0002588715665745962	0	998	0.8640499999999991	0.9298597194388778	12.900945512453715
28	2800	998	1000	3194.8031063981557	0.0003129103911307773	0	998	0.864399999999999	0.9318637274549099	13.027042730649312
29	2900	998	1000	3297.923134543901	0.0003031292210263204	0	998	0.863849999999999	0.9308617234468938	13.154757730166118
30	3000	998	1000	3462.904649423573	0.0002886915493376556	0	998	0.8635499999999987	0.9288577154308617	13.29153951406479
31	3100	998	1000	3450.5453914491072	0.0002897252930462424	0	998	0.8636499999999985	0.9288577154308617	13.428150697549183
32	3200	998	1000	3283.053878034831	0.0003045017034246701	0	998	0.8637499999999988	0.9278557114228457	13.567351547876994
33	3300	998	1000	3453.105676244101	0.00028951054013129455	0	998	0.8630999999999985	0.9208416833667334	13.70688981215159
34	3400	998	1000	3020.372164723089	0.00033097544608234344	0	998	0.8628999999999984	0.9218436873747495	13.844094665845235
35	3500	995	1000	3621.4451378387525	0.00027605663079734773	0	995	0.8627499999999986	0.9226130653266331	13.98904466231664
36	3600	995	1000	3776.78445622397	0.00026470541440035876	0	995	0.8625499999999985	0.9195979899497487	14.124350647131601
37	3700	995	1000	3862.4561597989323	0.00025883560176131093	0	995	0.8616999999999986	0.9206030150753769	14.256181065241496
38	3800	995	1000	3188.2416669129752	0.00031355416253793945	0	995	0.8622499999999986	0.9175879396984925	14.383284433682759
39	3900	995	1000	3304.6539912674616	0.00030251199993759105	0	995	0.8621999999999986	0.9195979899497487	14.529154682159424
40	4000	994	1000	3456.1866384957957	0.00028925253524498607	0	994	0.8622499999999986	0.9225352112676056	14.68150475025177
41	4100	995	1000	3422.604794500179	0.00029208978840269224	0	995	0.8617499999999989	0.9195979899497487	14.82130214770635
42	4200	995	1000	3282.6731608436858	0.0003045370081056016	0	995	0.8611499999999989	0.9195979899497487	14.952966034412384
43	4300	994	1000	3232.207047469618	0.00030929043062139275	0	994	0.8608499999999988	0.9235412474849095	15.086744717756908
44	4400	994	1000	3018.8835093769176	0.00033113860084170156	0	994	0.8606999999999988	0.9275653923541247	15.214199328422547
45	4500	994	1000	3620.7620993208798	0.0002761086931103263	0	994	0.8606499999999989	0.9225352112676056	15.35396014849345
46	4600	994	1000	3776.3431580860897	0.0002647363393128099	0	994	0.8604499999999987	0.9245472837022133	15.495327198505402
47	4700	994	1000	3863.252965560811	0.00025878223007454485	0	994	0.8596999999999986	0.9225352112676056	15.636009848117828
48	4800	994	1000	3180.005002923634	0.00031436605697913355	0	994	0.8586499999999981	0.9195171026156942	15.773629796504974
49	4900	994	1000	3304.433642510563	0.00030253216617002603	0	994	0.8590499999999981	0.9185110663983903	15.90791132847468
50	5000	994	1000	3451.503427688746	0.0002896448970854297	0	994	0.8583499999999981	0.9124748490945674	16.04509183168411
51	5100	994	1000	3432.427250478508	0.00029125416880775105	0	994	0.8583999999999977	0.9084507042253521	16.190582398573557
52	5200	994	1000	3271.879636017845	0.0003055413309414314	0	994	0.858349999999998	0.9094567404426559	16.339690597852073
53	5300	993	1000	3230.2405460418827	0.00030947866175576213	0	993	0.8578499999999981	0.9123867069486404	16.482844948768616
54	5400	994	1000	3020.4446772464744	0.00033096750290702905	0	994	0.8576999999999982	0.9064386317907445	16.62740964492162
55	5500	993	1000	3614.7826836296854	0.0002765652937405395	0	993	0.8580499999999981	0.9083585095669687	16.778190418084463
56	5600	991	1000	3772.916910331003	0.0002649766870231099	0	991	0.8576999999999981	0.9071644803229062	16.9322790145874
57	5700	992	1000	3868.3718511569555	0.0002584398808041663	0	992	0.856749999999998	0.9092741935483871	17.081464612483977
58	5800	992	1000	3191.212461701212	0.0003132623570635002	0	992	0.8556499999999981	0.9133064516129032	17.21834751367569
59	5900	992	1000	3308.8502929721585	0.0003021284685060563	0	992	0.8550499999999981	0.90625	17.365133011341094
60	6000	992	1000	3456.4570921361837	0.0002892299089624137	0	992	0.8548999999999984	0.9032258064516129	17.52980484565099
61	6100	992	1000	3416.200057637314	0.00029263724193292036	0	992	0.8545999999999982	0.9092741935483871	17.69571772813797
62	6200	990	1000	3274.751329849169	0.0003052734775340974	0	990	0.853949999999998	0.9090909090909091	17.86058786312739
63	6300	990	1000	3623.003889987014	0.0002759378936548502	0	990	0.8534999999999981	0.9141414141414141	18.029355812072755
64	6400	990	1000	3012.768183504965	0.00033181052393917566	0	990	0.853199999999998	0.9181818181818182	18.18900854984919
65	6500	990	1000	3612.6110736861538	0.00027673149644738196	0	990	0.852849999999998	0.9242424242424242	18.33516009648641
66	6600	990	1000	3774.396431103221	0.0002648728466662736	0	990	0.8522999999999982	0.9252525252525252	18.522943647702537
67	6700	991	1000	4928.814395555525	0.0002028473933829132	0	991	0.8513999999999978	0.9202825428859738	18.71335208018621
68	6800	992	1000	3186.262594450046	0.00031374885826517457	0	992	0.8502999999999982	0.9173387096774194	18.87190560102463
69	6900	992	1000	3307.5324356131728	0.0003022488125659464	0	992	0.8487499999999983	0.9203629032258065	19.019586797555288
70	7000	992	1000	3451.054475318058	0.0002896825664687299	0	992	0.8492999999999982	0.9274193548387096	19.15812864700953
71	7100	992	1000	3414.6711774423366	0.0002927682285707615	0	992	0.8491499999999984	0.9163306451612904	19.30919673045476
72	7200	992	1000	3272.949750832219	0.00030544146248604023	0	992	0.8493999999999985	0.9153225806451613	19.465329845746357
73	7300	992	1000	3230.8738431931342	0.00030941801831348305	0	992	0.8489499999999987	0.9102822580645161	19.628394333521523
74	7400	992	1000	3016.5044780642006	0.00033139967389262114	0	992	0.8487999999999987	0.9112903225806451	19.778935345013938
75	7500	992	1000	3621.910792874376	0.0002760211490624674	0	992	0.8481499999999986	0.9032258064516129	19.942236999670666
76	7600	992	1000	3787.2674148740234	0.00026397291703158566	0	992	0.8481499999999986	0.907258064516129	20.10470714966456
77	7700	992	1000	3865.8224832299156	0.0002586102683370949	0	992	0.8470499999999987	0.9102822580645161	20.261599667867024
78	7800	992	1000	3186.4811445167757	0.00031372734603316396	0	992	0.8455499999999987	0.90625	20.41556921402613
79	7900	992	1000	3297.998792849812	0.0003031222691464396	0	992	0.844049999999999	0.907258064516129	20.587180050214133
80	8000	993	1000	3540.9543890944296	0.0002823300048919234	0	993	0.8425499999999989	0.8992950654582075	20.764820547898612
81	8100	993	1000	3414.7635776010793	0.0002927603088684226	0	993	0.8427499999999989	0.904330312185297	20.91792766650518
82	8200	993	1000	3345.703874439176	0.00029880145884361367	0	993	0.8429999999999991	0.9093655589123867	21.063089295228323
83	8300	993	1000	8180.282198701717	0.00012223022940813477	0	993	0.8426499999999993	0.905337361530715	21.2158753991127
84	8400	993	1000	5649.307219494108	0.00017698152704863606	0	993	0.8417499999999996	0.8962739174219537	21.37443501551946
85	8500	993	1000	3708.6432661091167	0.00026956769917363415	0	993	0.8416499999999995	0.905337361530715	21.529166547457375
86	8600	991	1000	3780.749019712235	0.00026442791279578174	0	991	0.8418499999999994	0.9031281533804238	21.680721680323284
87	8700	991	1000	3868.796185478678	0.00025841154212526157	0	991	0.8406499999999997	0.8990918264379415	21.840622981389362
88	8800	991	1000	3185.3228407425054	0.00031384139334951104	0	991	0.8391499999999998	0.8990918264379415	22.000553448994953
89	8900	989	1000	3314.358358202727	0.00030162651875198954	0	989	0.8376999999999999	0.8998988877654196	22.16455521583557
90	9000	989	1000	3445.7832727297896	0.00029012558112132713	0	989	0.8358500000000002	0.8918099089989889	22.346818912029267
91	9100	990	1000	3421.026343128017	0.0002922245183787559	0	990	0.8351500000000001	0.8858585858585859	22.523647665977478
92	9200	990	1000	3334.3440864062864	0.000299819141322077	0	990	0.8354499999999999	0.8828282828282829	22.703551328182222
93	9300	988	1000	3347.572976326762	0.0002986346742536746	0	988	0.8355499999999999	0.8836032388663968	22.880718950430552
94	9400	989	1000	3025.1084235101257	0.00033045742585787884	0	989	0.83495	0.884732052578362	23.054764397939046
95	9500	990	1000	3619.220815652729	0.00027622624445346135	0	990	0.8341000000000001	0.8737373737373737	23.23934582869212
96	9600	989	1000	3776.3835984603647	0.00026473350506620323	0	989	0.8341000000000001	0.8604651162790697	23.43167294661204
97	9700	989	1000	3865.9665920072493	0.00025860063080630964	0	989	0.833	0.8554095045500506	23.633681865533195
98	9800	989	1000	3180.379280727902	0.00031432907294574424	0	989	0.8328000000000001	0.8594539939332659	23.817820398012795
99	9900	987	1000	3295.450715491737	0.0003033565753919753	0	987	0.82975	0.8520770010131712	24.02202836275101
100	10000	987	1000	4040.471684643521	0.00024743461739438246	0	987	0.8283500000000004	0.8591691995947315	24.234240114688873
101	10100	987	1000	3413.86334383016	0.00029283748698370624	0	987	0.8248000000000006	0.8591691995947315	25.356091447671254
102	10200	985	1000	3253.1887092319644	0.00030729625395203787	0	985	0.8231500000000003	0.8558375634517766	25.566322616736095
103	10300	986	1000	3237.556043768401	0.000308779587719098	0	986	0.8234999999999999	0.8529411764705882	25.77123130162557
104	10400	986	1000	3015.6504702363522	0.00033149349248991737	0	986	0.8233499999999997	0.8498985801217038	25.9837682167689
105	10500	984	1000	3632.4921790779863	0.00027521732556852626	0	984	0.8236999999999998	0.8475609756097561	26.197059281667073
106	10600	983	1000	3783.9073810313757	0.0002642072577552751	0	983	0.8235499999999998	0.8636826042726348	26.39406221707662
107	10700	982	1000	3867.038503836577	0.000258528967332702	0	982	0.82305	0.8655804480651731	26.59382494688034
108	10800	982	1000	3187.5003015856105	0.0003136270677166659	0	982	0.8218999999999997	0.8482688391038696	26.805990715821583
109	10900	982	1000	3254.7443005648847	0.0003071494281127962	0	982	0.8214999999999998	0.8594704684317719	27.003016849358875
110	11000	982	1000	3440.405471978936	0.00029057895332076716	0	982	0.8198499999999996	0.8655804480651731	27.207322665055592
111	11100	982	1000	3432.507194689353	0.0002912473873789203	0	982	0.8178500000000001	0.8676171079429735	27.410496016343433
112	11200	981	1000	3397.9324752323737	0.0002942100224958524	0	981	0.8150000000000005	0.8654434250764526	27.632656498750052
113	11300	983	1000	3244.200197157646	0.00030814739900356965	0	983	0.8103500000000001	0.844354018311292	27.889797027905782
114	11400	983	1000	3020.010946785181	0.000331015020340841	0	983	0.8096500000000001	0.8372329603255341	28.11928398211797
115	11500	982	1000	3649.0315185921722	0.0002739702369435163	0	982	0.8099500000000001	0.8329938900203666	28.359637300173443
116	11600	981	1000	3797.084950724795	0.00026329058274727856	0	981	0.8105500000000001	0.8246687054026504	28.59699756304423
117	11700	982	1000	3885.5208665976475	0.00025729953197843597	0	982	0.8099999999999995	0.8177189409368636	28.845802851517995
118	11800	982	1000	3194.783959539794	0.00031291226586668396	0	982	0.8094999999999994	0.8319755600814664	29.08516308069229
119	11900	982	1000	3236.801425191706	0.0003088515534706676	0	982	0.8087499999999995	0.8167006109979633	29.329787401358285
120	12000	981	1000	3437.3032661594757	0.0002908411279023047	0	981	0.8057000000000001	0.8032619775739042	29.602523279190063
121	12100	981	1000	3815.9670912163037	0.0002619881115300218	0	981	0.8028500000000001	0.7981651376146789	29.896078630288443
122	12200	979	1000	3283.1147860158485	0.00030449605606299726	0	979	0.8018999999999994	0.8008171603677222	30.18099056482315
123	12300	977	1000	3249.1284317537015	0.00030768014895350487	0	977	0.8006999999999994	0.8249744114636642	30.453507399559022
124	12400	977	1000	3062.7026335736978	0.0003264024350932311	0	977	0.7968000000000001	0.8157625383828045	30.76106633345286
125	12500	973	1000	3716.315024921954	0.0002690113679620132	0	973	0.7949000000000008	0.8088386433710175	31.062744331359863
126	12600	972	1000	3790.8075060859974	0.0002637264677584401	0	972	0.7962000000000004	0.8055555555555556	31.33213798205058
127	12700	969	1000	3862.905168401325	0.0002588055235355959	0	969	0.7972500000000003	0.8080495356037152	31.607828164100646
128	12800	970	1000	3170.562912962056	0.0003153019591423012	0	970	0.7964500000000004	0.8072164948453608	31.857343363761903
129	12900	973	1000	3199.6249546831486	0.00031243898118609673	0	973	0.7947000000000011	0.7995889003083247	32.13094573020935
130	13000	971	1000	3448.371730786712	0.00028990786672097125	0	971	0.7937000000000008	0.8105046343975283	32.40304981470108
131	13100	971	1000	3404.5080993870056	0.000293641938534811	0	971	0.792800000000001	0.82389289392379	32.66191136439641
132	13200	972	1000	3243.5263446246204	0.0003082113978383172	0	972	0.789300000000001	0.8137860082304527	32.964060250918074
133	13300	972	1000	3264.239445821613	0.00030625625366606946	0	972	0.787950000000001	0.8117283950617284	33.2533403635025
134	13400	973	1000	2995.1608618982073	0.00033376045082120643	0	973	0.7856000000000016	0.8098663926002055	33.60879771709442
135	13500	971	1000	3802.9533202042576	0.00026288440362520115	0	971	0.7849000000000022	0.8259526261585994	33.910137530167894
136	13600	971	1000	4371.9217564241835	0.00022868005779680766	0	971	0.7844000000000021	0.835221421215242	34.19711864789327
137	13700	971	1000	4023.2065014984782	0.0002484961941261299	0	971	0.7832500000000023	0.8269824922760041	34.502930132548016
138	13800	971	1000	3208.35401189335	0.0003115891847063804	0	971	0.7836000000000024	0.8208032955715757	34.78982153336207
139	13900	972	1000	3290.44256700768	0.0003038181525704461	0	972	0.7823500000000027	0.8240740740740741	35.1287144502004
140	14000	976	1000	3436.574428113464	0.00029090279233569895	0	976	0.7769000000000037	0.7961065573770492	35.46631821791331
141	14100	978	1000	3390.5361497508575	0.0002948516412167566	0	978	0.7737000000000032	0.7638036809815951	35.83167653083801
142	14200	979	1000	3220.5876655703873	0.0003104059562578901	0	979	0.7702000000000028	0.7538304392236976	36.204293727874756
143	14300	980	1000	3647.896820612493	0.0002740554335082961	0	980	0.7683500000000022	0.7520408163265306	36.579728166262306
144	14400	978	1000	3010.0898249040306	0.0003321056687612672	0	978	0.7669500000000025	0.7730061349693251	36.934029412269595
145	14500	978	1000	3581.8487341558794	0.0002791075130989588	0	978	0.7661000000000027	0.7801635991820041	37.269640147686005
146	14600	979	1000	3802.8157403583214	0.0002628939118659306	0	979	0.7630500000000043	0.745658835546476	37.70995628436406
147	14700	977	1000	3867.283539433274	0.00025851259087034394	0	977	0.7624500000000043	0.7645854657113613	38.08498075008392
148	14800	977	1000	3172.5103067265627	0.0003151084771586855	0	977	0.7622000000000042	0.7737973387922211	38.430703413486484
149	14900	977	1000	3684.480391320528	0.0002713350483033487	0	977	0.7593500000000041	0.7707267144319345	38.839300564924876
150	15000	979	1000	3433.262614414687	0.00029118332296507654	0	979	0.7567000000000045	0.8008171603677222	39.1866718173027
151	15100	978	1000	3386.89217177208	0.00029516878026166263	0	978	0.7544000000000041	0.8210633946830266	39.50615314642588
152	15200	976	1000	3234.0191176726416	0.00030911718404910894	0	976	0.7537000000000036	0.8350409836065574	39.82635359764099
153	15300	977	1000	3390.9919081861776	0.00029481202404599386	0	977	0.7526500000000025	0.8331627430910952	40.166924679279326
154	15400	979	1000	3018.342782250269	0.0003311979036890656	0	979	0.7496000000000019	0.8069458631256384	40.585074996948244
155	15500	980	1000	3543.047651792345	0.00028216324898855865	0	980	0.7489500000000023	0.8030612244897959	40.94637793302536
156	15600	980	1000	3788.623916903757	0.0002638784274976372	0	980	0.7488500000000028	0.8346938775510204	41.27983631292979
157	15700	980	1000	3866.313305434377	0.00025857744667203266	0	980	0.747200000000003	0.8163265306122449	41.67220504681269
158	15800	978	1000	3845.875301676697	0.0002599512387532137	0	978	0.7451000000000025	0.7985685071574642	42.06896376609802
159	15900	979	1000	3292.891661229129	0.0003035922558627341	0	979	0.7427000000000031	0.8059244126659857	42.46984771490097
160	16000	981	1000	3431.1341087513406	0.0002913639060461464	0	981	0.7419500000000031	0.8073394495412844	42.83864108324051
161	16100	982	1000	3374.6314367240234	0.0002962408718916536	0	982	0.7413500000000026	0.8065173116089613	43.19737997849782
162	16200	981	1000	3228.4968947749594	0.00030964575368315467	0	981	0.7397500000000022	0.8053007135575942	43.568877816200256
163	16300	984	1000	3219.041165740931	0.0003105550359539892	0	984	0.7374000000000012	0.7804878048780488	44.04830669959386
164	16400	980	1000	3086.987273262492	0.00032383553153167275	0	980	0.7340499999999994	0.7887755102040817	44.53762964804967
165	16500	982	1000	3513.7332627453243	0.00028451661199999843	0	982	0.7332500000000006	0.7718940936863544	45.00885655085246
166	16600	982	1000	3787.562575469518	0.00026395235134160866	0	982	0.7331000000000016	0.7586558044806517	45.508564746379854
167	16700	983	1000	3867.9761393964927	0.000258466313559635	0	983	0.7311000000000019	0.7548321464903357	45.984548230965935
168	16800	983	1000	3200.6691279315387	0.00031233708420271933	0	983	0.7302500000000023	0.745676500508647	46.49277221361796
169	16900	986	1000	3301.422909135382	0.0003028079769049971	0	986	0.7296000000000022	0.755578093306288	46.95533793369929
170	17000	986	1000	4071.540668980615	0.0002455469647281158	0	986	0.7281000000000019	0.742393509127789	47.507705414295195
171	17100	986	1000	3360.0776248299508	0.00029752362534340266	0	986	0.7264000000000016	0.744421906693712	48.0240592956543
172	17200	987	1000	3212.549585993747	0.00031118237738060714	0	987	0.724900000000001	0.7355623100303952	48.62368486324946
173	17300	985	1000	3984.0554423424496	0.00025093753762486966	0	985	0.7228499999999997	0.7472081218274111	49.23668978214264
174	17400	986	1000	2978.058787034104	0.000335676490961624	0	986	0.7218999999999994	0.7677484787018256	49.7664778470993
175	17500	985	1000	3584.1442354663272	0.0002789288057388095	0	985	0.7212499999999997	0.7786802030456853	50.314175816377
176	17600	986	1000	3782.7851546644997	0.00026428561853392754	0	986	0.7199000000000003	0.781947261663286	50.96157544851303
177	17700	982	1000	3886.549827843659	0.0002572314296366662	0	982	0.7196000000000015	0.7790224032586558	51.583177268505096
178	17800	982	1000	3190.768123875927	0.0003133059674728655	0	982	0.7194500000000016	0.8014256619144603	52.20101962884267
179	17900	984	1000	3303.439753484966	0.00030262315993062627	0	984	0.7193500000000014	0.7957317073170732	52.79164111216863
180	18000	983	1000	3431.2850051768087	0.00029135109657028223	0	983	0.719000000000001	0.8138351983723296	53.24131701787313
181	18100	984	1000	3379.4586038830535	0.0002958178511197633	0	984	0.7188500000000007	0.8140243902439024	53.70067854722341
182	18200	985	1000	3213.0923264939975	0.00031112983026558604	0	985	0.7183000000000002	0.8213197969543147	54.173314046859744
183	18300	986	1000	3220.6290320828907	0.00031040197056874253	0	986	0.7162999999999989	0.8174442190669371	54.686632132530214
184	18400	983	1000	2975.769900168084	0.00033593459808349134	0	983	0.7140499999999983	0.8077314343845371	55.203055465221404
185	18500	983	1000	3544.0279769689328	0.00028208522090565256	0	983	0.7139499999999982	0.8158697863682605	55.63015486796697
186	18600	983	1000	3790.0364785372244	0.00026378010490309264	0	983	0.7135999999999986	0.8138351983723296	56.08825668096542
187	18700	984	1000	3860.512308173168	0.0002589658973463397	0	984	0.7130499999999992	0.8140243902439024	56.61352666219076
188	18800	982	1000	3191.1541935198807	0.0003132680752170476	0	982	0.7125999999999992	0.8085539714867617	57.13334089914958
189	18900	980	1000	3301.856450795296	0.0003027682295302933	0	980	0.7131499999999995	0.8204081632653061	57.65824964443843
190	19000	981	1000	3410.2133539423376	0.0002931508223735993	0	981	0.7134499999999998	0.8012232415902141	58.18921331564585
191	19100	981	1000	3381.8580436202383	0.0002956080293957084	0	981	0.7125999999999993	0.7859327217125383	58.73746738433838
192	19200	981	1000	3208.0044990611023	0.0003116231218412384	0	981	0.7123999999999989	0.7777777777777778	59.30908226569493
193	19300	982	1000	3386.5896019851584	0.0002951951438905087	0	982	0.7109999999999979	0.7942973523421588	59.90282671451568
194	19400	983	1000	3000.250436950365	0.0003331944537811118	0	983	0.7086499999999969	0.7884028484231943	60.52470781405767
195	19500	981	1000	3546.8848097703067	0.00028185807984694433	0	981	0.7085499999999967	0.7910295616717635	60.97420143286387
196	19600	982	1000	3791.451670990808	0.00026368167263651434	0	982	0.7080999999999974	0.7881873727087576	61.47129588127136
197	19700	982	1000	3868.107275052438	0.00025845755336066433	0	982	0.7085999999999989	0.7953156822810591	61.992477099100746
198	19800	983	1000	3189.4041992680322	0.00031343990840703757	0	983	0.708849999999999	0.7955239064089522	62.45730326573054
199	19900	983	1000	4150.526096421442	0.00024087527737377975	0	983	0.7086999999999991	0.8006103763987793	62.906554166475935
200	20000	983	1000	4069.7492533246905	0.00024565502264313455	0	983	0.7086500000000006	0.7914547304170906	63.488848682244615
201	20100	986	1000	4035.547570809335	0.000247736458559684	0	986	0.7079500000000001	0.7870182555780934	64.06293503046035
202	20200	986	1000	3224.722514234774	0.0003100080665919357	0	986	0.7064000000000002	0.7677484787018256	64.66863726377487
203	20300	986	1000	3230.2993035966742	0.00030947303423329626	0	986	0.7056999999999998	0.7697768762677485	65.1740086833636
204	20400	986	1000	2957.940703044777	0.00033795878334803766	0	986	0.7043499999999997	0.7778904665314401	65.74916563034057
205	20500	984	1000	3541.044528103666	0.00028232282007346145	0	984	0.7039999999999992	0.7713414634146342	66.27922756671906
206	20600	987	1000	3780.009616939805	0.00026447962351636633	0	987	0.7043500000000006	0.7608915906788247	66.8930794318517
207	20700	987	1000	3863.794567204588	0.0002587459650470637	0	987	0.7036500000000018	0.7649442755825735	67.45613873004913
208	20800	986	1000	3388.1834130088555	0.0002950563242348157	0	986	0.703900000000002	0.768762677484787	67.97667424678802
209	20900	984	1000	3353.871286650039	0.0002980740286458311	0	984	0.7041500000000018	0.7621951219512195	68.51740224758784
210	21000	985	1000	3416.422432954854	0.0002926181997159058	0	985	0.7037500000000019	0.7847715736040609	69.0696113506953
211	21100	985	1000	3358.0384860703293	0.00029770424011124673	0	985	0.7037000000000019	0.8091370558375635	69.5502364953359
212	21200	986	1000	53279786416.17423	1.8768844007183548e-11	0	986	0.7040500000000022	0.8245436105476673	70.10070848067602
213	21300	985	1000	505380612.63094693	1.9787066876495738e-09	0	985	0.7030500000000015	0.8071065989847716	70.72547974586487
214	21400	985	1000	2967.0241613872327	0.00033692448094243524	0	985	0.7025000000000009	0.8213197969543147	71.20482523441315
215	21500	985	1000	3563.3350663045653	0.00028055723757665157	0	985	0.7008999999999996	0.8071065989847716	71.79526309967041
216	21600	983	1000	3781.2599028939735	0.0002643921955851992	0	983	0.7006999999999999	0.8240081383519837	72.31287398338318
217	21700	984	1000	3827.3268875555264	0.0002612107140721525	0	984	0.7000500000000008	0.806910569105691	72.94266821543376
218	21800	985	1000	3232.8396520233046	0.00030922992714692385	0	985	0.6998500000000015	0.8010152284263959	73.50708079735438
219	21900	983	1000	4108.477596759539	0.00024333993225526612	0	983	0.6997500000000015	0.8056968463886063	74.01271847883861
220	22000	983	1000	3425.2485224056927	0.000291864408976925	0	983	0.7001000000000024	0.8067141403865717	74.55344092845917
221	22100	986	1000	3762.937947844882	0.0002656791939337284	0	986	0.7008500000000029	0.7667342799188641	75.24232353369395
222	22200	988	1000	4188.472142584237	0.00023869355517021275	0	988	0.7005500000000019	0.7398785425101214	76.00845958391825
223	22300	989	1000	3593.584816214237	0.00027819624549941347	0	989	0.7003500000000021	0.7512639029322548	76.7190724492073
224	22400	989	1000	3029.1332002169306	0.0003300184955329386	0	989	0.6995000000000018	0.7532861476238625	77.32795498371124
225	22500	988	1000	4109.997001875964	0.00024324999496318575	0	988	0.6982500000000015	0.7682186234817814	78.01448474725088
226	22600	987	1000	3809.354344795858	0.0002624427834030159	0	987	0.6980000000000013	0.7760891590678825	78.67451189756393
227	22700	988	1000	3868.4628961845983	0.00025843379994314685	0	988	0.6983000000000021	0.7925101214574899	79.31128551562627
228	22800	986	1000	3190.7511874520574	0.0003133076299717115	0	986	0.6985500000000031	0.7778904665314401	80.06091394821803
229	22900	987	1000	3291.595765605055	0.0003037117433139375	0	987	0.6986500000000028	0.7760891590678825	80.7040427128474
230	23000	987	1000	3415.0317825885913	0.00029273732319967546	0	987	0.6983500000000027	0.7608915906788247	81.48387904961903
231	23100	988	1000	3563.243043344276	0.00028056448110836877	0	988	0.6987500000000029	0.7854251012145749	82.17790936628977
232	23200	988	1000	4133.18384833296	0.0002418857111067359	0	988	0.6984500000000033	0.7995951417004049	82.86741519769033
233	23300	988	1000	3352.8339091494736	0.00029816622620217894	0	988	0.6987000000000032	0.8097165991902834	83.46759454806646
234	23400	986	1000	2954.4992975436094	0.00033835230508466894	0	986	0.6979500000000027	0.8062880324543611	84.1018122156461
235	23500	986	1000	3509.8921679024884	0.00028482788766407194	0	986	0.6954000000000022	0.7920892494929006	84.83809113105139
236	23600	986	1000	3784.1359210479145	0.00026419130537408815	0	986	0.694400000000002	0.7849898580121704	85.55044869979223
237	23700	986	1000	3853.0787439588426	0.0002594653784818152	0	986	0.6938500000000025	0.783975659229209	86.26465868155161
238	23800	985	1000	3190.7779658818513	0.0003133050013783498	0	985	0.693800000000003	0.7939086294416243	86.9987173318863
239	23900	983	1000	3424.4309097752976	0.000291934073796747	0	983	0.6934500000000032	0.7761953204476093	87.79023448228835
240	24000	984	1000	3411.896034324861	0.0002930062884842081	0	984	0.6937500000000034	0.7774390243902439	88.56160343090693
241	24100	982	1000	3334.4524423441853	0.0002998094013588127	0	982	0.6939000000000032	0.7820773930753564	89.23884828090668
242	24200	983	1000	3221.6295345237722	0.0003103056027033452	0	983	0.6941000000000032	0.7914547304170906	89.90058159828186
243	24300	981	1000	3254.0343844859426	0.00030721641675005744	0	981	0.6945000000000032	0.7869520897043832	90.60633084774017
244	24400	982	1000	2965.010703003127	0.00033715320008369693	0	982	0.6937000000000028	0.7678207739307535	91.44113528331121
245	24500	982	1000	3612.316506685108	0.0002767540563219052	0	982	0.690900000000002	0.7627291242362525	92.31173153320948
246	24600	982	1000	3803.7779438371795	0.0002628274277135564	0	982	0.6875500000000024	0.7403258655804481	93.25521599849066
247	24700	983	1000	3864.771693495407	0.00025868056349075445	0	983	0.6866000000000025	0.7385554425228891	94.0672711332639
248	24800	984	1000	3995.903705643437	0.00025019366831080964	0	984	0.6867500000000022	0.7195121951219512	95.11945898135504
249	24900	985	1000	3839.577322683018	0.0002603775203519148	0	985	0.6869000000000025	0.7340101522842639	95.90687470038732
250	25000	985	1000	3580.483875593044	0.00027921387746982775	0	985	0.6870000000000025	0.751269035532995	96.59909826517105
251	25100	985	1000	3427.4517822539865	0.0002916768452676223	0	985	0.6874000000000029	0.732994923857868	103.51595479647318
252	25200	985	1000	3220.733076990435	0.0003103919462298052	0	985	0.689200000000003	0.700507614213198	104.68210066159567
253	25300	984	1000	3244.4483075388457	0.00030812384152818025	0	984	0.6897500000000041	0.6951219512195121	105.65275843540827
254	25400	984	1000	2953.5505855427004	0.00033846095067494573	0	984	0.6891000000000048	0.6951219512195121	106.60127841631571
255	25500	984	1000	3538.3824912582995	0.00028253516043260025	0	984	0.6887500000000045	0.7134146341463414	107.46256544987361
256	25600	984	1000	3782.6766857523376	0.0002642931949670965	0	984	0.6872000000000049	0.733739837398374	108.41372904777526
257	25700	985	1000	3855.0412380495627	0.00025933332614093445	0	985	0.6858500000000046	0.7187817258883249	109.51977534691493
258	25800	985	1000	3276.5831686087126	0.00030510286041787483	0	985	0.6851000000000046	0.750253807106599	110.39209381341934
259	25900	984	1000	3294.153169131743	0.00030347602939000714	0	984	0.6841000000000045	0.7428861788617886	111.2678649187088
260	26000	984	1000	3414.8412367711585	0.0002927536529611239	0	984	0.6839500000000044	0.7459349593495935	112.03588804801305
261	26100	984	1000	3341.641866036107	0.0002991645650587918	0	984	0.6838500000000042	0.7682926829268293	112.80506865183513
262	26200	982	1000	3265.4026572074936	0.00030614719155749095	0	982	0.6845500000000042	0.8014256619144603	113.61385383208592
263	26300	980	1000	3247.417407412721	0.00030784221193928205	0	980	0.684900000000004	0.8244897959183674	114.31367741425832
264	26400	983	1000	2953.0790913146843	0.0003385149717013703	0	983	0.6856000000000042	0.8260427263479145	115.17962648073832
265	26500	982	1000	3503.233995305898	0.0002853690710550584	0	982	0.6850500000000038	0.8065173116089613	116.07048504749933
266	26600	982	1000	3785.180725321638	0.00026411840124590183	0	982	0.6831500000000028	0.7993890020366599	117.05596619844437
267	26700	982	1000	3854.516307666845	0.0002593686344968794	0	982	0.6828000000000021	0.8217922606924644	117.99014139572779
268	26800	982	1000	3315.8859283582647	0.00030148760662835423	0	982	0.6823000000000018	0.8289205702647657	118.79161851803461
269	26900	985	1000	3298.4886167735835	0.0003030772692823694	0	985	0.6818000000000018	0.8324873096446701	119.61314704815547
270	27000	985	1000	3414.70419481373	0.00029276539857238235	0	985	0.6818000000000018	0.8375634517766497	120.25434121290843
271	27100	985	1000	3332.9652075729323	0.0002999431420965494	0	985	0.6816000000000024	0.8324873096446701	120.9749648809433
272	27200	984	1000	3236.0285437786906	0.00030892529567646843	0	984	0.6822500000000026	0.8353658536585366	121.78420809904735
273	27300	982	1000	4651.8098815856265	0.00021492389017606088	0	982	0.683400000000003	0.8228105906313645	122.60978591442108
274	27400	982	1000	2945.9765932693053	0.0003393308254581771	0	982	0.6838500000000031	0.8421588594704684	123.311201496919
275	27500	982	1000	10387.69094899201	9.625851850920905e-05	0	982	0.6844000000000032	0.8574338085539714	124.04024974902471
276	27600	982	1000	3819.7456566481574	0.00026172901571188973	0	982	0.6826000000000033	0.8584521384928717	124.94063871701559
277	27700	982	1000	3859.9498707639164	0.0002590036217699306	0	982	0.681350000000003	0.840122199592668	125.85147663354874
278	27800	979	1000	3194.1015710148827	0.0003129790955854849	0	979	0.6798500000000012	0.8192032686414709	126.85498299598694
279	27900	979	1000	3291.684343377284	0.0003037035730471226	0	979	0.6794500000000009	0.8304392236976507	127.59229642947516
280	28000	980	1000	3416.2038181699013	0.00029263691989421764	0	980	0.6771000000000006	0.8061224489795918	128.5317281484604
281	28100	980	1000	3336.8785447960804	0.0002995914880003798	0	980	0.6764500000000009	0.8071428571428572	129.3608645002047
282	28200	983	1000	3226.5569686962813	0.0003098318665476364	0	983	0.6766000000000012	0.8138351983723296	130.09338030020396
283	28300	986	1000	3255.2532554539052	0.00030710142042087726	0	986	0.6775000000000023	0.8062880324543611	130.95689179499945
284	28400	987	1000	2954.4840741978096	0.00033835404789701813	0	987	0.6780000000000027	0.8054711246200608	131.84840269883475
285	28500	988	1000	3479.801416308074	0.000287290161201053	0	988	0.6802500000000029	0.7813765182186235	132.83482284943264
286	28600	987	1000	3794.335911545269	0.0002634812894842951	0	987	0.6803000000000031	0.7821681864235056	133.81967200040816
287	28700	990	1000	3859.0613199110894	0.000259063242037573	0	990	0.6802000000000031	0.7929292929292929	134.6834805806478
288	28800	990	1000	61942.349118428385	1.6143783218568273e-05	0	990	0.6800000000000037	0.7888888888888889	135.6435112833977
289	28900	988	1000	19052.564877405028	5.248361692072993e-05	0	988	0.6800000000000037	0.7894736842105263	136.38861374855043
290	29000	988	1000	3590.112373756285	0.0002784652486254573	0	988	0.6768500000000035	0.7692307692307693	137.54742144743602
291	29100	988	1000	3328.310403117018	0.0003003625012145953	0	988	0.6760500000000037	0.7621457489878543	138.4131523489952
292	29200	988	1000	3215.229113530574	0.00031092312291839893	0	988	0.676550000000004	0.7540485829959515	139.29238773187
293	29300	988	1000	3234.3141382806266	0.0003090889963876705	0	988	0.6773500000000038	0.7479757085020243	140.2473642150561
294	29400	989	1000	2954.901650047383	0.0003383062491216411	0	989	0.677850000000004	0.7421638018200202	141.1177490154902
295	29500	985	1000	3483.6379409971773	0.00028697385981908815	0	985	0.6781500000000039	0.7695431472081218	141.92814591328303
296	29600	985	1000	3783.532261130384	0.0002642334457736436	0	985	0.6783000000000046	0.7918781725888325	142.7716306289037
297	29700	986	1000	3858.03475156251	0.00025913215723053634	0	986	0.6782500000000047	0.8022312373225152	143.54404288132986
298	29800	985	1000	3193.3684064796516	0.00031305092987131324	0	985	0.6779500000000047	0.8182741116751269	144.32864772876104
299	29900	986	1000	3282.898458732053	0.00030451611478453275	0	986	0.6780000000000049	0.7809330628803245	145.3356320619583
300	30000	982	1000	3443.09114557208	0.0002903523622728908	0	982	0.6767500000000046	0.8024439918533605	146.22513966560365
301	30100	983	1000	3343.439519542497	0.000299003762560728	0	983	0.6741000000000048	0.7924720244150559	154.98532756567002
302	30200	983	1000	3201.151620736743	0.0003122900219727642	0	983	0.673950000000005	0.8036622583926755	155.71545782883962
303	30300	983	1000	3257.4711210475425	0.0003068923930430653	0	983	0.6746500000000054	0.8118006103763988	156.54950749874115
304	30400	983	1000	2959.286251598603	0.0003378051698412556	0	983	0.6753000000000057	0.8168870803662258	157.30354709625243
305	30500	984	1000	3516.1743241341483	0.00028431914595139615	0	984	0.6772000000000057	0.7997967479674797	158.20279734929403
306	30600	984	1000	3780.9736708242353	0.0002644122056465988	0	984	0.6779500000000059	0.801829268292683	159.06167673269908
307	30700	984	1000	3861.270460930396	0.00025891506307383416	0	984	0.6777500000000061	0.8048780487804879	159.8012021501859
308	30800	984	1000	3189.793848296578	0.0003134016321781037	0	984	0.678150000000006	0.806910569105691	160.57335564692815
309	30900	983	1000	3301.1574356563783	0.0003028323208342813	0	983	0.678700000000006	0.8301119023397762	161.36950573126475
310	31000	985	1000	3413.2356804205792	0.00029289132139724344	0	985	0.6786500000000061	0.8203045685279188	162.2661728342374
311	31100	985	1000	3333.0154297574677	0.00029993862388115727	0	985	0.6777000000000057	0.8395939086294416	163.10252786477406
312	31200	985	1000	3258.4832096145215	0.0003067971011632435	0	985	0.6760500000000056	0.8213197969543147	164.00241936445235
313	31300	983	1000	3260.405804819241	0.0003066162446029692	0	983	0.6761500000000059	0.8189216683621566	164.92462701797484
314	31400	983	1000	2971.9002319712135	0.00033637186651801605	0	983	0.676750000000006	0.8209562563580874	165.6737825314204
315	31500	983	1000	8871.991758306098	0.00011270155853169702	0	983	0.6774500000000063	0.8209562563580874	166.52403051455815
316	31600	983	1000	3809.2335308516226	0.0002624511048740077	0	983	0.6780000000000072	0.8199389623601221	167.3939349969228
317	31700	981	1000	3864.9691993598653	0.0002586673479358247	0	981	0.6778500000000071	0.817533129459735	168.21689836184183
318	31800	981	1000	3195.8829958229203	0.0003128046917283523	0	981	0.678200000000007	0.8216106014271152	168.99606424570084
319	31900	981	1000	3321.9853234371913	0.0003009342210893762	0	981	0.6790500000000069	0.8083588175331294	169.86153599818547
320	32000	977	1000	3427.056388183808	0.0002917104874490709	0	977	0.6790500000000064	0.8382804503582395	170.56890519857407
321	32100	977	1000	3340.1990576357075	0.00029929375135991386	0	977	0.6790000000000064	0.8474923234390993	171.25310192902882
322	32200	977	1000	3213.978416006951	0.0003110440788719242	0	977	0.6786000000000061	0.8526100307062436	172.05281146367392
323	32300	975	1000	3234.9624299442953	0.0003090270735983836	0	975	0.6782500000000059	0.8656410256410256	172.8354296485583
324	32400	975	1000	2957.0479661480867	0.00033806077908269376	0	975	0.678500000000006	0.8676923076923077	173.53815836509068
325	32500	975	1000	3922.716555907395	0.0002548604074100202	0	975	0.6789500000000059	0.8830769230769231	174.2385298013687
326	32600	975	1000	4881.219993303098	0.0002048248545480728	0	975	0.6795000000000062	0.8902564102564102	174.95071334838866
327	32700	977	1000	24924.6040913107	4.01193887352407e-05	0	977	0.6806000000000061	0.8628454452405322	175.85556156635283
328	32800	978	1000	3197.7856676043357	0.000312618632166415	0	978	0.6816000000000066	0.843558282208589	176.6632894953092
329	32900	980	1000	3317.978921330573	0.0003012974844682357	0	980	0.6819000000000073	0.8510204081632653	177.3789006312688
330	33000	982	1000	3424.6654621584694	0.0002919140853204949	0	982	0.6828000000000075	0.824847250509165	178.17947486639022
331	33100	982	1000	4883.301543118024	0.00020473756404515995	0	982	0.6831000000000076	0.8187372708757638	178.89853008190792
332	33200	982	1000	3203.439863766176	0.0003120670202949918	0	982	0.6827500000000077	0.8309572301425662	179.5972415645917
333	33300	982	1000	3240.5264695755604	0.0003084966324926966	0	982	0.6830500000000078	0.8391038696537678	180.26907186110813
334	33400	981	1000	2967.2047126454368	0.00033690398635232333	0	981	0.6839000000000077	0.817533129459735	181.1253391822179
335	33500	982	1000	3507.597021694266	0.00028501420762111636	0	982	0.6843000000000075	0.8197556008146639	181.81310937801996
336	33600	983	1000	3794.1682448235233	0.0002634929298230625	0	983	0.6846500000000073	0.82706002034588	182.50375678141913
337	33700	983	1000	4055.3184744795954	0.0002465289661774634	0	983	0.6846500000000073	0.8596134282807731	183.16205578247707
338	33800	984	1000	3221.1950488817447	0.0003103474447790017	0	984	0.6852500000000071	0.8658536585365854	184.05873676141104
339	33900	982	1000	2262303.2375177904	4.4202719661490096e-07	0	982	0.6855000000000072	0.8706720977596741	184.8636790474256
340	34000	984	1000	3439.7122413996267	0.00029063749882007455	0	984	0.6867000000000073	0.8536585365853658	185.80007198254268
341	34100	984	1000	3333.490672952133	0.0002998958755865007	0	984	0.687350000000007	0.8465447154471545	186.59705181519192
342	34200	982	1000	3220.600192116256	0.00031040474930661834	0	982	0.6872500000000067	0.8564154786150713	187.29114001592
343	34300	983	1000	3227.6377962137935	0.00030972814639433844	0	983	0.6886000000000064	0.8382502543234995	188.20659784873325
344	34400	984	1000	2948.9268594221153	0.00033899145560371553	0	984	0.6889500000000063	0.8516260162601627	188.98616110086442
345	34500	985	1000	3487.1213192912437	0.00028668727617627455	0	985	0.6904500000000054	0.8040609137055837	190.11558554967243
346	34600	985	1000	3788.7009323886814	0.0002638730648778903	0	985	0.6905500000000053	0.8	190.92257381677626
347	34700	984	1000	3866.2888006893554	0.0002585790851259278	0	984	0.6907000000000051	0.7967479674796748	191.71510936816534
348	34800	983	1000	3203.7473169563746	0.00031203708158486704	0	983	0.6912000000000053	0.7985757884028484	192.62540211677552
349	34900	985	1000	3345.5682595756034	0.0002988135673428085	0	985	0.6913500000000053	0.7969543147208121	193.47231713136037
350	35000	984	1000	3885.5246166319234	0.000257299283714972	0	984	0.6917500000000052	0.7926829268292683	194.50133517980575
351	35100	984	1000	3350.870746068878	0.0002983408597043351	0	984	0.6923000000000049	0.7926829268292683	195.33948199748994
352	35200	984	1000	3394.297103951726	0.0002945250354780787	0	984	0.6934500000000045	0.7642276422764228	196.26301729679108
353	35300	985	1000	3249.105970208348	0.0003076822753369777	0	985	0.6941500000000047	0.750253807106599	197.27648649613062
354	35400	985	1000	2955.3715915708726	0.00033825247233844796	0	985	0.694700000000005	0.7461928934010152	198.17556394735973
355	35500	985	1000	3472.5195393100903	0.0002878924355204922	0	985	0.6953000000000047	0.7685279187817259	199.15284285147985
356	35600	985	1000	3855.855734915709	0.0002592785597208382	0	985	0.6964000000000037	0.7634517766497462	200.0624637802442
357	35700	987	1000	3862.9771542409944	0.0002588007019923572	0	987	0.6964500000000038	0.7659574468085106	200.86094224850336
358	35800	986	1000	625673.88496702	1.5982741580760607e-06	0	986	0.6967000000000041	0.7728194726166329	201.81415369908015
359	35900	986	1000	3251.430787435561	0.00030746234596692784	0	986	0.6967000000000043	0.7718052738336714	202.71027561426163
360	36000	986	1000	3456.7047066135724	0.0002892091965190937	0	986	0.6967500000000046	0.7890466531440162	203.63245329856872
361	36100	986	1000	4324.609600135854	0.00023118128829023154	0	986	0.6968000000000045	0.795131845841785	204.4998283982277
362	36200	986	1000	3271.9458796552512	0.00030553514685838093	0	986	0.6969500000000045	0.8103448275862069	205.29263617992402
363	36300	986	1000	4475.224595285518	0.00022340255246647528	0	986	0.6973000000000045	0.8245436105476673	206.14912772973378
364	36400	986	1000	2960.6016377308783	0.00033765513472844397	0	986	0.6976000000000047	0.8194726166328601	207.06283111572264
365	36500	986	1000	3452.5233588249844	0.0002895593560833006	0	986	0.6982000000000048	0.8296146044624746	207.91973642905552
366	36600	986	1000	3674.5922962619757	0.0002720649950803808	0	986	0.699050000000004	0.834685598377282	208.81712884902953
367	36700	986	1000	27300.173981354343	3.6628461497038984e-05	0	986	0.701350000000003	0.8133874239350912	209.77314816315968
368	36800	986	1000	3196.956435914418	0.0003126996943327847	0	986	0.7020000000000025	0.8022312373225152	210.7097850481669
369	36900	985	1000	3291.772684948593	0.00030369542500490343	0	985	0.7022500000000023	0.7898477157360406	211.74450581471126
370	37000	985	1000	3421.060196307137	0.00029222162750939753	0	985	0.7023500000000031	0.782741116751269	212.7440464814504
371	37100	986	1000	3331.864339935556	0.0003000422153454154	0	986	0.7022000000000036	0.7738336713995944	213.68270403544108
372	37200	984	1000	3198.425210575502	0.0003125561418640329	0	984	0.7028000000000036	0.7479674796747967	214.74639391501745
373	37300	980	1000	3377.845496550687	0.0002959590786322889	0	980	0.7029500000000032	0.7591836734693878	215.61318771441776
374	37400	981	1000	3276.9286148579404	0.00030507070699077387	0	981	0.7030000000000036	0.7573904179408767	216.58002054691315
375	37500	982	1000	3452.8568860213677	0.00028953139432246107	0	982	0.7030000000000036	0.7596741344195519	217.49683756430943
376	37600	981	1000	3778.3146344516704	0.0002645982398195029	0	981	0.7035000000000035	0.7553516819571865	218.55524731874465
377	37700	977	1000	3864.155723124965	0.00025872178810728576	0	977	0.704250000000003	0.7707267144319345	219.4720746477445
378	37800	975	1000	4620.778849967969	0.00021636690816717258	0	975	0.7061000000000031	0.7712820512820513	220.48554264704387
379	37900	975	1000	3289.6129015908796	0.00030389475453540586	0	975	0.7059000000000037	0.7876923076923077	221.33910268147787
380	38000	977	1000	3420.5677496258054	0.000292263685297292	0	977	0.7058000000000043	0.797338792221085	222.26426643133163
381	38100	976	1000	3329.6224631305117	0.0003002441768978169	0	976	0.7056000000000046	0.8012295081967213	223.24527788162231
382	38200	978	1000	3214.6757046926473	0.00031097663192239703	0	978	0.7053000000000047	0.8241308793456033	224.07190744876863
383	38300	979	1000	3234.9988350043927	0.0003090235970368149	0	979	0.7051500000000049	0.8100102145045965	225.0026306827863
384	38400	979	1000	2954.984486649675	0.0003382967686455635	0	979	0.7052500000000052	0.7967313585291114	225.99285793304443
385	38500	982	1000	8625.136541370854	0.00011592675297962318	0	982	0.7050000000000055	0.7647657841140529	227.2093622326851
386	38600	982	1000	3831.216299542778	0.00026094560479775376	0	982	0.7051500000000052	0.7739307535641547	228.21120194991428
387	38700	981	1000	3903.9787421056485	0.0002560833402797933	0	981	0.7054000000000049	0.7747196738022426	229.08189309835433
388	38800	984	1000	3694.115375044532	0.00027062754433965366	0	984	0.7072000000000036	0.7601626016260162	230.2125102798144
389	38900	984	1000	3294.6330677170554	0.00030343183826976166	0	984	0.7084500000000037	0.7428861788617886	231.27396346330642
390	39000	982	1000	3416.7085492549327	0.000292593702941113	0	982	0.7079500000000044	0.7352342158859471	232.33251125017802
391	39100	982	1000	3338.488053682852	0.0002994470960592839	0	982	0.7079000000000044	0.7382892057026477	233.34448167880376
392	39200	980	1000	3228.1470303208043	0.0003096793024939015	0	980	0.7074500000000041	0.7214285714285714	234.57831189632415
393	39300	982	1000	3237.5440171918467	0.0003087807343952989	0	982	0.7073500000000041	0.730142566191446	235.53281238079072
394	39400	982	1000	2952.8210815091034	0.00033854454024314203	0	982	0.7075500000000039	0.7464358452138493	236.4758866985639
395	39500	983	1000	3507.6078789720164	0.00028501332565353217	0	983	0.7075500000000039	0.7670396744659207	237.500828397274
396	39600	983	1000	3779.0985590242703	0.00026454336689520677	0	983	0.7076000000000038	0.7833163784333672	238.37445061604183
397	39700	984	1000	10515.033810063136	9.50928855937176e-05	0	984	0.7093000000000024	0.7398373983739838	239.62980364561082
398	39800	984	1000	3235.5751914923867	0.00030896856733889116	0	984	0.7100500000000023	0.7530487804878049	240.67005534569424
399	39900	984	1000	3343.221543292817	0.00029902325161609096	0	984	0.7111000000000025	0.766260162601626	241.62089236577353
400	40000	984	1000	7206.06980380007	0.00013875264528071175	0	984	0.7116000000000026	0.7774390243902439	242.55775289932888
401	40100	984	1000	9973.720207645038	0.00010025343861109595	0	984	0.7117500000000032	0.7764227642276422	243.57398385206858
402	40200	983	1000	3264.305318583141	0.00030625007539384193	0	983	0.7111500000000041	0.7873855544252288	244.64438266356785
403	40300	982	1000	3858.4781456024443	0.0002591023869741087	0	982	0.7107000000000043	0.7810590631364562	245.7617234826088
404	40400	983	1000	30243.696115333758	3.306364845547283e-05	0	983	0.7102000000000046	0.7568667344862665	247.1173057158788
405	40500	983	1000	4105.450763936305	0.00024351929622101054	0	983	0.7101500000000046	0.768056968463886	248.0975080649058
406	40600	983	1000	3752.8605074640386	0.0002663924240156598	0	983	0.7103500000000045	0.7619532044760936	249.09299831390382
407	40700	983	1000	3893.175928878208	0.0002567937397445906	0	983	0.7111000000000038	0.785350966429298	250.08637713193895
408	40800	981	1000	3198.662105819736	0.00031253300096317684	0	981	0.7121500000000031	0.7747196738022426	251.18709994554519
409	40900	982	1000	3312.353970938139	0.0003018089853275958	0	982	0.7126500000000027	0.7739307535641547	252.16855053106943
410	41000	983	1000	3417.1132556112484	0.0002925590596971526	0	983	0.7141000000000022	0.7527975584944049	253.36511241197587
411	41100	983	1000	3328.995092069938	0.00030030074289941254	0	983	0.7140000000000025	0.7639877924720244	254.27661048173906
412	41200	986	1000	3213.8724159610138	0.00031105433454691936	0	986	0.7135000000000037	0.7626774847870182	255.43975066343944
413	41300	986	1000	4815.27696500474	0.0002076292553908423	0	986	0.7134000000000039	0.7768762677484787	256.43239059845604
414	41400	989	1000	2947.6593436656335	0.00033913717505150914	0	989	0.7124000000000045	0.7522750252780587	258.2572731018066
415	41500	989	1000	3457.6856974185284	0.00028912716779855817	0	989	0.7123500000000045	0.7583417593528817	259.245418047905
416	41600	989	1000	3780.24850833757	0.0002644629142451288	0	989	0.7122500000000046	0.7623862487360971	260.2598679343859
417	41700	989	1000	3865.6751732495923	0.00025862012069650784	0	989	0.7124500000000041	0.7644084934277048	261.34408844709395
418	41800	987	1000	3204.82292627709	0.0003119323877196474	0	987	0.7131500000000034	0.7801418439716312	262.3740440328916
419	41900	986	1000	3575.762815470113	0.00027958241896131004	0	986	0.7138500000000029	0.7799188640973631	263.4184619983037
420	42000	986	1000	191373529.0738569	5.225383048606929e-09	0	986	0.7146500000000028	0.795131845841785	264.50714025100075
421	42100	988	1000	3447.077226646208	0.00029001670620140246	0	988	0.7153000000000042	0.7459514170040485	266.16799768209455
422	42200	987	1000	4025.3740175947655	0.00024836242128280223	0	987	0.7152000000000042	0.7700101317122594	267.13995612859725
423	42300	986	1000	22649647236.51125	4.415079800200369e-11	0	986	0.7147000000000048	0.7626774847870182	268.2591076652209
424	42400	986	1000	11925625871.204788	8.385304140143395e-11	0	986	0.7146000000000049	0.8286004056795132	269.2363766471545
425	42500	986	1000	3489.7119960387977	0.00028647450753163927	0	986	0.7142500000000055	0.8194726166328601	270.2745534976323
426	42600	984	1000	3773.9718475867567	0.0002649026377876896	0	984	0.7139000000000053	0.7967479674796748	271.54579149882
427	42700	982	1000	3872.6058309932764	0.0002581573974302848	0	982	0.7142500000000049	0.7932790224032586	272.68528590202334
428	42800	983	1000	3218.181029167322	0.0003106380135008007	0	983	0.7155000000000037	0.7792472024415056	273.81086861689886
429	42900	982	1000	3286.7899466207186	0.0003041556839809148	0	982	0.7164500000000025	0.7718940936863544	274.92286893129346
430	43000	983	1000	691231.2220754664	1.4466918179789705e-06	0	983	0.7178000000000015	0.757884028484232	276.17125656604765
431	43100	985	1000	3337.799261806639	0.0002995088717789208	0	985	0.717950000000002	0.7979695431472081	277.28098102807996
432	43200	985	1000	3209.083973958951	0.00031151833039642083	0	985	0.7178500000000025	0.7898477157360406	278.36512697935103
433	43300	985	1000	3221.0267571780196	0.00031036365473135927	0	985	0.7178000000000029	0.7939086294416243	279.40447574853897
434	43400	985	1000	2990.480524191677	0.0003342826376147671	0	985	0.7176000000000041	0.7746192893401015	280.57944070100785
435	43500	985	1000	3464.016953006833	0.00028859887658911205	0	985	0.7173000000000043	0.7746192893401015	281.6404237826665
436	43600	987	1000	3772.5721511518204	0.0002650008956883908	0	987	0.7168500000000047	0.7760891590678825	282.9867869297663
437	43700	987	1000	3855.498256139125	0.0002593025935920259	0	987	0.7162500000000048	0.7740628166160081	284.14275078376136
438	43800	987	1000	3173.4846855380433	0.00031501175751632584	0	987	0.7162000000000046	0.7720364741641338	285.3627685149511
439	43900	986	1000	3294.2791178921957	0.000303464430242147	0	986	0.7165000000000042	0.781947261663286	286.3497297843297
440	44000	986	1000	3448.8689890902106	0.0002898660798895198	0	986	0.7174500000000033	0.7910750507099391	287.44915484984716
441	44100	986	1000	3331.7406374643424	0.00030005335211468257	0	986	0.7173500000000038	0.7900608519269777	288.60826613108316
442	44200	988	1000	6520.412024210585	0.00015334102434986843	0	988	0.7172500000000044	0.7904858299595142	289.71297391255695
443	44300	988	1000	3689.3655772103375	0.0002709758637939418	0	988	0.7172500000000044	0.8036437246963563	290.6213358004888
444	44400	986	1000	2938.633255462536	0.00034017848932065345	0	986	0.716700000000005	0.808316430020284	291.8112587809563
445	44500	986	1000	3749.7911052265786	0.0002666104221604183	0	986	0.7165500000000058	0.8042596348884381	292.8325422644615
446	44600	989	1000	81564.06163988537	1.2260151342924986e-05	0	989	0.7156000000000072	0.7997977755308392	294.22337496678034
447	44700	989	1000	562765.4220794543	1.776936151067689e-06	0	989	0.7150500000000076	0.788675429726997	295.47433863083523
448	44800	990	1000	14946.30735180115	6.690168178548225e-05	0	990	0.7143500000000075	0.7787878787878788	296.74608914852143
449	44900	990	1000	3296.7555837860773	0.00030323654212478747	0	990	0.7142500000000074	0.7787878787878788	297.6702856818835
450	45000	992	1000	3416.564740084279	0.00029260601511687514	0	992	0.7145500000000067	0.7721774193548387	298.7867688655853
451	45100	992	1000	3331.617171517287	0.0003000644684143892	0	992	0.7151000000000057	0.7741935483870968	299.82826916774115
452	45200	992	1000	3207.717616934666	0.0003116509831598439	0	992	0.7151000000000054	0.7641129032258065	300.9502158800761
453	45300	992	1000	3248.2739326095943	0.00030776106316061463	0	992	0.7153500000000058	0.751008064516129	301.9437148650487
454	45400	990	1000	2944.0500055423086	0.00033955280831160544	0	990	0.715250000000006	0.7616161616161616	302.9291273991267
455	45500	990	1000	3461.9825589967695	0.0002887684194082979	0	990	0.7147500000000061	0.7555555555555555	304.1150125145912
456	45600	990	1000	3804.053818758389	0.00026280837213658805	0	990	0.7145500000000063	0.7898989898989899	305.0985710501671
457	45700	990	1000	3868.2466323830063	0.0002584482445834982	0	990	0.7144000000000065	0.8090909090909091	306.0633247653643
458	45800	992	1000	3209.0574643970026	0.0003115209030028521	0	992	0.7138000000000068	0.8145161290322581	307.33440914551414
459	45900	990	1000	3297.931666052394	0.0003031284370908572	0	990	0.7134000000000065	0.802020202020202	308.41425613164904
460	46000	990	1000	3417.2490042194827	0.0002925474413261296	0	990	0.713850000000006	0.8131313131313131	309.41383538246157
461	46100	990	1000	3338.596624706013	0.00029943736096811716	0	990	0.7147000000000048	0.8080808080808081	310.46298853158953
462	46200	986	1000	3220.0509857742827	0.0003104576749689723	0	986	0.7153000000000044	0.8275862068965517	311.3912775794665
463	46300	987	1000	3218.7017509160037	0.0003105877740742603	0	987	0.7155000000000042	0.8328267477203647	312.2846994479497
464	46400	987	1000	2953.055875198496	0.0003385176321124277	0	987	0.715400000000004	0.8297872340425532	313.23531124989194
465	46500	987	1000	3449.1372092371666	0.0002898435451560207	0	987	0.7151000000000041	0.8338399189463019	314.2718300143878
466	46600	987	1000	3778.7363010903396	0.00026456872129188756	0	987	0.7151000000000041	0.8389057750759878	315.16908813317616
467	46700	987	1000	3862.3549911814343	0.0002588423798182198	0	987	0.7146500000000046	0.8206686930091185	316.29753281672794
468	46800	987	1000	3213.6492816211203	0.0003110759253636865	0	987	0.7143000000000054	0.8338399189463019	317.4775628487269
469	46900	987	1000	3289.6072693835767	0.0003038952746820279	0	987	0.7137000000000061	0.8247213779128673	318.5879430492719
470	47000	988	1000	3791.6803974731592	0.00026366577069511087	0	988	0.7131500000000065	0.7995951417004049	319.93523534933723
471	47100	988	1000	3384.6451207780997	0.00029536468363529394	0	988	0.713650000000006	0.805668016194332	321.00698775053024
472	47200	989	1000	3228.886892214228	0.0003096083650515875	0	989	0.714300000000005	0.7876643073811931	322.1288945674896
473	47300	989	1000	3246.6261055857935	0.00030791721937449573	0	989	0.7150500000000043	0.7694641051567239	323.24807159900666
474	47400	989	1000	2959.416865954955	0.00033779026578995843	0	989	0.7150000000000042	0.7795753286147624	324.1650028149287
475	47500	989	1000	12502.940171045168	7.997479085157946e-05	0	989	0.7147500000000051	0.7613751263902933	325.4339768330256
476	47600	989	1000	3771.0041867071386	0.00026511105250733404	0	989	0.7144500000000059	0.7522750252780587	326.6474272966385
477	47700	991	1000	11793.090106426318	8.478822791553237e-05	0	991	0.7138500000000064	0.7376387487386479	328.09943556785583
478	47800	989	1000	3209.2277121031498	0.00031150438214392576	0	989	0.713800000000006	0.7583417593528817	329.1618213971456
479	47900	990	1000	3299.3584079685206	0.00030299739494521537	0	990	0.7134500000000061	0.7484848484848485	330.6035917321841
480	48000	990	1000	3416.6018382521756	0.00029260283887002427	0	990	0.7130000000000061	0.7747474747474747	331.7112633307775
481	48100	992	1000	37323175.07701977	2.679300384127034e-08	0	992	0.712350000000006	0.7560483870967742	343.89998743136726
482	48200	993	1000	22356306.987439636	4.473010483492294e-08	0	993	0.7130500000000052	0.7512588116817724	345.1189922650655
483	48300	994	1000	3227.3580622229724	0.0003097549840278322	0	994	0.7139500000000045	0.755533199195171	346.24658122857414
484	48400	994	1000	2948.341030274398	0.00033905878965341724	0	994	0.7142000000000046	0.7404426559356136	347.3627153833707
485	48500	996	1000	4055.56907160043	0.0002465137366946083	0	996	0.7147000000000049	0.7339357429718876	348.5672868291537
486	48600	996	1000	3775.3438427632764	0.00026480639518997474	0	996	0.7145000000000052	0.7429718875502008	349.6491540471713
487	48700	996	1000	3877.3689065205836	0.0002578403509575199	0	996	0.7145000000000049	0.751004016064257	350.8968784968058
488	48800	996	1000	3211.203688784819	0.0003113127612334887	0	996	0.7144000000000047	0.75	351.8789791981379
489	48900	997	1000	3292.6285029572664	0.00030361651264012473	0	997	0.7140500000000047	0.7562688064192578	353.0515986641248
490	49000	996	1000	3450.9595696888146	0.00028969053078745864	0	996	0.7137500000000047	0.7540160642570282	354.09019591808317
491	49100	996	1000	3328.7112459218993	0.0003003263424793249	0	996	0.7133500000000049	0.7720883534136547	355.1372058312098
492	49200	996	1000	3193.467737843477	0.00031304119561247485	0	996	0.7129500000000049	0.7781124497991968	356.1691232164701
493	49300	996	1000	3250.8338771163044	0.0003075187841043069	0	996	0.7127000000000049	0.7740963855421686	357.25935139656065
494	49400	996	1000	2915.383820578186	0.0003428903949281085	0	996	0.7125500000000048	0.7821285140562249	358.2191507657369
495	49500	996	1000	3540.6135073818705	0.0002823571792674937	0	996	0.712200000000005	0.7911646586345381	359.26452432870866
496	49600	996	1000	3785.6938271283384	0.000264082612868217	0	996	0.711800000000006	0.7781124497991968	360.48298916816714
497	49700	996	1000	4294.2494698812825	0.00023281534798202054	0	996	0.7119000000000066	0.7821285140562249	361.7541020949682
498	49800	996	1000	4215.845707409778	0.0002371440809994103	0	996	0.7122000000000067	0.7761044176706827	362.79395638306937
499	49900	996	1000	3292.552804462762	0.0003036234909138243	0	996	0.7121500000000072	0.7911646586345381	363.80602253278096
500	50000	996	1000	3417.5060746417166	0.00029252544186419413	0	996	0.712050000000007	0.7981927710843374	364.73728944857913
