Epoch	Explore_Iteration	MacroPopSize	MicroPopSize	RMSE	Accuracy_Estimate	RuleCount	TreeCount	AveGenerality	ExpRules	Time(min)
1	100	1000	1000	76642.60597303319	1.3047402810768674e-05	0	1000	0.8699999999999997	0.0	1.128722067674001
2	200	1000	1000	12247.943871965568	8.163969158914364e-05	0	1000	0.8698499999999996	0.0	2.1570887168248496
3	300	1000	1000	7237.507435862102	0.00013815002731718554	0	1000	0.8694499999999994	0.0	3.141700247923533
4	400	999	1000	3204.7172820846367	0.0003119426674300214	0	999	0.8690499999999994	0.0	4.093259584903717
5	500	999	1000	3714.246383510343	0.00026916115292874656	0	999	0.8684999999999996	0.0	5.067761766910553
6	600	999	1000	74443.4288294552	1.343283863848161e-05	0	999	0.8686499999999994	0.0	6.072791771094004
7	700	997	1000	3433.0489743648363	0.00029120143814633876	0	997	0.8687999999999995	0.0	7.012520118554433
8	800	997	1000	3408.3220214368353	0.0002933134487479587	0	997	0.8691999999999994	0.0	7.962104149659475
9	900	997	1000	3584.99506963841	0.0002788626254583317	0	997	0.8695499999999993	0.0	8.905811134974162
10	1000	997	1000	3675.7497816571354	0.00027197934572237693	0	997	0.8691999999999992	0.0	9.864987349510193
11	1100	998	1000	3499.4040020227108	0.00028568130976371563	0	998	0.8686999999999994	0.9338677354709419	9.997941168149312
12	1200	998	1000	3210.1473503661027	0.0003114151706199312	0	998	0.8686499999999994	0.93687374749499	10.12317731777827
13	1300	998	1000	3244.30042295531	0.00030813788237495657	0	998	0.8677499999999994	0.9398797595190381	10.246288549900054
14	1400	998	1000	3159.3856772498207	0.0003164170775733308	0	998	0.8675999999999994	0.9398797595190381	10.367792848745982
15	1500	998	1000	3802.7960806345513	0.00026289527061954893	0	998	0.8670999999999993	0.9398797595190381	10.491653784116108
16	1600	998	1000	3497.4945187495905	0.000285837235028001	0	998	0.8670499999999994	0.9428857715430862	10.612179398536682
17	1700	998	1000	3233.780693986302	0.00030913996793015193	0	998	0.8669999999999993	0.9408817635270541	10.733406547705332
18	1800	996	1000	3395.1817133633854	0.0002944483200251546	0	996	0.8669499999999993	0.9397590361445783	10.858239849408468
19	1900	996	1000	3420.291063437707	0.00029228732120651604	0	996	0.8668499999999992	0.9407630522088354	10.98108678261439
20	2000	996	1000	3629.1410685007263	0.00027547138833726014	0	996	0.8664499999999992	0.9387550200803213	11.106043235460918
21	2100	996	1000	3506.121714543354	0.0002851341018058181	0	996	0.8658999999999992	0.9347389558232931	11.234687236944835
22	2200	996	1000	3181.3146985485814	0.00031423667824432606	0	996	0.8656499999999991	0.9317269076305221	11.36449375152588
23	2300	996	1000	3263.594835249255	0.00030631672549455863	0	996	0.8652499999999992	0.9347389558232931	11.492286316553752
24	2400	996	1000	3127.3372569861954	0.00031965862944182327	0	996	0.865049999999999	0.929718875502008	11.626893452803294
25	2500	996	1000	3800.1209885511635	0.00026308028684484476	0	996	0.8643999999999988	0.9257028112449799	11.766546070575714
26	2600	996	1000	3499.0647693806163	0.00028570899851575133	0	996	0.8639999999999988	0.9226907630522089	11.90562674999237
27	2700	996	1000	3232.217413707559	0.000309289438984337	0	996	0.8640999999999986	0.9267068273092369	12.044711184501647
28	2800	996	1000	3398.82029215812	0.000294133193541599	0	996	0.8645999999999987	0.9267068273092369	12.215078401565552
29	2900	996	1000	3415.181074672968	0.0002927245301526443	0	996	0.8643499999999986	0.9327309236947792	12.348206933339437
30	3000	996	1000	3609.413727884218	0.0002769765670556604	0	996	0.8642999999999988	0.9367469879518072	12.479255867004394
31	3100	996	1000	3498.4502260133786	0.00028575917227410136	0	996	0.8636999999999988	0.9387550200803213	12.60823588371277
32	3200	996	1000	3172.6946613508194	0.00031509017303333464	0	996	0.8635499999999989	0.9397590361445783	12.734111185868581
33	3300	994	1000	3262.2901652196824	0.0003064391915429564	0	994	0.8634999999999988	0.9396378269617707	12.861992514133453
34	3400	995	1000	3117.286287421016	0.00032068896433080614	0	995	0.8629499999999989	0.9407035175879397	12.987917550404866
35	3500	995	1000	3795.3029571240704	0.0002634141719705006	0	995	0.8627999999999988	0.935678391959799	13.119468100865681
36	3600	994	1000	3488.8640304066957	0.00028654411498188476	0	994	0.8619999999999987	0.9366197183098591	13.249882086118062
37	3700	994	1000	3227.989283393965	0.00030969443136364576	0	994	0.8620999999999984	0.9346076458752515	13.379029568036398
38	3800	994	1000	3381.3457316589192	0.00029565280409981503	0	994	0.8623999999999986	0.9366197183098591	13.508745300769807
39	3900	994	1000	3412.718915300905	0.0002929356589723364	0	994	0.8621999999999985	0.9305835010060363	13.640166354179382
40	4000	995	1000	3616.3025266657637	0.00027644909228030385	0	995	0.8617999999999987	0.9266331658291457	13.777737553914388
41	4100	995	1000	3501.1176615776853	0.00028554151991269915	0	995	0.8613999999999985	0.9296482412060302	13.915589718023936
42	4200	995	1000	3178.726713961933	0.00031449243597227324	0	995	0.8615999999999985	0.928643216080402	14.050691266854605
43	4300	995	1000	3263.182885505798	0.0003063553835909063	0	995	0.8618999999999987	0.9276381909547738	14.185774834950765
44	4400	996	1000	3115.32193682919	0.0003208911082586945	0	996	0.8616499999999988	0.9267068273092369	14.324579548835754
45	4500	996	1000	3800.3315304608536	0.00026306571578584866	0	996	0.8621499999999988	0.9246987951807228	14.46854331890742
46	4600	996	1000	3489.165665974714	0.0002865193505709207	0	996	0.8619999999999985	0.9257028112449799	14.60823582013448
47	4700	997	1000	3226.6298424091074	0.00030982487113627585	0	997	0.8617499999999985	0.9207622868605817	14.75171374877294
48	4800	998	1000	3385.5689858941587	0.0002952841073562153	0	998	0.8620999999999985	0.9108216432865731	14.903740084171295
49	4900	998	1000	3409.8590791516413	0.00029318127099191765	0	998	0.8620999999999988	0.905811623246493	15.06131511926651
50	5000	997	1000	3620.176280737712	0.0002761533608069139	0	997	0.8621999999999985	0.9077231695085256	15.220927449067434
51	5100	996	1000	3495.790832039549	0.0002859764990337546	0	996	0.8617499999999985	0.9086345381526104	15.377730997403463
52	5200	996	1000	3181.219460581955	0.0003142460827692641	0	996	0.8619999999999985	0.9136546184738956	15.526476132869721
53	5300	996	1000	3264.7303412231786	0.00030621021808721974	0	996	0.8616999999999986	0.9166666666666666	15.674915234247843
54	5400	995	1000	3116.9859722318542	0.0003207198521435938	0	995	0.8615999999999986	0.9216080402010051	15.82178121805191
55	5500	992	1000	3802.7538909276795	0.00026289818654805626	0	992	0.8618499999999985	0.9274193548387096	15.96345035235087
56	5600	990	1000	3490.511945575112	0.00028640887259954165	0	990	0.8619499999999983	0.9282828282828283	16.102520302931467
57	5700	990	1000	3225.310589549263	0.00030995155991466605	0	990	0.8614499999999986	0.9272727272727272	16.2435648838679
58	5800	986	1000	3388.297105438477	0.0002950464267046394	0	986	0.8619499999999983	0.9330628803245437	16.383319385846455
59	5900	986	1000	3407.634829385056	0.00029337258170902624	0	986	0.8624999999999984	0.9391480730223124	16.51592200199763
60	6000	986	1000	3619.109123591825	0.0002762347669254271	0	986	0.8618999999999988	0.934077079107505	16.647236851851144
61	6100	987	1000	3495.2175558592503	0.0002860233907138065	0	987	0.8616999999999988	0.9331306990881459	16.778095535437267
62	6200	987	1000	3171.7170340550333	0.0003151872635555857	0	987	0.8618499999999991	0.9260385005065856	16.91837925116221
63	6300	987	1000	3263.429904254655	0.00030633220174115615	0	987	0.8617999999999991	0.9159067882472138	17.0681911667188
64	6400	987	1000	3118.2059762457093	0.0003205944101208746	0	987	0.861799999999999	0.9148936170212766	17.218636151154836
65	6500	986	1000	3803.302045070173	0.0002628603060831765	0	986	0.8612499999999987	0.90973630831643	17.37575038274129
66	6600	988	1000	3489.428961720078	0.00028649773737472126	0	988	0.8618499999999987	0.9048582995951417	17.53635449806849
67	6700	986	1000	3224.4130514401836	0.000310037810367726	0	986	0.8615499999999987	0.9066937119675457	17.69850378036499
68	6800	986	1000	3396.008338400506	0.0002943766692285641	0	986	0.8614999999999987	0.9107505070993914	17.852658983071645
69	6900	986	1000	3410.0855996737278	0.00029316180165506563	0	986	0.8618499999999989	0.9056795131845842	18.009648017088573
70	7000	986	1000	3613.8813086595833	0.0002766342556267235	0	986	0.8613999999999988	0.9066937119675457	18.171538019180296
71	7100	985	1000	3489.2808028572113	0.0002865098989116809	0	985	0.8611499999999989	0.8984771573604061	18.341037567456564
72	7200	985	1000	3165.456156496501	0.00031581046778378314	0	985	0.861099999999999	0.9055837563451776	18.495424803098043
73	7300	985	1000	3263.2190762240048	0.00030635198699861273	0	985	0.860449999999999	0.9096446700507614	18.654470352331796
74	7400	985	1000	3119.83215388693	0.00032042735741315704	0	985	0.860899999999999	0.9086294416243654	18.810714717706045
75	7500	985	1000	3801.5383472866342	0.00026298222625777514	0	985	0.8606499999999989	0.9086294416243654	18.971000548203786
76	7600	984	1000	3491.039623087385	0.0002863655937316883	0	984	0.860699999999999	0.907520325203252	19.12948933442434
77	7700	984	1000	3226.8614302512115	0.00030980264227828825	0	984	0.8611999999999992	0.9136178861788617	19.28066143592199
78	7800	984	1000	3398.724518518618	0.0002941414795678021	0	984	0.8610999999999991	0.9014227642276422	19.446738866964974
79	7900	982	1000	3410.3247948277135	0.00029314124574599594	0	982	0.8614999999999987	0.9012219959266803	19.60970580180486
80	8000	982	1000	3612.938520215399	0.0002767064227590672	0	982	0.8604999999999986	0.8971486761710794	19.782692233721416
81	8100	982	1000	3489.6857912228634	0.00028647665811527487	0	982	0.8591499999999986	0.8971486761710794	19.956518352031708
82	8200	983	1000	5817.385600029607	0.00017186898028809082	0	983	0.8589999999999985	0.8921668362156663	20.13748121658961
83	8300	984	1000	3248.864006392272	0.0003077051833655392	0	984	0.8583499999999984	0.8851626016260162	20.318240014712014
84	8400	986	1000	3122.8043656426967	0.00032012247981933346	0	986	0.8582999999999984	0.8833671399594321	20.497866666316988
85	8500	986	1000	3796.074139183651	0.0002633606728087206	0	986	0.8581499999999984	0.8843813387423936	20.68326294819514
86	8600	985	1000	3532.9738052688663	0.00028296757562523006	0	985	0.8572499999999984	0.8761421319796955	20.8728724360466
87	8700	983	1000	8067.1998474157945	0.00012394338500679245	0	983	0.8570999999999984	0.8708036622583927	21.068070618311562
88	8800	982	1000	3399.332650370291	0.0002940888738903535	0	982	0.8570999999999985	0.8747454175152749	21.265527300039928
89	8900	983	1000	3410.7559401828557	0.00029310420133580955	0	983	0.8570999999999984	0.8748728382502543	21.45656546751658
90	9000	981	1000	3613.7247132155617	0.00027664623984890595	0	981	0.8562999999999981	0.873598369011213	21.65355176925659
91	9100	981	1000	3490.8383377194186	0.0002863821011407755	0	981	0.8548499999999984	0.8766564729867482	21.848449432849883
92	9200	980	1000	3167.090250293171	0.00031564757345768835	0	980	0.8532499999999987	0.8683673469387755	22.04747503201167
93	9300	984	1000	4495.300471131509	0.00022240506532437027	0	984	0.8534999999999988	0.8607723577235772	22.254385566711427
94	9400	984	1000	3120.7478938171257	0.00032033336259490425	0	984	0.8532999999999987	0.8617886178861789	22.46001940170924
95	9500	984	1000	3802.9589430883407	0.00026288401503832336	0	984	0.8533499999999987	0.8638211382113821	22.666029715538023
96	9600	984	1000	3492.354038872401	0.00028625784528921785	0	984	0.8533999999999989	0.8709349593495935	22.86912339925766
97	9700	985	1000	3227.0368865126998	0.0003097858033091797	0	985	0.8533999999999985	0.8720812182741117	23.06156703631083
98	9800	984	1000	3397.6797260418625	0.00029423190197583294	0	984	0.8535499999999988	0.8689024390243902	23.266998449961346
99	9900	984	1000	3412.1541199395824	0.0002929841328166281	0	984	0.853749999999999	0.8546747967479674	23.481769335269927
100	10000	983	1000	3615.575376775279	0.00027650467522998245	0	983	0.8529999999999986	0.8453713123092573	23.706993850072227
101	10100	981	1000	3493.3336683188977	0.0002861775934755234	0	981	0.8505999999999982	0.8409785932721713	24.84621709982554
102	10200	981	1000	4568.0033240239145	0.0002188661134786178	0	981	0.8497499999999985	0.8460754332313966	25.071162497997285
103	10300	983	1000	3260.031259596756	0.00030665146096258377	0	983	0.8490999999999989	0.8555442522889115	25.289209067821503
104	10400	982	1000	3120.6561214038657	0.0003203427799569037	0	982	0.8488499999999987	0.8472505091649695	25.515899399916332
105	10500	982	1000	3802.92305111045	0.00026288649548472794	0	982	0.8491499999999986	0.8391038696537678	25.749068466822305
106	10600	982	1000	3491.4837479247412	0.00028632917779337046	0	982	0.8498999999999987	0.8329938900203666	25.981901820500692
107	10700	983	1000	3227.167709102547	0.0003097732491345708	0	983	0.8496499999999984	0.8219735503560529	26.227460316816966
108	10800	981	1000	3397.2389481899686	0.00029427006612723277	0	981	0.8491999999999991	0.8226299694189603	26.469308002789816
109	10900	981	1000	3410.061309500896	0.0002931638892607061	0	981	0.8484999999999991	0.836901121304791	26.70447923739751
110	11000	982	1000	3613.361706608523	0.00027667402467539245	0	982	0.8483999999999988	0.8472505091649695	26.93318674961726
111	11100	981	1000	3490.8322254993077	0.0002863826024335997	0	981	0.846349999999999	0.8277268093781855	27.18417044878006
112	11200	982	1000	3168.138255575923	0.0003155431916675	0	982	0.8428499999999995	0.814663951120163	27.449708616733552
113	11300	980	1000	3259.461351787223	0.0003067050616784185	0	980	0.8417499999999998	0.8193877551020409	27.697319587071735
114	11400	979	1000	3122.0109918329085	0.00032020380415411084	0	979	0.8408	0.8192032686414709	27.95567480325699
115	11500	979	1000	3785.183990692085	0.0002641181734586564	0	979	0.8421	0.8202247191011236	28.216597783565522
116	11600	979	1000	3502.444976482137	0.0002854333396736019	0	979	0.8423999999999999	0.832482124616956	28.45204288562139
117	11700	979	1000	3929740.6326977364	2.544696556331893e-07	0	979	0.8421000000000003	0.822267620020429	28.721345818042757
118	11800	978	1000	3392.672657244862	0.00029466601555255644	0	978	0.84245	0.8251533742331288	28.970632847150167
119	11900	976	1000	3411.193761833357	0.00029306659287211883	0	976	0.8435499999999999	0.8227459016393442	29.21885271867116
120	12000	973	1000	3612.737627960152	0.00027672180521984117	0	973	0.8433999999999998	0.8221993833504625	29.465978467464446
121	12100	973	1000	3491.3843908982035	0.0002863373237511266	0	973	0.8418499999999999	0.829393627954779	29.7373926003774
122	12200	974	1000	3167.646401581264	0.00031559217194476654	0	974	0.8395499999999999	0.824435318275154	29.99586083491643
123	12300	971	1000	3270.3544871868935	0.0003056837783605411	0	971	0.8387000000000001	0.8249227600411947	30.24165636698405
124	12400	973	1000	3121.514546807511	0.0003202547129916207	0	973	0.839	0.8365878725590956	30.46889615058899
125	12500	970	1000	3803.3056024465577	0.00026286006028456224	0	970	0.83905	0.8422680412371134	30.699799851576486
126	12600	967	1000	3484.168424613593	0.00028693017902309037	0	967	0.8395499999999998	0.8304033092037229	30.93351655403773
127	12700	965	1000	3225.3444996659528	0.0003099483022050303	0	965	0.8396000000000001	0.8569948186528498	31.150961049397786
128	12800	962	1000	3392.368522251564	0.00029469242537102366	0	962	0.8400000000000002	0.841995841995842	31.387988448143005
129	12900	962	1000	3411.468582122456	0.0002930429910003828	0	962	0.8396000000000002	0.841995841995842	31.613712616761525
130	13000	959	1000	3613.2566256905643	0.0002766820686975799	0	959	0.8392500000000002	0.8435870698644421	31.843096550305685
131	13100	960	1000	3490.228139383565	0.0002864321551259514	0	960	0.8381499999999996	0.8479166666666667	32.08145340283712
132	13200	966	1000	3164.777371433832	0.0003158781817772245	0	966	0.8319499999999996	0.8281573498964804	32.34801189899444
133	13300	966	1000	3269.1627076033083	0.00030579518189567293	0	966	0.8303000000000001	0.8209109730848861	32.597362200419106
134	13400	965	1000	3122.425407396466	0.0003201613195666327	0	965	0.8304499999999998	0.8155440414507772	32.84657605091731
135	13500	966	1000	3802.5525864851415	0.00026291210053285967	0	966	0.8313	0.8126293995859213	33.11223578453064
136	13600	966	1000	3484.0798703021414	0.0002869374697898399	0	966	0.8318500000000002	0.8146997929606625	33.36322823365529
137	13700	963	1000	3222.507596042164	0.0003102210775702232	0	963	0.8328500000000001	0.8016614745586709	33.625125698248546
138	13800	964	1000	3391.351253716398	0.000294780795150407	0	964	0.83335	0.8174273858921162	33.8840354681015
139	13900	963	1000	3411.6638379776473	0.0002930262245204328	0	963	0.8329	0.8265835929387332	34.12830585241318
140	14000	963	1000	3611.373135300522	0.0002768263306544626	0	963	0.8331999999999994	0.8099688473520249	34.40286538203557
141	14100	967	1000	3488.5978515956676	0.00028656597193362437	0	967	0.8308499999999998	0.8107549120992761	34.66706500053406
142	14200	966	1000	3162.5773475836586	0.00031609785067015996	0	966	0.8269000000000002	0.8188405797101449	34.94722550312678
143	14300	967	1000	3268.8017983204977	0.00030582893449799934	0	967	0.8246500000000003	0.8200620475698035	35.21452811956406
144	14400	969	1000	3111.59432789793	0.00032127540394104087	0	969	0.8222500000000014	0.8008255933952528	35.50275705258051
145	14500	966	1000	3805.0963098415614	0.0002627363888334259	0	966	0.8245500000000018	0.8043478260869565	35.776328766345976
146	14600	965	1000	3490.5817787655533	0.0002864031442945465	0	965	0.8247500000000019	0.81139896373057	36.03707078297933
147	14700	961	1000	3221.9198913856626	0.0003102776468856196	0	961	0.8257000000000019	0.8241415192507804	36.286811435222624
148	14800	959	1000	3377.802110972636	0.0002959628789009297	0	959	0.8265500000000019	0.8300312825860271	36.53772263129552
149	14900	960	1000	3414.555363805983	0.00029277815566886066	0	960	0.8269000000000016	0.8166666666666667	36.79687970081965
150	15000	960	1000	3610.301820249454	0.0002769084528999363	0	960	0.8275000000000013	0.81875	37.07416996558507
151	15100	956	1000	3489.400458157511	0.0002865000769934213	0	956	0.8271000000000014	0.8389121338912134	37.31962418158849
152	15200	956	1000	3161.4768030857804	0.0003162078529791118	0	956	0.824800000000001	0.8556485355648535	37.56598318417867
153	15300	958	1000	3267.276877667103	0.00030597162891345987	0	958	0.8231000000000007	0.8569937369519833	37.7895053823789
154	15400	958	1000	3121.701731589821	0.0003202355158943992	0	958	0.8229000000000011	0.8820459290187892	38.00075591802597
155	15500	959	1000	3800.985370747567	0.0002630204754847267	0	959	0.8211000000000014	0.8654848800834203	38.24552968343099
156	15600	958	1000	3485.026177766586	0.00028685957850169564	0	958	0.8231000000000015	0.8434237995824635	38.48451475302378
157	15700	959	1000	3222.0481920712746	0.0003102652955857155	0	959	0.8255000000000017	0.8248175182481752	38.73313373327255
158	15800	960	1000	3393.2622653311514	0.00029461482991870045	0	960	0.8256500000000018	0.828125	38.98006638288498
159	15900	962	1000	3414.0297602869155	0.00029282321683661827	0	962	0.8260500000000004	0.8024948024948025	39.273534365495046
160	16000	961	1000	3610.842641116492	0.00027686698988937133	0	961	0.8261500000000003	0.8210197710718002	39.536148150761925
161	16100	960	1000	3488.1717830347848	0.0002866009649803564	0	960	0.8265499999999999	0.8020833333333334	39.81083534955978
162	16200	960	1000	3158.4084460832287	0.0003165149479927854	0	960	0.8263999999999999	0.81875	40.06223006645838
163	16300	962	1000	3267.393048143568	0.0003059607535782746	0	962	0.8225	0.7910602910602911	40.3574519832929
164	16400	962	1000	3122.072563320564	0.0003201974913246216	0	962	0.8217499999999998	0.761954261954262	40.67859331766764
165	16500	963	1000	3799.489760977033	0.0002631239821424803	0	963	0.8195999999999998	0.7611630321910696	41.010484516620636
166	16600	966	1000	3484.981521959951	0.000286863253204441	0	966	0.8200999999999999	0.7691511387163561	41.31955698331197
167	16700	963	1000	3220.960531421969	0.0003103700340980476	0	963	0.8209499999999998	0.7819314641744548	41.613586501280466
168	16800	963	1000	3391.731395463558	0.00029474776616183237	0	963	0.8218999999999999	0.7829698857736241	41.90351460377375
169	16900	963	1000	3412.2828326206563	0.0002929730845750682	0	963	0.8221999999999995	0.8151609553478713	42.18887306451798
170	17000	965	1000	3613.31895788929	0.00027667729706511173	0	965	0.8219499999999988	0.7844559585492228	42.50040891567866
171	17100	963	1000	3488.593877806581	0.00028656629826177935	0	963	0.8219999999999984	0.7881619937694704	42.805968602498375
172	17200	965	1000	3157.073070929309	0.0003166487847305368	0	965	0.8168499999999989	0.7668393782383419	43.116607666015625
173	17300	965	1000	3265.2700870444323	0.0003061596173465482	0	965	0.815299999999999	0.7865284974093264	43.41792545318604
174	17400	965	1000	3121.0824204966234	0.0003202990393318739	0	965	0.8138999999999994	0.8072538860103627	43.69788680076599
175	17500	968	1000	3797.204910851603	0.00026328226714229276	0	968	0.8115999999999994	0.8109504132231405	43.99065211613973
176	17600	969	1000	3485.041637226977	0.0002868583063728019	0	969	0.8113999999999995	0.8173374613003096	44.2574924826622
177	17700	969	1000	3219.463406014659	0.0003105143185705393	0	969	0.8118499999999993	0.8224974200206399	44.521495350201924
178	17800	965	1000	3393.0477320073173	0.0002946334521372736	0	965	0.8132999999999992	0.8217616580310881	44.78111390272776
179	17900	965	1000	3412.1555077354556	0.00029298401368869225	0	965	0.8140999999999989	0.8227979274611399	45.0437726855278
180	18000	968	1000	3615.0777646972756	0.00027654272531490103	0	968	0.8141499999999985	0.8347107438016529	45.311157349745436
181	18100	968	1000	3488.514974592673	0.00028657277795941506	0	968	0.8138999999999982	0.8522727272727273	45.545418016115825
182	18200	969	1000	3155.543505508201	0.0003168022231453454	0	969	0.8118999999999982	0.8720330237358102	45.777100984255476
183	18300	970	1000	3265.102289141243	0.00030617534647481303	0	970	0.8083499999999986	0.8649484536082475	46.018171731630964
184	18400	973	1000	3120.727542074533	0.0003203354509713085	0	973	0.8052999999999995	0.8427543679342241	46.29111766417821
185	18500	978	1000	3793.8512256065374	0.00026351494183811337	0	978	0.8032000000000002	0.8333333333333334	46.583396184444425
186	18600	979	1000	3484.165038850175	0.0002869304577696326	0	979	0.8000500000000008	0.8089887640449438	46.88242264986038
187	18700	980	1000	3218.4251847425508	0.00031061445525716337	0	980	0.801600000000001	0.8	47.17015981674194
188	18800	979	1000	3391.605757032197	0.00029475868156127454	0	979	0.8050500000000009	0.7844739530132788	47.48049436410268
189	18900	979	1000	3411.3757800031385	0.0002930509605243653	0	979	0.805450000000001	0.7926455566905005	47.77319146792094
190	19000	979	1000	3617.0984763316255	0.00027638827592495375	0	979	0.8065000000000008	0.7997957099080695	48.0681637485822
191	19100	977	1000	3487.234797281238	0.0002866779497697257	0	977	0.8065500000000008	0.7963152507676561	48.36116933425267
192	19200	975	1000	3156.6235428554587	0.0003166938637326265	0	975	0.8059000000000006	0.7958974358974359	48.64044691721598
193	19300	976	1000	3262.3039142554085	0.00030643790044549714	0	976	0.8020000000000008	0.7940573770491803	48.94592326879501
194	19400	978	1000	3111.153129063294	0.0003213209500076827	0	978	0.7986000000000009	0.8067484662576687	49.25427803198497
195	19500	977	1000	3791.7679966272703	0.0002636596809742259	0	977	0.7964000000000014	0.8106448311156602	49.565683619181314
196	19600	974	1000	3485.149548880629	0.00028684942684719045	0	974	0.7960000000000014	0.8347022587268994	49.8339067697525
197	19700	973	1000	3215.2103651697216	0.0003109249353927846	0	973	0.795950000000001	0.8355601233299075	50.1049107670784
198	19800	971	1000	3390.4121206888553	0.00029486242438647725	0	971	0.7977500000000014	0.8475798146240988	50.35756882031759
199	19900	969	1000	3409.1506554236994	0.000293242176385827	0	969	0.8002500000000016	0.8400412796697626	50.610922666390735
200	20000	970	1000	3617.7315998031777	0.00027633991978139245	0	970	0.8016000000000016	0.845360824742268	50.8623023668925
201	20100	971	1000	3487.6856640901165	0.0002866409004093551	0	971	0.8016000000000015	0.850669412976313	51.10581111907959
202	20200	968	1000	3155.476352638002	0.0003168089629957967	0	968	0.8022000000000012	0.8419421487603306	51.356511465708415
203	20300	969	1000	3261.6529389216926	0.0003064990419515783	0	969	0.7985500000000016	0.846233230134159	51.622704549630484
204	20400	970	1000	3120.5793431663415	0.00032035065909478386	0	970	0.7921000000000007	0.8412371134020619	51.91891371806462
205	20500	973	1000	3788.8102936469068	0.0002638654503831925	0	973	0.7891500000000005	0.8365878725590956	52.22133371829987
206	20600	975	1000	3484.0948387625112	0.0002869362373952154	0	975	0.787200000000001	0.8061538461538461	52.54188558657964
207	20700	975	1000	3212.8933575613073	0.0003111490920031015	0	975	0.7870000000000008	0.8164102564102564	52.82412721713384
208	20800	975	1000	3390.06673959325	0.00029489245620684763	0	975	0.7877500000000007	0.8184615384615385	53.10119820038478
209	20900	975	1000	3406.8618889927875	0.0002934391218229667	0	975	0.7887500000000008	0.8153846153846154	53.38340938091278
210	21000	978	1000	3619.3632237264264	0.0002762153790112539	0	978	0.7893500000000007	0.8149284253578732	53.690408968925475
211	21100	975	1000	3487.715612341439	0.0002866384397921313	0	975	0.7897500000000005	0.8061538461538461	53.982160313924155
212	21200	974	1000	3149.1359782183777	0.00031744661402380796	0	974	0.7899500000000005	0.8213552361396304	59.02124896844228
213	21300	974	1000	3260.276116562602	0.00030662843753751336	0	974	0.78505	0.7987679671457906	63.32837003469467
214	21400	974	1000	3119.214046784528	0.0003204908333229668	0	974	0.7790999999999992	0.8008213552361396	201.104443581899
215	21500	975	1000	3786.620078104268	0.00026401803226803767	0	975	0.7730499999999989	0.7979487179487179	222.0374321659406
216	21600	975	1000	3480.5284205298967	0.00028723016997454174	0	975	0.773049999999999	0.8338461538461538	222.49013101657232
217	21700	974	1000	3210.8721895298013	0.000311344892010287	0	974	0.7720999999999998	0.8264887063655031	222.89011523326238
218	21800	975	1000	3391.041705656311	0.0002948076960057643	0	975	0.7717499999999992	0.8164102564102564	223.22603780031204
219	21900	976	1000	3406.3004189488092	0.00029348747602024226	0	976	0.7712499999999995	0.8135245901639344	223.53787258466085
220	22000	977	1000	3622.390863810815	0.0002759845784200807	0	977	0.7716999999999996	0.8085977482088025	223.84544248183568
221	22100	977	1000	3488.299639614803	0.00028659046321123454	0	977	0.7747999999999997	0.7932446264073695	224.20342590411505
222	22200	977	1000	3144.8392915778145	0.00031788019263324924	0	977	0.7755499999999996	0.781985670419652	224.51218903462092
223	22300	979	1000	3258.6809689117476	0.0003067784883052075	0	979	0.7702500000000003	0.7844739530132788	224.88140393495559
224	22400	978	1000	3120.080914136257	0.0003204018183158013	0	978	0.7656500000000006	0.7822085889570553	225.230675582091
225	22500	979	1000	3781.092979182082	0.00026440386460733193	0	979	0.7560499999999991	0.7660878447395302	225.65366806586584
226	22600	978	1000	3478.556508107995	0.0002873929472534271	0	978	0.7545999999999986	0.7607361963190185	226.00864506959914
227	22700	981	1000	3210.559458510987	0.00031137520974425356	0	981	0.7517499999999993	0.7655453618756372	226.37308755318324
228	22800	980	1000	3390.9079397027544	0.00029481932227430494	0	980	0.752899999999999	0.7561224489795918	226.76950585047405
229	22900	981	1000	3403.3074870851337	0.0002937454985466747	0	981	0.7525499999999995	0.744138634046891	227.16225708325703
230	23000	979	1000	3622.050972533027	0.0002760104695134493	0	979	0.7522999999999997	0.7446373850868233	227.55346888303757
231	23100	981	1000	3490.9681887516617	0.00028637145184231714	0	981	0.7525999999999998	0.7594291539245668	227.96268696784972
232	23200	981	1000	3136.6198179860703	0.000318712928273721	0	981	0.7537999999999997	0.7686034658511722	228.32106858094534
233	23300	980	1000	3257.1567393336236	0.00030692200529447997	0	980	0.75375	0.8030612244897959	228.69452730019887
234	23400	980	1000	3118.2680076164406	0.000320588034615256	0	980	0.7505999999999996	0.8153061224489796	229.0221792181333
235	23500	981	1000	3775.287739638646	0.00026481032933567986	0	981	0.7471999999999991	0.8409785932721713	229.37565385103227
236	23600	979	1000	3476.4952053402158	0.00028756330086792065	0	979	0.7437499999999988	0.832482124616956	229.7044629653295
237	23700	980	1000	3209.705315769858	0.0003114580447755049	0	980	0.7371999999999977	0.8224489795918367	230.08431083361307
238	23800	979	1000	3388.7016841928194	0.000295011211359187	0	979	0.7366999999999978	0.8304392236976507	230.44208863576253
239	23900	979	1000	3402.4264311610204	0.00029382154138670987	0	979	0.7367999999999978	0.8437180796731358	230.75618831713993
240	24000	980	1000	3623.764712283112	0.0002758799754950536	0	980	0.7368999999999984	0.8255102040816327	231.1299259185791
241	24100	980	1000	3493.4616480135655	0.000286167112627621	0	980	0.7368999999999992	0.8244897959183674	231.47047953605653
242	24200	978	1000	3130.793524455227	0.00031930585212316937	0	978	0.7415499999999992	0.8026584867075665	231.81737901767096
243	24300	977	1000	3254.939815064445	0.00030713098423172387	0	977	0.7436999999999991	0.7942681678607983	232.24457773367564
244	24400	979	1000	3116.295811720541	0.0003207908586153927	0	979	0.7416500000000005	0.7844739530132788	232.69440573453903
245	24500	978	1000	3766.40596537248	0.0002654346277495292	0	978	0.7364	0.7750511247443763	233.14292786916096
246	24600	981	1000	3474.157279955049	0.0002877567601812068	0	981	0.7332999999999998	0.7787971457696228	233.53396703402203
247	24700	985	1000	3209.4047873514264	0.0003114872005984631	0	985	0.7254499999999986	0.7725888324873097	234.02164803345997
248	24800	985	1000	3386.619646692969	0.0002951925258126929	0	985	0.720849999999999	0.7634517766497462	234.51284291744233
249	24900	985	1000	3401.337314994324	0.0002939155960794758	0	985	0.7190499999999993	0.7563451776649747	234.95783623059592
250	25000	985	1000	3626.032179271113	0.00027570750701223713	0	985	0.7186499999999997	0.7654822335025381	235.39866516987482
251	25100	983	1000	3496.942099440484	0.0002858823764292599	0	983	0.7177000000000009	0.7639877924720244	238.4434310992559
252	25200	984	1000	3125.1763460360244	0.00031987958749287923	0	984	0.7178000000000015	0.7784552845528455	238.8600668668747
253	25300	978	1000	3256.285049021325	0.0003070041414706574	0	978	0.7203500000000018	0.7740286298568507	239.32151426474255
254	25400	976	1000	3114.550274723331	0.0003209705868376021	0	976	0.7183500000000015	0.7745901639344263	239.74283657073974
255	25500	974	1000	3759.5104833163673	0.00026592134350815775	0	974	0.7164000000000014	0.7926078028747433	240.1668806195259
256	25600	974	1000	3469.5893339991444	0.0002881355020035472	0	974	0.7126000000000013	0.7792607802874744	240.6447488864263
257	25700	974	1000	3206.9596683495056	0.00031172461732179436	0	974	0.7098000000000012	0.797741273100616	241.08726303577424
258	25800	971	1000	3381.1301073259046	0.00029567165314957507	0	971	0.7057500000000013	0.8053553038105047	241.56617753505708
259	25900	977	1000	3399.558429715747	0.0002940693479228322	0	977	0.7015500000000021	0.7850562947799385	242.09454278548557
260	26000	977	1000	3627.0938546270827	0.0002756268277692574	0	977	0.7003500000000024	0.789150460593654	242.52735358079275
261	26100	978	1000	3501.1359105012543	0.0002855400320134554	0	978	0.6977500000000043	0.7740286298568507	243.09408681790035
262	26200	977	1000	3121.3116076749557	0.0003202755284071902	0	977	0.6948000000000051	0.759467758444217	243.6396858851115
263	26300	977	1000	3263.0489155454534	0.00030636795767286797	0	977	0.6944500000000051	0.7768679631525077	244.08166976769766
264	26400	980	1000	3111.967918632671	0.00032123684732325683	0	980	0.692600000000004	0.7612244897959184	244.60582571824392
265	26500	979	1000	3726.328560599562	0.00026828866405035793	0	979	0.6903000000000038	0.7589376915219612	245.11872273286184
266	26600	979	1000	3465.8198645032317	0.000288448791423806	0	979	0.6893000000000038	0.7742594484167518	245.58272145191827
267	26700	977	1000	3202.013663763461	0.0003122059738031292	0	977	0.6867500000000039	0.7830092118730808	246.07107518116632
268	26800	975	1000	3374.3084854277895	0.0002962692163745321	0	975	0.6842000000000035	0.7897435897435897	246.58804779847463
269	26900	978	1000	3398.8098351578874	0.0002941340982248085	0	978	0.6810500000000036	0.7822085889570553	247.19457891782125
270	27000	978	1000	3628.6916835783436	0.0002755054939030377	0	978	0.6803000000000041	0.7801635991820041	247.6995483994484
271	27100	978	1000	3504.203901134027	0.00028529010813792407	0	978	0.6789500000000047	0.803680981595092	248.16612005233765
272	27200	979	1000	3118.3266915736967	0.00032058200338596184	0	979	0.6785000000000053	0.81511746680286	248.66805384953815
273	27300	978	1000	3264.9295045283607	0.00030619154473893396	0	978	0.6778000000000057	0.810838445807771	249.13576304912567
274	27400	979	1000	3110.2640612025857	0.0003214127699638177	0	979	0.6747500000000056	0.8202247191011236	249.7180045366287
275	27500	979	1000	3739.2655148826548	0.0002673606983303626	0	979	0.6731500000000049	0.8273748723186926	250.18631148338318
276	27600	979	1000	3463.5209370664575	0.00028864019533007595	0	979	0.6722500000000042	0.8253319713993871	250.65559941927592
277	27700	980	1000	3196.985552864494	0.0003126968472713336	0	980	0.6673500000000029	0.8030612244897959	251.2312162677447
278	27800	980	1000	3370.96499322368	0.0002965629839009615	0	980	0.6665000000000031	0.8163265306122449	251.68799633582432
279	27900	981	1000	3398.3440527889156	0.000294174400846414	0	981	0.6656000000000033	0.8440366972477065	252.18030851682028
280	28000	980	1000	3630.1916721163775	0.00027539168688860957	0	980	0.664350000000004	0.8438775510204082	252.6746904651324
281	28100	983	1000	3506.660411213868	0.0002850903117083498	0	983	0.6607000000000063	0.8026449643947101	253.38391425212225
282	28200	982	1000	3114.3793281092862	0.00032098819908614365	0	982	0.659000000000007	0.7912423625254582	253.95128568410874
283	28300	985	1000	3268.247225757885	0.00030588081321019625	0	985	0.6582000000000072	0.7796954314720812	254.5255114475886
284	28400	985	1000	3107.8006979652023	0.0003216674522282912	0	985	0.6577500000000074	0.7918781725888325	255.06151786645253
285	28500	981	1000	3737.1015331258673	0.00026751547306522254	0	981	0.6575500000000073	0.800203873598369	255.56645605166753
286	28600	982	1000	3461.381958538686	0.0002888185104863631	0	982	0.6546000000000064	0.790224032586558	256.12089983622235
287	28700	984	1000	3191.9938546852104	0.00031318569515336185	0	984	0.6505500000000058	0.7784552845528455	256.7430619160334
288	28800	984	1000	3366.579102783699	0.00029694922360498757	0	984	0.6483500000000058	0.7672764227642277	257.3296146154404
289	28900	984	1000	3397.091747174756	0.0002942828135324541	0	984	0.6480000000000059	0.758130081300813	258.00423956712086
290	29000	985	1000	3631.7285219151045	0.0002752751806162546	0	985	0.647050000000006	0.7634517766497462	258.5867087006569
291	29100	985	1000	3508.1694081594596	0.0002849677184791414	0	985	0.6463000000000063	0.7888324873096447	259.22602085272473
292	29200	985	1000	3111.9721971394692	0.0003212364058114321	0	985	0.6458000000000064	0.8101522842639594	259.7414643009504
293	29300	986	1000	3269.65731172978	0.000305748938115171	0	986	0.6445500000000065	0.795131845841785	260.4062531312307
294	29400	984	1000	3105.6540981651815	0.0003218897142718944	0	984	0.643700000000007	0.7865853658536586	261.0516496340434
295	29500	985	1000	3733.9191200361083	0.0002677434150141201	0	985	0.6433000000000074	0.766497461928934	261.7052117824554
296	29600	983	1000	3460.6508793793682	0.00028887950716141765	0	983	0.6431500000000075	0.7822990844354019	262.2536813179652
297	29700	983	1000	3189.0900643284426	0.0003134707735000935	0	983	0.6421000000000073	0.8056968463886063	262.820790318648
298	29800	983	1000	3362.4253173511015	0.0002973159519378179	0	983	0.6407000000000075	0.7985757884028484	263.41969428459805
299	29900	983	1000	3396.405475407817	0.00029434225830225996	0	983	0.6400500000000087	0.8056968463886063	264.0153673171997
300	30000	982	1000	3632.5437884442026	0.0002752134164944731	0	982	0.6396500000000088	0.7942973523421588	264.6205809831619
301	30100	980	1000	3509.067701365598	0.0002848947898101647	0	980	0.638400000000009	0.8142857142857143	269.65626881519955
302	30200	981	1000	3110.5182079416145	0.00032138651718240704	0	981	0.6364500000000091	0.7859327217125383	270.2838456352552
303	30300	980	1000	3270.0034583698316	0.00030571658291623133	0	980	0.6356500000000093	0.7959183673469388	270.90571631590524
304	30400	983	1000	3103.091690307901	0.000322155432174366	0	983	0.6341500000000093	0.7934893184130214	271.54565564791363
305	30500	981	1000	3725.13684723997	0.0002683744695905953	0	981	0.6343000000000091	0.800203873598369	272.1346841017405
306	30600	981	1000	3460.217629096638	0.00028891566701657977	0	981	0.6341500000000091	0.7940876656472987	272.6808074474335
307	30700	982	1000	3186.5535943613017	0.0003137202153303316	0	982	0.6336000000000095	0.7830957230142567	273.31712783177693
308	30800	982	1000	3359.2437832749074	0.00029759745557073714	0	982	0.6313500000000087	0.785132382892057	274.00738343397774
309	30900	982	1000	3394.5902364954045	0.0002944996098917112	0	982	0.6301000000000085	0.7963340122199593	274.60979644854865
310	31000	982	1000	3632.3902971378807	0.0002752250427892998	0	982	0.6290500000000085	0.7830957230142567	275.3616640329361
311	31100	980	1000	3510.5803951270527	0.0002847720648479754	0	980	0.6285500000000087	0.7785714285714286	276.0109031001727
312	31200	980	1000	3106.392540258941	0.0003218132202623713	0	980	0.6281000000000088	0.7775510204081633	276.74357491731644
313	31300	978	1000	3270.1734218073825	0.0003057006985118759	0	978	0.6283500000000086	0.7883435582822086	277.36665286620456
314	31400	978	1000	3101.5448249800534	0.00032231605227699784	0	978	0.6284500000000087	0.8057259713701431	277.948885734876
315	31500	980	1000	3725.0837059681003	0.0002683782971376331	0	980	0.6280000000000088	0.7969387755102041	278.6093966682752
316	31600	981	1000	3460.197693846055	0.0002889173310666367	0	981	0.6281000000000089	0.7971457696228338	279.21988113323846
317	31700	983	1000	3185.9078122597402	0.0003137837863251307	0	983	0.6273500000000087	0.8056968463886063	279.8631423830986
318	31800	983	1000	3357.1905728697907	0.00029777940777953987	0	983	0.6257000000000084	0.8077314343845371	280.54036401907604
319	31900	981	1000	3393.9444112206434	0.00029455563298618273	0	981	0.6253000000000084	0.8083588175331294	281.1433929006259
320	32000	981	1000	3633.225446883905	0.00027516179571562637	0	981	0.6245500000000083	0.8297655453618756	281.8209021369616
321	32100	982	1000	3510.9199361020037	0.00028474453239100126	0	982	0.6246000000000084	0.8421588594704684	282.3566356023153
322	32200	982	1000	3104.1444922005608	0.000322046205099885	0	982	0.6241500000000083	0.8574338085539714	282.95702126820885
323	32300	982	1000	3266.816532568208	0.0003060147318656505	0	982	0.6235000000000083	0.8564154786150713	283.491342151165
324	32400	982	1000	3100.6407959758635	0.0003224099970884513	0	982	0.6234000000000082	0.8533604887983707	284.1084097981453
325	32500	982	1000	3721.058362691956	0.0002686685437346974	0	982	0.6227500000000084	0.8391038696537678	284.87638545036316
326	32600	982	1000	3459.9550081668085	0.0002889375902432427	0	982	0.6225500000000083	0.8289205702647657	285.5926631848017
327	32700	979	1000	3184.8565104180493	0.00031388733194037655	0	979	0.6222000000000081	0.8447395301327886	286.16626809835435
328	32800	979	1000	3355.950619322424	0.00029788939826640723	0	979	0.6190000000000058	0.8314606741573034	286.89744583368304
329	32900	980	1000	3392.9996273086153	0.0002946376281110506	0	980	0.6178500000000056	0.8244897959183674	287.5247973004977
330	33000	980	1000	3633.285203002365	0.00027515727141443866	0	980	0.6175000000000057	0.8326530612244898	288.16263171831764
331	33100	980	1000	3510.1898606739373	0.00028480373881236375	0	980	0.6165000000000053	0.8163265306122449	288.82120441595714
332	33200	980	1000	3101.7898451168594	0.00032229059972391954	0	980	0.6163000000000053	0.8214285714285714	289.41295359929404
333	33300	981	1000	3266.1987764331643	0.00030607259258700833	0	981	0.6157000000000055	0.781855249745158	290.236513030529
334	33400	981	1000	3099.1003931047435	0.00032257019876653166	0	981	0.6155000000000055	0.7900101936799184	290.8384745836258
335	33500	981	1000	3715.9762761843795	0.0002690358844653533	0	981	0.6154500000000054	0.8093781855249745	291.4481521010399
336	33600	981	1000	3460.0459789911897	0.0002889299957498616	0	981	0.6158500000000057	0.8114169215086646	292.16844968398414
337	33700	981	1000	3183.661598344514	0.00031400510513262414	0	981	0.6152000000000066	0.8042813455657493	292.88012723525367
338	33800	982	1000	3355.8938354170177	0.0002978944372471561	0	982	0.6148500000000069	0.8380855397148677	293.51406533320744
339	33900	982	1000	3392.634168767726	0.0002946693574702878	0	982	0.6117000000000063	0.8075356415478615	294.33149836858115
340	34000	982	1000	3634.007300542023	0.0002751026111696909	0	982	0.611050000000006	0.8075356415478615	295.0038751999537
341	34100	982	1000	3511.2715806958213	0.00028471602409569036	0	982	0.6103500000000053	0.8207739307535642	295.6520502169927
342	34200	985	1000	3098.075358852354	0.0003226768904291243	0	985	0.6096000000000049	0.8142131979695432	296.28883444865545
343	34300	983	1000	3263.862550540175	0.00030629160784565	0	983	0.609850000000005	0.8433367243133265	296.9076923171679
344	34400	983	1000	3098.1634808074054	0.0003226677153989554	0	983	0.6094500000000055	0.8290946083418108	297.56081273555753
345	34500	983	1000	3718.56179243819	0.00026884887408860474	0	983	0.6097000000000053	0.8219735503560529	298.2433387160301
346	34600	982	1000	3459.7029205990843	0.0002889586372894699	0	982	0.6095000000000056	0.8217922606924644	298.97049524784086
347	34700	982	1000	3183.34902012343	0.00031403592812236347	0	982	0.6090000000000055	0.8268839103869654	299.6245605508486
348	34800	983	1000	3356.299034386464	0.0002978584837864307	0	983	0.6086500000000061	0.8229908443540183	300.2702820181847
349	34900	986	1000	3392.493565925485	0.00029468156652516785	0	986	0.6082000000000067	0.8498985801217038	300.98563291629154
350	35000	985	1000	3635.3849956837776	0.0002749983847109022	0	985	0.6078500000000068	0.8558375634517766	301.6943752487501
351	35100	985	1000	3513.7550094299613	0.0002845148516232386	0	985	0.6079500000000071	0.8527918781725888	302.4505892674128
352	35200	984	1000	3094.026821914661	0.00032309897701674037	0	984	0.6068000000000073	0.834349593495935	303.3809472322464
353	35300	982	1000	3262.2250594843495	0.00030644530541758545	0	982	0.6063500000000072	0.8319755600814664	304.1914041678111
354	35400	984	1000	3097.3181923388765	0.0003227557461569543	0	984	0.6063000000000076	0.8302845528455285	304.9813168843587
355	35500	985	1000	3717.33662242829	0.00026893745820864975	0	985	0.6061500000000077	0.8213197969543147	305.8258744835854
356	35600	985	1000	3458.445323753793	0.0002890636811438068	0	985	0.6067500000000077	0.8243654822335026	306.67876268227894
357	35700	987	1000	3182.6778749233995	0.00031410212945116514	0	987	0.6068000000000082	0.8024316109422492	307.63870731989545
358	35800	988	1000	3355.10605616199	0.0002979643620510581	0	988	0.6066000000000089	0.7945344129554656	308.4257768034935
359	35900	988	1000	3391.577247879372	0.0002947611585337014	0	988	0.6067000000000093	0.77834008097166	309.47433116436
360	36000	986	1000	3637.990141142185	0.00027480151394038285	0	986	0.6064000000000093	0.7616632860040567	310.5381332159042
361	36100	986	1000	3518.0766423632576	0.0002841654506644799	0	986	0.6062500000000093	0.7647058823529411	311.4342456817627
362	36200	988	1000	3084.879657419654	0.00032405670700592985	0	988	0.6050500000000086	0.7672064777327935	312.4316129644712
363	36300	989	1000	3257.7827029406035	0.0003068630501498727	0	989	0.604700000000008	0.7623862487360971	313.35756051540375
364	36400	989	1000	3095.638977289075	0.00032293076698125176	0	989	0.6045000000000079	0.7633973710819009	314.29789316654205
365	36500	990	1000	3711.6986469572953	0.00026934585731043373	0	990	0.6047000000000081	0.7747474747474747	315.15635151863097
366	36600	990	1000	3456.4927507293432	0.0002892269260113573	0	990	0.604800000000008	0.7909090909090909	315.9112579027812
367	36700	989	1000	3178.930811351772	0.0003144722509150774	0	989	0.6052000000000077	0.7977755308392316	316.9184955517451
368	36800	990	1000	3353.942370328687	0.00029806771312796917	0	990	0.6053000000000078	0.7919191919191919	317.9380987842878
369	36900	988	1000	3390.707295706264	0.0002948367629677099	0	988	0.6049000000000081	0.7965587044534413	319.02803905407586
370	37000	988	1000	3640.0225459841654	0.0002746481207876456	0	988	0.6046500000000086	0.8087044534412956	319.948870352904
371	37100	988	1000	3521.119068953303	0.0002839199869234342	0	988	0.604550000000009	0.8137651821862348	321.03420983552934
372	37200	989	1000	3078.5439442282027	0.00032472340648823594	0	989	0.6047500000000097	0.8068756319514662	322.29883559942243
373	37300	991	1000	3252.9069676129834	0.0003073228613950155	0	991	0.6040500000000087	0.7850655903128153	323.63488043546675
374	37400	990	1000	3094.345972552438	0.00032306566337571464	0	990	0.6038000000000084	0.795959595959596	324.54482816855113
375	37500	991	1000	3708.8460355881693	0.00026955296538107065	0	991	0.6037000000000082	0.7901109989909183	325.6680051843325
376	37600	990	1000	3455.5328736382685	0.0002893072441540018	0	990	0.6038000000000081	0.7626262626262627	326.7269777496656
377	37700	991	1000	3176.1812012669902	0.0003147444028691917	0	991	0.6039000000000088	0.763874873864783	327.69483695030215
378	37800	991	1000	3352.9206924248388	0.0002981585110997403	0	991	0.6039500000000089	0.7780020181634713	328.47460283438363
379	37900	991	1000	3389.0677442785536	0.00029497935599892024	0	991	0.6040000000000098	0.7790110998990918	329.38821716705957
380	38000	991	1000	3641.175843580529	0.0002745611532629698	0	991	0.6040500000000104	0.7739656912209889	330.3085681994756
381	38100	991	1000	3524.018993902668	0.0002836864146632203	0	991	0.6039000000000109	0.768920282542886	331.1933700005213
382	38200	992	1000	3072.137060806294	0.00032540039061506476	0	992	0.6038000000000112	0.7701612903225806	332.16660199960074
383	38300	992	1000	3248.598673973977	0.0003077303077481524	0	992	0.6038500000000111	0.8054435483870968	333.06187121868135
384	38400	994	1000	3126.934597317501	0.00031969977916341164	0	994	0.60280000000001	0.7806841046277666	334.18047984838483
385	38500	992	1000	3704.367089532503	0.00026987879360858887	0	992	0.6024500000000097	0.7842741935483871	335.15157093604404
386	38600	992	1000	3454.8795356602527	0.00028936193801933205	0	992	0.6022000000000096	0.8054435483870968	385.8392862995466
387	38700	992	1000	3172.509553092835	0.00031510855198952254	0	992	0.6022000000000097	0.8175403225806451	386.7399105191231
388	38800	992	1000	3353.314844666221	0.00029812347567495783	0	992	0.60185000000001	0.7752016129032258	388.1382902344068
389	38900	992	1000	3387.688874095793	0.00029509938420263824	0	992	0.6022000000000105	0.7741935483870968	389.27687764962513
390	39000	993	1000	3642.163368374463	0.0002744867300436731	0	993	0.6025000000000112	0.7623363544813696	390.4273723999659
391	39100	993	1000	3526.4112449660724	0.00028349402169284584	0	993	0.6025500000000116	0.7613293051359517	391.56019484996796
392	39200	991	1000	3066.289155823487	0.00032602077900005684	0	991	0.6024000000000115	0.756811301715439	392.7782082835833
393	39300	991	1000	3240.8260235721946	0.00030846812652151267	0	991	0.6024500000000114	0.7547931382441978	393.7656662027041
394	39400	989	1000	3091.6561672499756	0.00032334664635196454	0	989	0.6024000000000113	0.7795753286147624	394.7352369308472
395	39500	987	1000	3703.4897781443365	0.00026994270733307916	0	987	0.6020000000000105	0.7821681864235056	395.77325884898505
396	39600	987	1000	3453.7715192759238	0.00028945474235285673	0	987	0.6011500000000096	0.7720364741641338	396.91457768678663
397	39700	987	1000	3169.2023839519743	0.0003154372746238996	0	987	0.6008000000000088	0.7588652482269503	398.05121864875156
398	39800	988	1000	3353.0446356632833	0.0002981474931392032	0	988	0.600850000000009	0.7945344129554656	399.0339397152265
399	39900	990	1000	3387.0624678002728	0.00029515394403257806	0	990	0.6009000000000092	0.8080808080808081	400.0971601009369
400	40000	990	1000	3642.2996620041686	0.00027447646166165287	0	990	0.6008000000000093	0.8161616161616162	456.6284625649452
401	40100	990	1000	3527.002237794003	0.00028344653222932254	0	990	0.6007500000000092	0.8161616161616162	457.6017209172249
402	40200	990	1000	3062.0794513208134	0.0003264688415342265	0	990	0.6006500000000096	0.8212121212121212	458.7221185207367
403	40300	990	1000	3237.4157837622015	0.0003087929613652817	0	990	0.6007500000000104	0.8131313131313131	459.84928536812464
404	40400	989	1000	3090.7882445521827	0.000323437415793927	0	989	0.6006000000000106	0.8008088978766431	460.99192326863607
405	40500	989	1000	3704.4633322770924	0.0002698717839923886	0	989	0.6003000000000107	0.7987866531850354	462.14655658006666
406	40600	987	1000	3453.4602175166697	0.0002894808268247699	0	987	0.6003000000000107	0.817629179331307	463.1444126844406
407	40700	987	1000	3165.836522257737	0.00031577253608502297	0	987	0.6001000000000107	0.8247213779128673	464.3324919144313
408	40800	988	1000	3353.4874968535305	0.0002981081315515375	0	988	0.5995500000000098	0.7995951417004049	465.83870871861774
409	40900	986	1000	3386.178610051136	0.0002952309621443031	0	986	0.5994500000000098	0.8032454361054767	466.99075656731924
410	41000	986	1000	3642.65125182466	0.0002744499763799354	0	986	0.5994500000000099	0.8103448275862069	468.13089028199516
411	41100	988	1000	3527.3430696935216	0.0002834191517796091	0	988	0.59950000000001	0.8107287449392713	469.2038657824198
412	41200	988	1000	3059.6089158388136	0.00032673236845940913	0	988	0.5996500000000101	0.8168016194331984	470.3332414825757
413	41300	988	1000	3233.0217195097016	0.0003092125182608874	0	988	0.5997000000000103	0.8168016194331984	471.5596147020658
414	41400	988	1000	3089.9173801449638	0.0003235285441221014	0	988	0.5997500000000103	0.8299595141700404	472.62970420122144
415	41500	990	1000	3701.11878408946	0.00027011559010415464	0	990	0.5998000000000108	0.8181818181818182	474.27475631634394
416	41600	990	1000	3453.7460991661956	0.00028945687216821824	0	990	0.5998000000000109	0.8151515151515152	475.39433356920875
417	41700	990	1000	3163.0640183712317	0.00031604923105025255	0	990	0.599950000000011	0.7898989898989899	477.04215390284855
418	41800	990	1000	3355.9041044050828	0.0002978935259686907	0	990	0.5999500000000108	0.8222222222222222	478.3154536207517
419	41900	990	1000	3385.2050904535663	0.00029531583979340565	0	990	0.5996000000000106	0.8010101010101011	479.8732164978981
420	42000	990	1000	3642.156150851824	0.0002744872738343058	0	990	0.5997500000000107	0.796969696969697	481.20656700134276
421	42100	988	1000	3526.7374358585757	0.000283467808526578	0	988	0.5999500000000108	0.7844129554655871	482.5549814343452
422	42200	990	1000	3056.6135194069584	0.0003270524523956042	0	990	0.5999000000000109	0.7838383838383839	483.80393750270207
423	42300	993	1000	3222.229718224735	0.00031024782203571027	0	993	0.6001000000000113	0.7532729103726082	485.5283728003502
424	42400	993	1000	3089.097595204787	0.00032361437436532743	0	993	0.5999000000000113	0.743202416918429	486.82404646873476
425	42500	991	1000	3701.4550845761173	0.00027009105503152564	0	991	0.6004500000000111	0.722502522704339	488.6719895998637
426	42600	991	1000	3454.312607296999	0.0002894094149074037	0	991	0.6005500000000112	0.7204843592330978	490.01092060009637
427	42700	989	1000	3159.36220552232	0.00031641942757467187	0	989	0.600400000000011	0.7401415571284126	491.44809275070827
428	42800	989	1000	3358.4923645510653	0.000297664019288114	0	989	0.6002500000000109	0.7350859453993933	493.6327158808708
429	42900	989	1000	3383.8752196050145	0.00029543186531900907	0	989	0.6000500000000109	0.7320525783619818	495.3581354022026
430	43000	989	1000	3641.4003465348974	0.00027454423041424426	0	989	0.6001000000000111	0.737108190091001	497.4464228510857
431	43100	989	1000	3526.0508191607933	0.0002835229916641616	0	989	0.6001500000000114	0.7199191102123357	500.9671633640925
432	43200	988	1000	3052.3263472367653	0.00032751166638475825	0	988	0.6002000000000113	0.7095141700404858	503.90458555221556
433	43300	987	1000	3213.054838523159	0.0003111334592098916	0	987	0.6001000000000112	0.7183383991894631	507.22801218430203
434	43400	988	1000	3087.7961392040484	0.00032375072841734704	0	988	0.6001000000000111	0.7257085020242915	546.5683835983276
435	43500	988	1000	3701.4283662567545	0.0002700930041250263	0	988	0.6001000000000111	0.7621457489878543	548.9345271150271
436	43600	986	1000	3454.118874674248	0.0002894256424373477	0	986	0.600100000000011	0.7636916835699797	551.3455518484116
437	43700	987	1000	3155.9323847407104	0.0003167631986144465	0	987	0.600100000000011	0.7710233029381965	553.4447210192681
438	43800	987	1000	3358.8696101884425	0.00029763059761831465	0	987	0.6001500000000108	0.7801418439716312	554.931969265143
439	43900	987	1000	3383.3444128381116	0.0002954782013930432	0	987	0.600200000000011	0.7963525835866262	556.5185110171636
440	44000	988	1000	3640.9515173463155	0.00027457806487458225	0	988	0.6001500000000111	0.7904858299595142	558.0326171994209
441	44100	989	1000	3526.134000840023	0.00028351630523871217	0	989	0.6002500000000112	0.8129423660262892	559.6944035331409
442	44200	989	1000	3050.190881758178	0.0003277408850356072	0	989	0.6003500000000113	0.8119312436804853	561.3214072664579
443	44300	987	1000	3207.874409806994	0.0003116357551868624	0	987	0.6004000000000111	0.8439716312056738	562.8169483184814
444	44400	988	1000	3086.8675936468294	0.00032384808275376256	0	988	0.6005000000000111	0.832995951417004	564.4134633858998
445	44500	989	1000	3701.7358144139384	0.00027007057757326875	0	989	0.6005500000000112	0.8230535894843276	566.02529078722
446	44600	988	1000	3453.8544769184696	0.0002894477919926579	0	988	0.6004000000000111	0.8137651821862348	567.7821330189705
447	44700	988	1000	3152.7634197177226	0.00031708148865824086	0	988	0.6002000000000112	0.7823886639676113	569.9621314525605
448	44800	988	1000	3359.4643766807276	0.00029757792016463577	0	988	0.5999500000000112	0.7844129554655871	571.3704117139181
449	44900	989	1000	3382.4841251848175	0.0002955533299407387	0	989	0.6001000000000112	0.7917087967644085	573.0117931167284
450	45000	987	1000	3639.752010464379	0.00027466852922851224	0	987	0.6002000000000112	0.7801418439716312	574.9535763025284
451	45100	987	1000	3525.8733684757644	0.00028353725680606946	0	987	0.6002500000000112	0.7973657548125633	576.4398104349772
452	45200	985	1000	3049.190381044487	0.00032784838815784565	0	985	0.6003000000000109	0.8091370558375635	578.0722834507625
453	45300	985	1000	3203.2126342455576	0.00031208915079864954	0	985	0.6003000000000109	0.8	579.8081513683002
454	45400	986	1000	3085.969693356598	0.00032394227975482843	0	986	0.600300000000011	0.8123732251521298	581.2570098678272
455	45500	986	1000	3701.358053041397	0.00027009813358773454	0	986	0.600300000000011	0.8133874239350912	582.9556660175324
456	45600	984	1000	3453.901642641258	0.00028944384050120283	0	984	0.6003500000000109	0.8262195121951219	584.4347843647004
457	45700	984	1000	3151.5377196835184	0.0003172047692740658	0	984	0.600200000000011	0.8475609756097561	586.3178983688355
458	45800	984	1000	3358.7787742248884	0.00029763864444637525	0	984	0.600200000000011	0.8516260162601627	587.7947243014971
459	45900	985	1000	3382.0926496557704	0.00029558752997845033	0	985	0.6002500000000112	0.8446700507614213	589.47860506773
460	46000	985	1000	3639.085535129764	0.00027471881920059096	0	985	0.6002500000000112	0.8598984771573605	590.9867192983627
461	46100	981	1000	3525.3636276120355	0.0002835782425186749	0	981	0.6003000000000109	0.8572884811416922	592.5067137996356
462	46200	983	1000	3047.8694780771816	0.00032799042634998793	0	983	0.600350000000011	0.8535096642929807	594.1639665325482
463	46300	984	1000	3200.1884475935517	0.00031238398375195187	0	984	0.6003500000000109	0.8475609756097561	595.9779371500015
464	46400	984	1000	3084.896070179599	0.00032405498346605046	0	984	0.6004000000000109	0.8404471544715447	597.4988095641136
465	46500	984	1000	3701.6026508662717	0.00027008029062098714	0	984	0.599900000000011	0.8363821138211383	599.4581643859545
466	46600	984	1000	3453.5807424864615	0.0002894707272872257	0	984	0.599900000000011	0.8384146341463414	600.8588112354279
467	46700	984	1000	3149.274048242624	0.0003174327009924259	0	984	0.5999500000000111	0.8302845528455285	602.6577996015549
468	46800	982	1000	3357.2029196621856	0.00029777831296168186	0	982	0.600000000000011	0.8105906313645621	604.4591342329979
469	46900	983	1000	3381.7710725954453	0.00029561562947644156	0	983	0.600000000000011	0.8209562563580874	605.9715062022209
470	47000	985	1000	3638.8143476726627	0.00027473928735937065	0	985	0.6000500000000109	0.817258883248731	607.6668161034584
471	47100	988	1000	3525.862682467136	0.00028353811589298196	0	988	0.600050000000011	0.8036437246963563	609.3805681824684
472	47200	990	1000	3046.418015162356	0.0003281466457914614	0	990	0.6000000000000111	0.7737373737373737	611.2912810325622
473	47300	992	1000	3195.7594679410304	0.0003128167790002919	0	992	0.5998500000000111	0.7721774193548387	612.9580459356308
474	47400	992	1000	3084.1522162951314	0.0003241331156103768	0	992	0.5998500000000111	0.780241935483871	614.3377430677414
475	47500	990	1000	3701.437054843562	0.00027009237029210014	0	990	0.5997500000000108	0.7767676767676768	616.2699419180552
476	47600	990	1000	3453.527123058369	0.00028947522030589183	0	990	0.5998000000000109	0.7626262626262627	618.0023308515549
477	47700	990	1000	3147.422491102991	0.00031761938012635297	0	990	0.5998000000000109	0.7808080808080808	619.4901127179463
478	47800	989	1000	3356.6632515824126	0.00029782617405980667	0	989	0.5998000000000108	0.7947421638018201	621.2387962818145
479	47900	990	1000	3381.5312100271644	0.0002956365922169774	0	990	0.5998000000000109	0.7929292929292929	622.8305736660957
480	48000	991	1000	3638.3348343307507	0.0002747754865990211	0	991	0.599700000000011	0.7901109989909183	624.5385512987773
481	48100	991	1000	3526.150466719191	0.00028351498169290135	0	991	0.599700000000011	0.7991927346115035	626.1644446174304
482	48200	991	1000	3045.4566136317267	0.00032825020239099517	0	991	0.599700000000011	0.8062563067608476	627.9395413001379
483	48300	992	1000	3193.5411619578117	0.00031303400059717445	0	992	0.599700000000011	0.8145161290322581	629.4832360982895
484	48400	990	1000	3083.5068901817394	0.0003242009292257019	0	990	0.5997500000000109	0.807070707070707	631.1136909802755
485	48500	989	1000	3702.033779055433	0.00027004884634216844	0	989	0.599850000000011	0.8088978766430738	632.8903500477473
486	48600	989	1000	3453.3405964262643	0.00028949085131748845	0	989	0.5998000000000109	0.8190091001011123	643.3814420342445
487	48700	991	1000	3145.2258762400793	0.00031784113389692715	0	991	0.599850000000011	0.8012108980827447	711.6160847345988
488	48800	989	1000	3354.5760267629908	0.0002980114269574949	0	989	0.5998500000000109	0.8038422649140546	713.6028031190236
489	48900	990	1000	3381.2932704236628	0.00029565738983797256	0	990	0.5996000000000109	0.795959595959596	715.4820195833842
490	49000	990	1000	3638.385042259096	0.00027477169587399974	0	990	0.5996500000000109	0.805050505050505	717.11219124794
491	49100	991	1000	3527.154773932245	0.0002834342777104041	0	991	0.5996500000000109	0.8012108980827447	718.9539721528689
492	49200	992	1000	3044.655468803728	0.00032833654700699936	0	992	0.599650000000011	0.8235887096774194	720.4598257184028
493	49300	993	1000	3190.093025786147	0.00031337224954563754	0	993	0.599800000000011	0.8147029204431017	722.4501076340675
494	49400	991	1000	3083.1596282795863	0.0003242374327290648	0	991	0.5998000000000109	0.8153380423814329	724.3367932478587
495	49500	993	1000	3702.838124518361	0.0002699902010782498	0	993	0.599800000000011	0.81067472306143	726.1842938661575
496	49600	993	1000	3453.095660762463	0.00028951137959487154	0	993	0.599800000000011	0.8046324269889225	727.7950289487839
497	49700	993	1000	3142.7774097880374	0.0003180886779345561	0	993	0.599800000000011	0.8157099697885196	729.4320124308268
498	49800	993	1000	3353.361292361548	0.0002981193475721206	0	993	0.599750000000011	0.8157099697885196	731.146496117115
499	49900	994	1000	3380.9606933948276	0.0002956864643498253	0	994	0.599800000000011	0.829979879275654	732.8497450669606
500	50000	994	1000	3638.35669473373	0.0002747738361142323	0	994	0.599900000000011	0.817907444668008	734.8222669998805
