InstanceID	Endpoint Predictions	Best Endpoint Predictions	True Endpoint
0	3305222.4039208824	4650722.20762584	10858104.774194462
1	230684.9484885071	1156278.7427273628	1.5314462217535003
2	4674792.026987878	6420965.401783336	196190.49026833166
3	1256905.137116953	14749560.734829199	38555844.96273207
4	807078.9299484013	1375103.2240955068	6200867.781327092
5	1503145.5748608566	2218608.6463618693	8604717.050473306
6	-673960.7517591636	10290833.13323685	10272724.945771484
7	25225560.224219553	73005941.08006923	1359558.539661139
8	67491.09207843142	1122463.6215294139	723517.1742747047
9	10164958.740706751	14110520.074583322	30274657.51193297
10	-14209163.499530628	48526903.740601376	15592013.24807602
11	22796.86721806651	510033.5369580188	35031995.99291379
12	28261.542484688223	81292.119259185	55503067.199844256
13	29227796.62090769	34564233.70206824	32685235.084162816
14	15005.26895320499	22896.46808821531	14023.971689945052
15	831692.9754085265	3232212.3176998883	41091544.70257318
16	87570.88094806165	8562.514009273435	79011119.61577386
17	2512.1186758069284	1138.565917862596	195424.75164061176
18	372669.4381840171	1629466.371772877	10155811.452316003
19	-57973.236693610495	186300.3416689301	83545794.1388747
20	19064.308962240684	113809.21610016811	24577966.725411966
21	25755.272136485106	162608.25779176847	2041.4056058843305
22	-10825077.122891506	40200473.48992834	90540743.84674706
23	19956.4871036658	202456.349637034	526776.3782596835
24	270628.0938404402	18260939.61919256	36032414.720284164
25	55363.16327708927	509987.50489126664	8036.980008150494
26	14825.347994026324	578.371862127421	83294040.06461701
27	-49029.94949343207	1354489.7349106849	2762.5073868127206
28	-1090581.0983322451	12478203.135936158	31141068.320395913
29	13060.029423959008	6577.711552663349	7535052.793959063
30	-14946075.555514377	50156738.773728244	628159.9350271556
31	11727564.13937241	15834368.868137551	16196146.383400632
32	105314.01845411498	455588.1839124666	91924.16624002447
33	124058.28891048965	1123790.2669041345	25181923.7634089
34	21119040.811068643	53295287.21646346	33067512.211037163
35	3468.6798750990406	1219.2645733587294	153085.12257072236
36	235700.8953334676	1418917.3354007774	72395119.96242894
37	311659.4489997678	2299581.338383805	110264.91987534931
38	514848.04814083036	2125396.5731003266	12814797.677858712
39	4986495.59029803	6434120.29021766	11328068.35943354
40	-24327.15211840557	2154.138305550901	1553872.405753884
41	73856.67918172963	1289455.2098322373	29541400.30400217
42	4723962.591314761	9712732.543943685	54577.438497822615
43	7555496.041458536	50695468.26188707	15342749.958888052
44	-401.79180857281654	117110.84421395624	901282.9391855733
45	30890.837744994344	110064.84525030944	39092515.64280859
46	46592016.20695304	50849171.528869875	773249.8575718048
47	18187269.267011542	22901779.71750143	35696560.23030445
48	466.32800922203495	1169.7878445765837	97097312.52338961
49	90266.76070185224	361379.02475173154	89521582.06243894
50	103915.57235732311	445150.2214320048	49859480.39433847
51	1635959.2021065743	3319055.0115319435	168872.4950769302
52	-11703143.97086355	45768910.206316926	72755362.01072316
53	-33425226.904497858	88525911.4210951	41396024.45456329
54	-3278831.4748538607	18960613.402287144	48568.88911312983
55	76271.21877925239	880354.647761122	29486.648383792115
56	-8639597.309180196	33730032.65115447	166658.4194278351
57	3508443.496423838	5229571.546555643	69523612.24518055
58	-5756756.492949429	29885275.962499123	77008107.09754962
59	4299350.635918522	10395009.281129071	27062457.0044241
60	8971246.891615018	21798269.143237766	10945628.79388245
61	688007.9413797186	4034436.5737436675	38682828.82027564
62	227484.51906070995	848902.0290382382	3.326816718750881
63	125712.47008655807	284400.83862216864	82900634.9362859
64	496461.524812607	7982217.7938113725	1738.6994201426035
65	-518715.08414960076	6003100.035473444	2135302.031142865
66	5253468.526439082	10339331.67674344	15.994758548683935
67	22240668.65139807	26641418.66398916	79424640.33097835
68	-24379268.793209642	71152209.93498223	81343262.6950236
69	27404010.021482464	32681537.908553828	184674.68575811235
70	-93567.7668602123	5967612.558477305	5275829.362582999
71	2865295.527119731	14964994.403058115	19439781.142958228
72	-9415242.138330057	40145658.26524793	43071302.3255648
73	92684.94456303236	1203294.5993619512	2305718.8870416177
74	40830.316722196854	244829.38177445083	24240752.341790117
75	6251375.429279375	26122415.87658069	41510828.94323992
76	-31956.56211689583	4611.190470464422	24282994.97957059
77	2417041.2913038195	10324790.203658149	45467366.36853825
78	5079892.82186688	21771795.73865932	62808542.46253036
79	12615.67632577159	37672.697249990175	12630866.577229643
80	-245168.21794715343	376435.4039886757	55977107.952834815
81	426255.5379551718	876745.8771692701	101.92346748642166
82	-3583.5501012636505	4499.757868579643	46166.413023519846
83	984.5888368491405	68137.38925922888	81680537.94681397
84	7169606.019779505	9406215.242209774	830932.8926853735
85	-16021.299189647263	258976.8452793869	73043.20183590407
86	2231.498316730684	8566.421898136396	35548245.54782948
87	-2554146.0166405393	17905732.063395984	16666314.93571969
88	5132597.399865624	7377420.847218059	73213186.27426872
89	-1677.8960944846292	268575.04967406817	16756612.52474979
90	83488.26764029093	169184.34478472578	21344142.74314922
91	88965.25714160722	320137.82906653837	6267834.885986757
92	6284427.800981839	36562212.32909744	29978893.107118383
93	-729173.9679250335	10974239.364694048	54851456.836209
94	-13148.959230387532	85490.55312633075	24732467.206436586
95	-1131115.5951347118	10422728.415963318	416.65052694810106
96	433138.1529609029	2984184.057370171	65691296.653044716
97	1200.0263904847625	8.107395869578225	48256489.84818457
98	202845.9075863653	5166058.153877005	89125456.5563774
99	120709.10064115027	784647.6750880985	27860079.154961225
100	-13337.834618049685	520753.1507020247	1012668.0832068956
101	-39792.25823952129	115997.08158265079	817851.3454999836
102	23354.725976590347	25120.07689901197	4585477.536811815
103	-643695.28806751	16256397.352891788	77307337.81235328
104	13013246.347130273	33105343.71017059	16044630.14489888
105	1362819.2236405732	12654963.917981775	2365.783080894416
106	3514992.97408674	5271033.6126772985	5730.810391818303
107	-47805.49179384383	443240.80841532256	39387417.80600881
108	88882.44180567832	1367189.9134436883	4810.239712801131
109	19386.62259938297	115012.06841645304	21465241.381460145
110	146481.8240925938	372888.1329738182	3763998.0696969097
111	2105272.470419382	5718198.565947124	70747954.80511709
112	25941.20457588497	23304.41823686331	1774555.1701736415
113	222742.73245302148	2600716.56423598	5286249.623100601
114	12234779.83515268	16333928.883499973	697908.4247043671
115	5905365.469248091	58020858.89380063	100.0950134805189
116	4487163.58987936	6784571.995565967	10492181.097947197
117	42023.99872567142	2811247.983646203	13482412.6076774
118	3525014.234786313	5191013.25790092	735011.3784085171
119	517467.6359892786	626811.0013319104	16038507.704088446
120	-56106.25434433185	125164.78922744466	208.00774766305074
121	8972.187159522367	27733.462236334024	16992317.29975316
122	-980495.1254852318	11224317.431434052	24251845.4329312
123	411579.2928214176	1648121.7083946103	15767808.076775067
124	73115.67943730576	745838.1214932713	91185954.17242493
125	1231208.3774721464	4747087.446716845	376208.013886787
126	-2898.2084297807846	22491.903138234185	23874690.062983435
127	55858.1111432461	3622187.410079898	204907.8786766985
128	442973.839278175	1002003.8158275096	37991195.1889289
129	5290.761102929798	4097.126308541317	60415320.30782222
130	-9039092.866787808	36868006.34590624	11944769.55473517
131	-3908830.5068771634	24085930.744538404	75539452.1431738
132	-22555798.695373006	68728367.70318829	31952354.637621015
133	12981.7726617185	29589.14610301863	113096.48310475095
134	1274774.8074464004	5270090.371062908	489577.5797089971
135	707731.5815596676	1235946.3239039993	79253.72549189533
136	36541948.241960965	40652980.18889752	207506.2024712594
137	3878351.1553987237	10831010.635154616	75.14508957871688
138	1168580.5182746756	1701056.7518758785	2.4501021409957615
139	-92355.48504619254	6547410.717451783	299630.9000994063
140	15364.015036907978	9794.657053179935	4977069.145833766
141	57502633.13184831	62966089.11883134	39868351.57335166
142	141975.81973245923	5085112.2610159535	2517038.4723682166
143	23223.913294565453	3453694.034517363	422786.6487160354
144	27810.940911493326	42572.75435787276	159379.31976738948
145	2456355.605763016	8945319.83928212	2839019.053068142
146	210457.65591952455	1772430.3152156794	31807130.216543417
147	-8351.129351276282	7647.312835222493	13528752.705742719
148	15134626.441526027	58883443.47551745	1740.9733235574051
149	5263386.553303768	26257283.059717894	5423857.600173245
150	6090399.685925401	23989948.043209232	1318.822583799214
151	17820.417088247785	972461.1089739179	1881605.9162324527
152	114808.31995412686	3275634.6652760305	2818926.484649878
153	17232524.13641933	55690717.99650436	51244624.56942198
154	7928405.11486341	43035129.93500442	382355.7764054882
155	-349858.0412241646	6971713.537256011	9860100.620334035
156	-223733.91198211117	16734331.482406268	1844894.5450811395
157	-2123049.5234618974	14658522.400738325	20900660.670070577
158	56550.74261284307	179469.40541436363	10.504488023978338
159	3660.996344036623	3797.3358858564993	82265544.72967707
160	-1289852.4807873461	13208737.549532063	49482304.253588736
161	52843461.05033777	58040417.05535533	153797.05948386967
162	334332.45546610927	698745.3203907012	77173817.49829912
163	-6227041.595764556	30902925.221611634	41670184.677163094
164	28147.59988634476	767.2535664351951	31783378.374044195
165	14434081.022251083	18359012.314647395	76879815.38745163
166	-1391933.240177309	14936221.735131606	44249930.76171709
167	-383702.3056900063	8676471.547318786	15495438.63948811
168	1947724.8556436568	7306876.054286374	83586878.8499775
169	2503151.7875104058	4528834.631694621	48928.036327784
170	1718115.8641110049	4398959.054632229	1324922.6827745114
171	-2711.9246755719246	17568.353291923457	3500114.4345554174
172	-10341660.912104748	40435491.09022071	277948.57218807173
173	-291649.87973367074	9328069.353341717	4181597.5341790454
174	133877.65238560742	192001.7919171404	46215240.471084766
175	6604459.396938108	8566638.790967125	247132.30420490215
176	-6288477.777153163	26815515.326566257	3656.0922195655753
177	1576057.5224936628	5522425.017337641	178583.36274043683
178	478982.3293203034	6060941.978882797	51312825.72742183
179	-8569.276574667334	218285.2456667028	90240415.74348904
180	952170.2914590294	1688641.495216987	5897738.104863388
181	-75374.51565347792	2839584.9012242886	458799.53947110305
182	-39339.92057442656	107649.74719266857	4655415.7137516895
183	2415395.01510003	3526069.8992969627	19378755.39901826
184	11685.810867014754	21038.441023687767	27757954.89112395
185	38214.013902636594	10306.744777661896	54225840.51227769
186	81473.85657572089	116608.95008996892	82439932.74809004
187	642524.8702653989	946109.5932531586	5686803.701619122
188	3674027.620677445	5573519.3116943715	80101082.53643006
189	-84405.52245869502	5893364.049013484	5177498.084745739
190	37636.62073931265	690008.6966950091	6964.228785061954
191	68488.06585557206	352.865785412279	2306883.7814467167
192	2917597.299503871	18990896.40299558	57366885.38376299
193	2643573.569941935	28655653.724413604	59465146.53122834
194	9979250.228854652	48762759.25833023	62310509.84783039
195	11331096.847570613	14507440.21361951	381414.30496161943
196	7291.802683250207	659210.2203918297	51787380.72440884
197	131445.4895631321	249410.55751275882	7150363.467111289
198	1341211.6698688713	4273512.391546121	15845794.940471405
199	-4136539.60531544	20042667.792708706	1903818.3904446287
200	2735.6699545374577	32327.465008454667	98704305.32413773
201	482222.45584318554	1649081.543297255	2182704.0001702467
202	89645.85449289271	300002.6499160421	400281.09043801494
203	5139246.692560817	7015726.176385374	44014.391872194166
204	20180.416412616396	214108.9739016473	29219682.86998969
205	380600.99952146347	1024021.8656209607	6996818.517410566
206	31921.053432389916	133566.6391266829	51107520.99495173
207	4542890.040169765	19074329.352915496	322113.09878783295
208	3027209.65961443	4768340.210009853	41261063.51342219
209	-7132192.583528872	29231439.938620824	2.3842949313317083
210	4460899.74848687	15300509.82214348	1744023.8416597315
211	270374.90331148217	1218109.0078843748	1004.0514019679069
212	1139756.9856077754	7197152.576621923	1794882.1628416635
213	-107799.63464498485	6689256.745056489	2690689.877006222
214	4090872.623953879	13930618.081079397	3180908.8754606796
215	182936.33555653467	2063754.350566976	537783.9672235722
216	2985898.763049001	7923140.52722979	1688182.2527672516
217	5145854.645261099	6389426.681594957	967376.0488436496
218	-252896.25888558736	6170074.643346402	8293595.707231085
219	2231246.694256989	3512192.4144161604	91984431.08754198
220	5773675.664039013	7472146.588561019	180069.82620778162
221	12744545.379035061	15995803.058402183	3638958.953898162
222	-3088959.9324763063	16622083.481219798	19865.549749115668
223	3783473.2522564456	11375491.205396976	9668126.806695517
224	-18017.077838690147	46349.43574082178	22903727.28115634
225	18923.99747418783	60221.81593507521	682.8068907806378
226	4028889.2141244784	13748477.501555244	54485.179439450134
227	12396521.249560587	28561978.530861422	26172793.742901947
228	111550.78991968925	551248.1338386034	43353104.2989967
229	-1846.0227707670979	77680.81336337092	9467010.404769037
230	27144.748879594765	15417.361399924002	41690656.36536709
231	12365329.542445106	39344292.57316532	50902290.509352565
232	-10557.14364675891	739664.2467438739	1869464.298224399
233	995674.6320240984	31742825.07417177	65260027.00846276
234	37904.563627506366	13634.141130390659	16641218.717182005
235	3317.626171209902	34128.35098655176	476594.0182549725
236	784005.6948808414	1160384.4422011075	2818302.2124865223
237	27958.945484184038	103290.42197874215	38140.02554141985
238	823189.8746091487	1459595.7703930652	74986874.78402759
239	10301317.100365827	12925278.767619133	9774744.163397837
240	-255735.21321233467	2449746.3076189146	548290.3564015797
241	13146863.149892544	43507315.38294733	3128.04003510816
242	7833005.359176076	10690924.733414765	11740423.246758379
243	-16690.51412115211	5876.497290093348	45533455.09569706
244	537653.7660319646	2299573.9505587188	11871418.269430142
245	33484.9436146942	18983.782653972983	27543572.18306919
246	715661.4010131054	2677155.6917403205	8379640.463716173
247	105009.08031062326	13118.757982354487	371.45134245003493
248	9472.128886883507	13654.48566850939	33962.82937497211
249	-85133.39267125232	2317741.7725074408	65266130.87372134
250	7748.989196803649	39675.63061745913	118866.13642470584
251	4989.106972394493	25204.780895176304	3616.1048599426576
252	116291.09377924647	285461.36606252263	8707386.787263172
253	3867.2748352518975	614.177903692647	0.9063552005942505
254	287971.77463805815	433970.8539538107	14827166.23635699
255	84147.9020209168	1633638.8634669953	36047138.95049427
256	15305633.687455982	19750696.357038613	3434977.24270826
257	5854064.493930927	19932288.228684276	1858979.7184651806
258	-6939647.5491337245	32341784.67458935	13200031.100317968
259	11945.889206917314	75705.86792770098	419967.2608300895
260	2649.04752420381	1520.1761027309728	25613220.39056287
261	31115179.85168198	36798460.21682923	23142862.3116033
262	429344.3501060017	3014880.2189185456	29048404.556043804
263	-488950.59064050735	4186023.694772753	100030644.53750494
264	264821.0929919805	1637162.8719464499	3984629.82599613
265	14878.120046333337	735747.2655449252	3138459.4277613247
266	4725.770737057077	173530.0384852006	68491917.48734078
267	1695584.152425297	2659498.1187563934	11185801.489491388
268	340567.06442044314	5314145.21385268	628487.8894248878
269	4530613.676662228	28074330.580044743	24972.94990466915
270	38456.10915734066	228058.15957821222	15682356.693632953
271	-30847.788676121294	11632.818189545633	0.8721656873654364
272	-1614.9708075554506	101119.43313048524	59682456.43318761
273	3596187.962071487	5552268.601201049	468.4588239463737
274	-181561.0869382969	11211.111704496016	449769.793997153
275	148188.04245352442	554648.5454684464	7427043.652830541
276	531206.7759625906	35448699.19165015	5640468.3808844015
277	-2532828.115222823	17812007.34906089	21687.392045210363
278	948304.1247803924	2489962.619573187	142847.9536249183
279	457027.263990289	2354564.924698008	3388641.741606257
280	82949.62078252234	158873.9937007573	244057.37056576525
281	260314.4514757342	1225288.7445111051	7264605.907106063
282	-175411.32794787062	9509040.717871057	80199000.24870473
283	-306599.51576919854	2641740.017136882	14238377.527849045
284	20730.909594618846	10820.195451357542	96711392.22232328
285	313158.87421561946	912843.8824319108	42638847.264866054
286	64884.48351436202	241688.31857719587	1342727.8967978423
287	6333098.520661933	12580775.734243007	8194850.60906456
288	8232499.210638972	29952665.73490797	19264745.10796589
289	849297.5946625164	7147675.323445007	1517319.2217633096
290	-11211.625837807363	144766.18788947398	20371156.94124204
291	300934.98558426	4325005.229073713	47880742.19507862
292	-135418.7384853829	4194560.055014732	38640.66033702122
293	36151885.7420599	41368781.03758528	2770574.9399471707
294	8220.91804122112	27916.601856885478	539355.6197383094
295	-384541.23818957596	5220001.002106996	46644478.028723784
296	6570151.450257693	8329790.292999015	1148674.517873219
297	562589.6443336217	2725353.7166465996	18358133.35178116
298	5309650.756486818	13517814.680568801	11783140.39030691
299	13409822.989836577	31457741.666363325	44800513.63034031
300	2590248.2137441305	21027046.41409916	19761221.079545885
301	6780153.444203267	35156528.77064106	73770615.81846973
302	6323244.843940453	15001560.851722986	63278329.56824349
303	19608.17097652135	22314.367427481837	77488137.9874995
304	-686723.188050165	8201436.702449908	50521833.508347414
305	3039051.2219732925	18424237.244558625	80393355.93060732
306	20767068.02246718	60888170.53261468	52031704.84820928
307	-205969.57013288536	4470722.470826717	334404.7137700517
308	-2657233.9084496205	18218261.408700537	18031080.44482424
309	1102346.8983190448	2624846.951889567	2130245.522910356
310	1495963.744907901	24403513.37916841	740.7935153748173
311	162941.7251159985	2825.046302285777	28867.799535578313
312	90998.44483081193	3727459.57827111	79941063.76986745
313	1330687.1246540947	1816667.28141621	709.3255161408008
314	977948.7185034464	7778663.027852502	356742.8005481583
315	241709.95585473534	649134.8783100387	64.25958741172212
316	2354015.658510394	24742920.009897523	6061877.640003045
317	26015047.723718017	30819407.459614933	27190231.72180959
318	9342.433335557498	97333.01411391022	1146419.1081345433
319	28540.918358083723	75866.31215369573	12243905.614865985
320	69065.09268185301	1242235.7236894933	70214.81654778069
321	21520111.877136666	26517666.051811386	38463258.23211942
322	15434365.348948218	49200223.41348771	127656.1583969666
323	-2728218.757645707	15566485.095795443	69039521.32352458
324	518404.0053340216	1591270.4842506186	56351419.822411805
325	294749.71413172636	1543514.7215731586	8436975.252983205
326	124648.24453674817	234969.31237667147	1028280.6024196584
327	-648706.7984203759	8592109.644004127	140266.3851593889
328	1040211.6723191218	3996308.5667686174	802729.6954960919
329	1478076.9853239933	5206615.117470625	816220.4165425937
330	26091.73625197902	334890.96881222544	31103443.20698499
331	597409.5107446624	1379060.3925034811	1733177.5200555278
332	1868850.7889082115	11086220.923684029	4568.809904867272
333	72122.75928354339	135837.61906489197	33078025.715403218
334	813250.1863741316	1503595.1693985255	29238296.231910087
335	11811057.571063057	15210068.179920334	38912826.646156125
336	24517883.23890603	74458163.08307295	87.73583455928288
337	7077303.381556837	34140544.60340874	31867941.561112363
338	-891.9759784702861	4198.367188005503	66436054.97273526
339	47153.008866591306	207005.7457511611	3704952.8482755953
340	-23157.437655520665	1927.4927325845968	17422499.585574176
341	1008230.9070106021	2235748.357303368	59133961.390314035
342	509134.67116291705	14238491.08823034	421.37664368313307
343	57369.97820890863	150020.082400254	14300514.164765375
344	5098113.557865373	16232425.915262448	70275541.06576385
345	6992821.025952492	36774660.54963092	10445439.033371022
346	-218729.70369063743	5513696.385768218	1.2360410035373774
347	-2935904.740863592	15938469.567800878	7826705.455506498
348	66488.87962769845	1634220.0109754626	4115.729024599865
349	511498.5876671467	856084.6300428289	1108276.0376043702
350	2038114.147193999	6945084.3753097495	21456249.07902113
351	-199198.88867704428	900790.4873723874	46684046.667795815
352	-1057770.6937491947	9200783.009437654	57261744.89791622
353	1750901.4736332134	7564928.48398331	351910.44374342804
354	4881506.289498395	6372600.018169361	172011.17115984607
355	-1640150.9434690648	15700634.50558852	19412.79881315938
356	3166342.6437161095	6072221.966681467	683419.4517656898
357	19535.592570578203	3252756.958080667	48125525.83045871
358	22205796.95971035	26782707.7299806	971452.8370500546
359	11509.368502295229	7395.964285788117	19795.622952148373
360	1943627.0609944973	2385128.3790364494	2158161.2619652506
361	4492.519727069288	36653.69988895825	28770838.066043463
362	459645.3015282919	194624.44187454705	1460875.9755798301
363	263820.79233824066	483860.73473377444	22622056.724437583
364	409991.5115564349	3025556.2103207866	90176843.71105014
365	152812.5005034846	394314.0078518419	0.7413635070989814
366	10075678.439270996	42886267.729069926	38270766.45369109
367	178739.12747567025	2314338.598943045	388049.0608333089
368	206830.28795390454	1626735.047921427	3760886.56189942
369	-32873.35215584617	2634631.4326369297	18902474.388002757
370	12571.604492379769	76440.7309053315	951.7187557395888
371	2530616.478066928	14753988.815038027	70425281.62341474
372	-2749809.7712692614	17346539.315461136	47506639.875605725
373	-2095682.2008963162	13429437.933759606	6543448.77427017
374	25255480.043511596	77513927.03315194	61.59523679758831
375	18312.116077952254	256325.55962466856	84534956.12880458
376	5794957.484310163	8350179.2388800755	26995816.176859785
377	17713.392826372296	19089.573072076735	515471.1805205451
378	23743.58254598399	142984.6360898473	72812621.53564984
379	-2776587.323400961	16600468.71431485	33725.37504317202
380	601292.399489163	826547.0814164259	150573.99635330593
381	799179.1097059648	2170724.3261909313	8837458.114112733
382	367300.71997844276	14044844.34438531	6519637.482714235
383	6005.094277771611	27797.440277266465	7539893.5530032525
384	16356.42238077113	46337.17036815869	1669334.328583258
385	66365234.26412084	70377332.1137746	1045158.7305445407
386	1104149.3617986075	5039939.888604437	1524616.5920293317
387	10170249.938774697	13164003.691886354	18453712.940215316
388	-115858.53127917898	1479394.2084353124	131191.94883044195
389	61041.18527967055	531032.5595280081	92362609.9973391
390	1818.7496267506626	91.83222220375536	515.5118279896514
391	8689.319062601548	1996.9540285399041	2759738.9878640724
392	3308.1482206170695	80176.73215466776	3425593.663227121
393	14654.994456993076	51233.569207268454	94021423.71453905
394	5612639.790279676	8007286.974091586	61148646.585826054
395	775934.8137234829	2960596.444700808	2088465.8547324291
396	1620177.5727496687	9097432.607323924	97532955.93082213
397	-17571.310402705574	107118.09311891941	1230734.9621454848
398	-6003.009606498804	115522.21459647422	243752.48191650092
399	750769.6736285618	8020555.002485306	11632428.992488107
400	25237.433591595895	1999.6691252598998	1325575.9266622774
401	1022413.8253259906	1367479.976689867	14058311.802891206
402	1388490.9333386358	16047010.241933478	83306333.04155296
403	259375.16387396227	11206841.215489736	11073.931192859252
404	2912580.5896477844	4266239.057114852	825507.7345596252
405	14673877.287167016	17913796.258903686	8108.327555717701
406	-36172.8786911416	109797.11293131796	6378510.86918288
407	-315921.9477260224	2091861.5274809934	1049.5605601029595
408	9552530.750203406	12936108.098006438	22584327.50370141
409	291361.41582094954	516251.13231556094	720799.5428152776
410	83139.39200782542	187943.52457749168	14425601.254387971
411	227880.44404327392	4170508.8871654375	91468.78712812439
412	536141.0891536124	2300393.4674413577	33217472.4513455
413	-4135707.9664349016	24352658.88072677	35812843.538230866
414	1848467.7138491387	25677656.317029793	9217225.718502717
415	-211088.4662882198	5230621.818691331	12481387.6637125
416	56995.66944153216	1106092.5181180343	10152.478981685585
417	13745002.55214491	52482442.4456025	327558.3920353964
418	14370.677036860565	146468.85506997316	11213.629202393005
419	36566.019864661255	243638.03357440393	19868423.836426724
420	255066.84832976188	3064055.82237532	58350482.622511245
421	328437.5714752013	2546079.4711360014	52264643.623109974
422	21303.235863474678	173239.61936176138	3377429.1573155015
423	20933293.495887797	25353970.02945111	5818214.504218616
424	1000850.5850585354	4368698.917685401	2209553.322548654
425	534029.1351144939	1023871.55197857	5125044.805028251
426	23899621.52817988	28819162.124760915	45.21481956011097
427	22814.175730749408	97436.3924631601	1388798.0124651468
428	3975854.621805385	18391333.00478016	521656.2976824184
429	939123.1421430104	11365837.076293774	51625329.28005719
430	2042610.8709053784	3432770.781999749	879498.1604704283
431	-2397886.1739177154	15994611.441771839	63699424.26451688
432	5513186.875644777	7849733.879306001	115095.54381439764
433	-90688.689969152	10489099.596176608	30931354.803104427
434	15413.93948730725	-1413.202952585049	28203649.21973657
435	14386681.766529934	18030887.235605344	82018661.98706976
436	3078077.029465229	17271065.010374	6776924.678063608
437	-5711.504729138461	-3455.368206734199	21.304170190613103
438	5817786.811026376	8369428.250195738	1976078.675742265
439	300775.441712389	1461024.4567317076	213901.59487116817
440	93177.08346157408	349733.0274200456	7117574.381740315
441	-243771.42065858105	350916.8914649484	97086.61642109559
442	-9435.86978134836	843.6610673418161	60707847.74034774
443	167791.46773146596	1306824.8978356102	7603253.707032127
444	10660962.346223017	14420668.724225998	791952.0060986902
445	270364.05569606996	3449762.15415102	106859.0797030514
446	5284.247912271622	745085.4133342764	4888016.904089303
447	4482512.412599691	14259814.940883875	33440351.80672304
448	11769217.771185316	15546574.013831967	728696.3153425135
449	2762761.2382297534	40067325.532564275	2066015.7095221286
450	35383153.088813245	41234877.10681399	19617630.528611716
451	12876131.423152192	17195326.508654084	5413.125460938672
452	41424.73165182634	250215.2831420817	6838605.675482318
453	423667.90893604426	4374744.676569745	1345764.0092563324
454	-4989560.883802447	23265342.528389726	1238356.449653544
455	303020.35828820337	1206141.383075465	541648.2414466785
456	231399.97886050618	5149318.563955387	13660955.896576744
457	11052479.880506087	14431266.385251267	478366.3898327711
458	9386.414925649355	4509.6407058371415	356458.86926245096
459	4252375.053761477	12476240.750167673	92155.70561974561
460	32687.747066976684	40485.919319202236	5839452.328514064
461	13872544.667500328	18194492.309715886	10293682.177955957
462	21871099.71458314	26045118.991579846	62593046.09709017
463	6378263.342064712	8482637.483772013	80290066.90079808
464	155504.56093510642	1065551.8940148281	1058429.8972130856
465	12474306.465364145	15312283.857237943	23481692.80485118
466	173640.3322377928	892446.4777119044	22372306.23198106
467	-5978.648518596614	24361.24159472634	7706593.516983387
468	2656297.4971385337	12146255.141751612	607945.7932820506
469	-8715537.198762015	34608909.11457523	354604.07487244334
470	10357.012515397877	91368.27601299692	14740373.139221814
471	133535.21541415577	350902.9633311267	258153.46929923253
472	11670199.86407193	15812297.984208522	22697348.76720232
473	-528052.7951109081	6159338.948166491	65803173.235401526
474	42321.28019863946	5257.243192123615	2807383.29790537
475	180981.063667485	220171.46409924098	41617.38932761062
476	68798.3884248919	233252.8392284743	10445863.804522954
477	41588618.14257836	46849844.56356887	14319334.602436079
478	787671.7358006672	6953916.462569056	400698.51403312164
479	15726978.42947296	52158637.15780148	2327058.042137834
480	-7233736.987346496	33524565.75346447	176792.22674842275
481	1220398.9801866913	2197420.479652339	9341491.477194767
482	223822.12855581514	926162.9948775894	52242555.559951216
483	-43810.92544136749	6698411.94175728	65487908.39030342
484	10454.869746618831	8066.849513717002	25125999.464876324
485	666936.3848359146	2535184.063061187	1132698.6719324635
486	2277241.934119702	10641531.196208568	4052785.7615758986
487	-27601213.064531766	77940883.38342847	18883943.726965256
488	64488.17208173828	710333.9022912796	601.4567267094865
489	-6265869.835621384	30348475.49971238	6954436.455333882
490	1789926.0993132098	3001625.8480359972	928707.6006125725
491	768168.7808711252	2926737.565522518	80101736.64977187
492	568182.9360287702	1049158.9488670728	72146.34094863725
493	1434100.009634769	19978621.01233376	14583600.124482134
494	498819.7439943618	5291093.4075870495	56688808.72881329
495	2134023.9587122872	3396040.2310226206	7960964.728221795
496	3825070.9782217955	13094012.587376582	18061670.630832933
497	2415206.994378402	3377960.949649197	30816928.366226874
498	640230.5779383846	1600614.0199879617	3150341.472418223
499	-7417.858908657048	282.96275052963017	3018419.0141516416
