Epoch	Explore_Iteration	MacroPopSize	MicroPopSize	RMSE	Accuracy_Estimate	RuleCount	TreeCount	AveGenerality	ExpRules	Time(min)
1	100	1000	1000	88216709.58513696	1.1335720787672208e-08	0	1000	0.8692499999999994	0.0	0.8165574471155802
2	200	1000	1000	32258777.49134891	3.099931388499964e-08	0	1000	0.8687999999999994	0.0	1.5526113510131836
3	300	1000	1000	30931105.11191899	3.232991398308449e-08	0	1000	0.8682999999999993	0.0	2.2914087335268656
4	400	1000	1000	36397585.58021479	2.7474349097189474e-08	0	1000	0.8679999999999992	0.0	3.0555216511090597
5	500	1000	1000	29879641.094313633	3.346760302026205e-08	0	1000	0.8679499999999991	0.0	3.7658565998077393
6	600	1000	1000	23991674.823212825	4.1681123376653136e-08	0	1000	0.8673999999999991	0.0	4.466432718435923
7	700	1000	1000	39060882.56769592	2.5601059388913018e-08	0	1000	0.8671499999999992	0.0	5.260083750883738
8	800	1000	1000	34917028.61668018	2.8639320439854682e-08	0	1000	0.8668999999999991	0.0	6.029301734765371
9	900	1000	1000	31718947.91585926	3.152689588336286e-08	0	1000	0.866599999999999	0.0	6.7744334975878395
10	1000	1000	1000	32126095.411535237	3.112734230732554e-08	0	1000	0.866299999999999	0.0	7.559871749083201
11	1100	1000	1000	32816571.1990231	3.0472408694463474e-08	0	1000	0.8657499999999988	0.939	7.678212467829386
12	1200	1000	1000	32276763.548018347	3.098203968096906e-08	0	1000	0.8653499999999986	0.941	7.786945601304372
13	1300	1000	1000	31018413.175157666	3.223891441880642e-08	0	1000	0.8652999999999987	0.943	7.895882717768351
14	1400	1000	1000	36404601.43192188	2.7469054273289804e-08	0	1000	0.8647499999999987	0.941	8.005722081661224
15	1500	1000	1000	29847096.985731088	3.35040947859677e-08	0	1000	0.8645999999999987	0.937	8.116166067123412
16	1600	1000	1000	23985097.508514147	4.1692553384553476e-08	0	1000	0.8640499999999987	0.936	8.2284024477005
17	1700	1000	1000	38963213.2590676	2.5665233708671194e-08	0	1000	0.8638999999999984	0.938	8.34559233188629
18	1800	1000	1000	34864253.90046813	2.8682672348938473e-08	0	1000	0.8642499999999985	0.934	8.462139769395192
19	1900	1000	1000	31691522.42776739	3.155417890462858e-08	0	1000	0.8642499999999986	0.94	8.573825331528981
20	2000	1000	1000	32070859.53517116	3.118095315538321e-08	0	1000	0.8638499999999986	0.939	8.689084362983703
21	2100	1000	1000	32607797.977673385	3.0667509962408125e-08	0	1000	0.8634999999999985	0.936	8.806338266531627
22	2200	1000	1000	32259178.764409043	3.099892828345504e-08	0	1000	0.8634999999999985	0.931	8.924072114626567
23	2300	1000	1000	31013901.886794887	3.224360389758557e-08	0	1000	0.8637499999999985	0.934	9.041022332509359
24	2400	999	1000	36391002.563424684	2.7479319119549228e-08	0	999	0.8639499999999981	0.9309309309309309	9.16239219903946
25	2500	999	1000	29819174.68464773	3.35354675989533e-08	0	999	0.8639999999999981	0.9329329329329329	9.278430700302124
26	2600	999	1000	23984200.276983295	4.1694113072660924e-08	0	999	0.8639499999999979	0.9329329329329329	9.393403784434001
27	2700	999	1000	38958101.19462703	2.566860148895848e-08	0	999	0.8638499999999979	0.9319319319319319	9.513441149393717
28	2800	999	1000	34926050.32594654	2.8631922649014167e-08	0	999	0.8639499999999979	0.9379379379379379	9.629509850343068
29	2900	999	1000	31712897.270628106	3.153291104036938e-08	0	999	0.8635999999999978	0.9359359359359359	9.742822166283926
30	3000	999	1000	32209934.917279184	3.104632069334683e-08	0	999	0.863399999999998	0.934934934934935	9.860195585091908
31	3100	999	1000	32632478.50090561	3.0644315580501574e-08	0	999	0.8628999999999977	0.9379379379379379	9.976269817352295
32	3200	999	1000	32445813.555938788	3.082061627011805e-08	0	999	0.8632999999999978	0.9359359359359359	10.089961985747019
33	3300	999	1000	30965694.115752432	3.229380113257313e-08	0	999	0.8632999999999975	0.92992992992993	10.207889485359193
34	3400	999	1000	36383252.420861684	2.748517259939742e-08	0	999	0.8635499999999977	0.934934934934935	10.32536750237147
35	3500	997	1000	29746672.20288766	3.3617204625857955e-08	0	997	0.8633999999999975	0.9358074222668004	10.4373392979304
36	3600	997	1000	23782427.634653468	4.204785034203345e-08	0	997	0.8628499999999975	0.9348044132397192	10.551510417461396
37	3700	997	1000	38963702.97330297	2.5664911135891418e-08	0	997	0.8623499999999973	0.9348044132397192	10.670018716653187
38	3800	997	1000	34912260.87835042	2.8643231523767695e-08	0	997	0.8623999999999974	0.9368104312938816	10.782077034314474
39	3900	997	1000	31682267.293459073	3.156339662101952e-08	0	997	0.8628499999999976	0.9317953861584755	10.898994632562001
40	4000	996	1000	32205110.384841166	3.105097163149998e-08	0	996	0.8628499999999977	0.9337349397590361	11.018381615479788
41	4100	996	1000	32622921.91833326	3.0653292548413107e-08	0	996	0.8628999999999976	0.9317269076305221	11.136777532100677
42	4200	996	1000	32434802.174122896	3.0831079647118655e-08	0	996	0.8635499999999977	0.9327309236947792	11.254497583707174
43	4300	997	1000	30946410.996720582	3.231392382761436e-08	0	997	0.8639499999999979	0.9348044132397192	11.371874264876048
44	4400	997	1000	36382473.07656296	2.7485761355745313e-08	0	997	0.8637499999999978	0.9317953861584755	11.489959196249645
45	4500	997	1000	29747629.039382327	3.361612332397972e-08	0	997	0.863199999999998	0.9267803410230692	11.60822234948476
46	4600	997	1000	23986335.61220241	4.1690401338371805e-08	0	997	0.8630499999999981	0.9267803410230692	11.724064799149831
47	4700	997	1000	38955387.29016191	2.5670389743042238e-08	0	997	0.8628999999999981	0.9317953861584755	11.844884582360585
48	4800	997	1000	34917791.74904555	2.8638694524221727e-08	0	997	0.8629999999999982	0.9237713139418254	11.965224933624267
49	4900	995	1000	31760506.214398213	3.1485643262858944e-08	0	995	0.8633499999999983	0.9256281407035176	12.084590864181518
50	5000	995	1000	32053074.552025337	3.1198254232324767e-08	0	995	0.8631999999999981	0.9206030150753769	12.210437901814778
51	5100	995	1000	32595984.448246453	3.067862456828396e-08	0	995	0.8630499999999981	0.9195979899497487	12.337886532147726
52	5200	993	1000	32233792.26347436	3.1023342236706205e-08	0	993	0.8636999999999982	0.919436052366566	12.465389649073282
53	5300	993	1000	30978283.98639007	3.228067662361999e-08	0	993	0.864249999999998	0.9164149043303121	12.593793896834056
54	5400	994	1000	36389932.26042249	2.748012734300876e-08	0	994	0.8637499999999978	0.9104627766599598	12.728338046868641
55	5500	994	1000	29820322.802742783	3.3534176443383325e-08	0	994	0.8631499999999976	0.9094567404426559	12.860760585467021
56	5600	994	1000	23985916.513054553	4.169112978295456e-08	0	994	0.8628999999999977	0.9054325955734407	12.995214283466339
57	5700	993	1000	38956469.04495068	2.5669676920063102e-08	0	993	0.8621999999999976	0.904330312185297	13.137158016363779
58	5800	993	1000	34917313.31009279	2.8639086933182362e-08	0	993	0.8619999999999975	0.904330312185297	13.278267800807953
59	5900	993	1000	31759699.15367313	3.1486443359395074e-08	0	993	0.8628499999999975	0.8962739174219537	13.419428730010987
60	6000	992	1000	32056205.784113344	3.1195206804555167e-08	0	992	0.8626999999999977	0.8931451612903226	13.566266135374706
61	6100	993	1000	32839814.194229353	3.0450841275614765e-08	0	993	0.8621999999999977	0.8892245720040282	13.715309882164002
62	6200	992	1000	32233178.12152874	3.1023933327510155e-08	0	992	0.8622999999999978	0.8911290322580645	13.85989051659902
63	6300	990	1000	30979631.589333504	3.2279272425726146e-08	0	990	0.8621999999999979	0.902020202020202	14.001458116372426
64	6400	989	1000	36389744.899108164	2.7480268831020002e-08	0	989	0.8619499999999979	0.9009100101112234	14.146373999118804
65	6500	988	1000	29815927.85507451	3.35391194706921e-08	0	988	0.862299999999998	0.9048582995951417	14.28088990052541
66	6600	986	1000	23992341.342831347	4.167996545359354e-08	0	986	0.861949999999998	0.9066937119675457	14.413802929719289
67	6700	986	1000	38946224.56411845	2.5676429115156927e-08	0	986	0.8614999999999982	0.8995943204868154	14.557722135384877
68	6800	986	1000	34912078.947682485	2.8643380786780694e-08	0	986	0.8617999999999982	0.9026369168356998	14.696028232574463
69	6900	985	1000	31764906.50766079	3.1481281655198536e-08	0	985	0.8621499999999985	0.9076142131979695	14.833489251136779
70	7000	983	1000	32063373.274388164	3.1188233385616804e-08	0	983	0.8623999999999986	0.9145473041709054	14.966655500729878
71	7100	984	1000	32593545.766257178	3.068091997386614e-08	0	984	0.8620499999999985	0.9166666666666666	15.099247701962788
72	7200	982	1000	32240198.304995175	3.101717798143586e-08	0	982	0.8619499999999989	0.9175152749490835	15.228121149539948
73	7300	979	1000	30985147.64890633	3.2273525982754855e-08	0	979	0.8614999999999988	0.9080694586312564	15.360004448890686
74	7400	978	1000	36384289.32508447	2.7484389308277057e-08	0	978	0.8614999999999986	0.9130879345603272	15.494169652462006
75	7500	975	1000	29821868.952114474	3.3532437825183947e-08	0	975	0.8617499999999989	0.9179487179487179	15.618559682369233
76	7600	978	1000	23998138.504802298	4.166989694346467e-08	0	978	0.8609499999999991	0.9141104294478528	15.742806017398834
77	7700	979	1000	38949882.82308051	2.567401752832522e-08	0	979	0.8602499999999992	0.9193054136874361	15.874859968821207
78	7800	979	1000	34916117.421805546	2.864006783112202e-08	0	979	0.8595999999999995	0.9131767109295199	16.006541999181113
79	7900	978	1000	31697558.307277344	3.15481703277518e-08	0	978	0.8599499999999997	0.911042944785276	16.136325331528983
80	8000	977	1000	32071745.365640573	3.118009192886765e-08	0	977	0.8601499999999995	0.9078812691914022	16.267457715670268
81	8100	976	1000	32599584.638619047	3.0675236522495904e-08	0	976	0.8600499999999992	0.8995901639344263	16.408361399173735
82	8200	976	1000	32233712.119141508	3.10234193716319e-08	0	976	0.8595499999999991	0.8934426229508197	16.553071916103363
83	8300	977	1000	30987273.835287083	3.227131154047918e-08	0	977	0.8586499999999992	0.8904810644831116	16.702272884051006
84	8400	977	1000	36379062.84204057	2.7488337917161425e-08	0	977	0.8586499999999992	0.8966223132036848	16.843957849343617
85	8500	975	1000	29820577.46391325	3.353389006890423e-08	0	975	0.858799999999999	0.8974358974358975	16.980303049087524
86	8600	975	1000	24000369.250251327	4.1666023881007764e-08	0	975	0.8588499999999991	0.8943589743589744	17.122592385609945
87	8700	975	1000	38946912.795987174	2.567597538634841e-08	0	975	0.858999999999999	0.8902564102564102	17.27368623415629
88	8800	975	1000	34910165.35644773	2.864495086587593e-08	0	975	0.858499999999999	0.884102564102564	17.42804066737493
89	8900	975	1000	31697328.448861625	3.154839910451554e-08	0	975	0.858649999999999	0.8861538461538462	17.578998680909475
90	9000	973	1000	32059264.81861528	3.1192230216929915e-08	0	973	0.8591999999999992	0.8838643371017472	17.7328334013621
91	9100	972	1000	32588255.73575644	3.068590038763201e-08	0	972	0.8594499999999993	0.8930041152263375	17.883144132296245
92	9200	972	1000	32231347.76022432	3.102569512182711e-08	0	972	0.859249999999999	0.8950617283950617	18.02745399872462
93	9300	972	1000	30992202.299891572	3.226617966859744e-08	0	972	0.8585999999999989	0.8899176954732511	18.17306851943334
94	9400	973	1000	36377823.84483311	2.7489274146143293e-08	0	973	0.8580999999999989	0.8653648509763617	18.340854120254516
95	9500	971	1000	29820878.48986837	3.353355156207749e-08	0	971	0.8577999999999988	0.858908341915551	18.505446398258208
96	9600	971	1000	23998216.05345279	4.166976228994991e-08	0	971	0.8574999999999987	0.8640576725025747	18.66430653333664
97	9700	970	1000	38947493.39470999	2.567559262902992e-08	0	970	0.8568999999999982	0.8577319587628865	18.841581416130065
98	9800	970	1000	34918018.65382959	2.863850842383973e-08	0	970	0.8563999999999987	0.8484536082474227	19.0292072335879
99	9900	970	1000	31692571.51196335	3.1553134401523225e-08	0	970	0.8563499999999987	0.8536082474226804	19.199263866742452
100	10000	967	1000	32066763.096434537	3.1184936434268674e-08	0	967	0.8573999999999986	0.8572905894519132	19.375930082798003
101	10100	968	1000	32592380.264230926	3.068201712212625e-08	0	968	0.8575499999999988	0.8460743801652892	20.27828538417816
102	10200	968	1000	32249473.171246253	3.100825752041575e-08	0	968	0.857549999999999	0.8491735537190083	20.456990651289622
103	10300	967	1000	30992290.573538136	3.2266087766605194e-08	0	967	0.8570999999999989	0.8459152016546019	20.6416774670283
104	10400	968	1000	36381963.23317579	2.7486146531036532e-08	0	968	0.8570499999999989	0.859504132231405	20.81921936670939
105	10500	968	1000	29827521.306186024	3.352608338482767e-08	0	968	0.8567499999999989	0.859504132231405	20.981781848271687
106	10600	967	1000	23990643.404478103	4.16829153540094e-08	0	967	0.8570999999999986	0.8479834539813857	21.152566166718803
107	10700	968	1000	38949547.69012064	2.567423843485111e-08	0	968	0.8571499999999987	0.8533057851239669	21.336808351675668
108	10800	971	1000	34921671.77819713	2.8635512575569872e-08	0	971	0.8567499999999988	0.8671472708547889	21.51360820134481
109	10900	972	1000	31701785.89650529	3.1543963224048955e-08	0	972	0.8560499999999988	0.8590534979423868	21.69175591866175
110	11000	967	1000	32075523.593977507	3.1176419175004225e-08	0	967	0.8561999999999984	0.8531540847983454	21.87366778453191
111	11100	965	1000	32614671.650098976	3.066104666229006e-08	0	965	0.8565499999999984	0.8632124352331606	22.049887216091157
112	11200	964	1000	32271169.816254888	3.0987409960852834e-08	0	964	0.8557999999999982	0.8609958506224067	22.218388179938
113	11300	963	1000	30985190.78141668	3.227348105683659e-08	0	963	0.8540999999999986	0.857736240913811	22.395093051592507
114	11400	963	1000	36387335.82454656	2.7482088200678903e-08	0	963	0.8532499999999985	0.8442367601246106	22.586246768633526
115	11500	960	1000	29833506.520582344	3.3519357363866556e-08	0	960	0.8531999999999988	0.846875	22.75848375161489
116	11600	960	1000	24009940.473310303	4.1649414310801645e-08	0	960	0.8530999999999989	0.865625	22.918396067619323
117	11700	961	1000	38955348.964100294	2.5670414998750118e-08	0	961	0.8532999999999991	0.8730489073881373	23.08060474793116
118	11800	961	1000	34920570.354898274	2.8636415762989255e-08	0	961	0.8531999999999991	0.8720083246618107	23.245349148909252
119	11900	960	1000	31705479.649158727	3.154028828850238e-08	0	960	0.8528999999999992	0.8760416666666667	23.403179383277894
120	12000	960	1000	32071499.256320372	3.1180331197725265e-08	0	960	0.8524499999999992	0.8697916666666666	23.56704023281733
121	12100	959	1000	32606018.244453955	3.066918388604253e-08	0	959	0.852449999999999	0.8665276329509907	23.735474634170533
122	12200	960	1000	32272292.36784576	3.098633210233339e-08	0	960	0.8514999999999994	0.8385416666666666	23.922133298714957
123	12300	961	1000	30980491.329857625	3.227837664271863e-08	0	961	0.8498999999999994	0.8428720083246618	24.1072016676267
124	12400	961	1000	36388826.7672387	2.7480962189727695e-08	0	961	0.8510999999999995	0.8459937565036421	24.29015393257141
125	12500	957	1000	29839733.46140391	3.351236256118318e-08	0	957	0.8511999999999996	0.8484848484848485	24.463748081525168
126	12600	960	1000	24010740.71423477	4.164802620017148e-08	0	960	0.8520999999999993	0.83125	24.640114617347717
127	12700	962	1000	38953799.13635182	2.5671436329694484e-08	0	962	0.8526499999999989	0.8284823284823285	24.835402850310007
128	12800	962	1000	34914981.62533124	2.864099950244535e-08	0	962	0.8531499999999992	0.8284823284823285	25.037099866072335
129	12900	962	1000	31706798.602324817	3.153897626194596e-08	0	962	0.8513999999999992	0.8045738045738046	25.257048066457113
130	13000	965	1000	32074738.600857493	3.1177182182743765e-08	0	965	0.8486499999999993	0.7989637305699482	25.48013265132904
131	13100	965	1000	32601010.059807435	3.067389530237185e-08	0	965	0.8483499999999994	0.78860103626943	25.70890001455943
132	13200	965	1000	32264363.156368833	3.099394722776846e-08	0	965	0.8493499999999996	0.8093264248704664	25.924229649702706
133	13300	968	1000	30983030.37876809	3.227573144070323e-08	0	968	0.8482499999999995	0.8047520661157025	26.13570194641749
134	13400	966	1000	36377666.30530117	2.748939319301197e-08	0	966	0.8476499999999996	0.8146997929606625	26.35206360022227
135	13500	965	1000	29836907.011996966	3.3515537186290056e-08	0	965	0.8480499999999997	0.816580310880829	26.54350906610489
136	13600	967	1000	23999235.286850244	4.166799259974468e-08	0	967	0.8488999999999997	0.8055842812823164	26.754866433143615
137	13700	967	1000	38957333.18851259	2.566910752057751e-08	0	967	0.8489999999999998	0.8045501551189245	26.971024465560912
138	13800	967	1000	34909262.553894274	2.8645691664510805e-08	0	967	0.8490999999999997	0.8086866597724922	27.19005525112152
139	13900	967	1000	31699480.086033784	3.154625772219918e-08	0	967	0.8491999999999997	0.8345398138572906	27.37728848059972
140	14000	967	1000	32069704.924564406	3.118207576808588e-08	0	967	0.8491999999999997	0.8541882109617374	27.55883144934972
141	14100	970	1000	32597875.874943197	3.0676844502368915e-08	0	970	0.8467000000000001	0.8484536082474227	27.754330265522004
142	14200	971	1000	32219624.94669165	3.103698353464843e-08	0	971	0.8474000000000003	0.8496395468589083	27.937809550762175
143	14300	970	1000	30960881.964247264	3.229882045530714e-08	0	970	0.8446000000000008	0.8237113402061855	28.15783398548762
144	14400	970	1000	36348046.19171975	2.7511794367533577e-08	0	970	0.8449500000000009	0.8288659793814434	28.356340380509696
145	14500	970	1000	29813016.06139582	3.3542395187331666e-08	0	970	0.8446500000000009	0.8206185567010309	28.557146465778352
146	14600	971	1000	23964835.391396683	4.17278041739103e-08	0	971	0.8450000000000008	0.8321318228630278	28.75095851421356
147	14700	972	1000	38933501.83951456	2.568481968144607e-08	0	972	0.8456500000000008	0.8220164609053497	28.95803854862849
148	14800	972	1000	34895803.00758176	2.8656740500454765e-08	0	972	0.8462500000000008	0.815843621399177	29.175000449021656
149	14900	972	1000	31673800.55985325	3.15718338422473e-08	0	972	0.8473000000000006	0.7942386831275721	29.40608934958776
150	15000	971	1000	32050556.64581869	3.120070518119237e-08	0	971	0.847750000000001	0.7775489186405767	29.642363766829174
151	15100	969	1000	32577306.17265453	3.069621422974464e-08	0	969	0.846000000000001	0.7905056759545923	29.882125083605448
152	15200	970	1000	32210825.480989408	3.1045462325848505e-08	0	970	0.8470000000000014	0.790721649484536	30.104065799713133
153	15300	969	1000	1882685004.884797	5.311562990485679e-10	0	969	0.8459000000000011	0.8008255933952528	30.329714834690094
154	15400	969	1000	6517572292.654634	1.5343136292842936e-10	0	969	0.8456000000000011	0.7874097007223942	30.61540781656901
155	15500	969	1000	29576637.92313547	3.3810467869551566e-08	0	969	0.8456000000000011	0.7905056759545923	30.843421848615012
156	15600	969	1000	23958629.133662764	4.1738613369007395e-08	0	969	0.8456000000000011	0.7956656346749226	31.056156448523204
157	15700	971	1000	39077944.16717346	2.558988185591773e-08	0	971	0.8462000000000011	0.7940267765190525	31.29053646326065
158	15800	971	1000	34855972.48888735	2.86894870492949e-08	0	971	0.8478000000000014	0.7971163748712667	31.527537898222604
159	15900	971	1000	31687521.692994293	3.1558162803969755e-08	0	971	0.8470000000000016	0.815653964984552	31.73905166387558
160	16000	972	1000	32027106.75822961	3.1223549986122064e-08	0	972	0.8474000000000017	0.8199588477366255	31.952628898620606
161	16100	969	1000	32560787.39340327	3.071178707093583e-08	0	969	0.8472000000000016	0.8307533539731682	32.156888786951704
162	16200	968	1000	32237852.238177214	3.101943521523835e-08	0	968	0.8477000000000017	0.8429752066115702	32.34614458481471
163	16300	967	1000	30956594.547251478	3.230329376735312e-08	0	967	0.8472500000000013	0.8510858324715616	32.53910141388575
164	16400	966	1000	36356754.553940885	2.7505204597157876e-08	0	966	0.8472000000000012	0.8623188405797102	32.71742073297501
165	16500	968	1000	29712346.83660671	3.3656041101133143e-08	0	968	0.8467000000000013	0.8698347107438017	32.88755258321762
166	16600	965	1000	23904084.857173882	4.1833852420668446e-08	0	965	0.8467500000000016	0.8590673575129534	33.066103247801465
167	16700	966	1000	39025728.47245247	2.562412063830559e-08	0	966	0.8476500000000015	0.8457556935817805	33.26458263397217
168	16800	963	1000	34863034.34703262	2.8683675705394807e-08	0	963	0.8479000000000017	0.8608515057113187	33.44549127022425
169	16900	964	1000	31652930.46280434	3.159265046825472e-08	0	964	0.8486000000000017	0.8568464730290456	33.62705771525701
170	17000	963	1000	32038823.154718917	3.121213173026865e-08	0	963	0.8488000000000018	0.8608515057113187	33.80826326608658
171	17100	960	1000	32567161.584191807	3.070577602254496e-08	0	960	0.8488500000000012	0.853125	33.99471716880798
172	17200	958	1000	32174986.296293113	3.1080043351414476e-08	0	958	0.8489000000000012	0.8496868475991649	34.176854999860126
173	17300	958	1000	30949298.272960413	3.2310909244839464e-08	0	958	0.8497000000000017	0.8569937369519833	34.36126795212428
174	17400	957	1000	36335909.7058539	2.7520983527705963e-08	0	957	0.8497000000000017	0.8557993730407524	34.54345955053965
175	17500	954	1000	29729796.786871664	3.3636286636352046e-08	0	954	0.8496000000000014	0.8459119496855346	34.7312726298968
176	17600	954	1000	23835448.575272996	4.195431669295655e-08	0	954	0.8493000000000012	0.8563941299790356	34.91192968289057
177	17700	957	1000	38887173.65833545	2.5715419255475546e-08	0	957	0.8504000000000012	0.8432601880877743	35.118102085590365
178	17800	957	1000	35171386.40246231	2.8432202248865256e-08	0	957	0.8507000000000012	0.8432601880877743	35.30963524977366
179	17900	960	1000	31557535.231446456	3.168815184638907e-08	0	960	0.8524500000000007	0.8229166666666666	35.52599915266037
180	18000	958	1000	31950328.413006272	3.129858184162953e-08	0	958	0.851900000000001	0.8131524008350731	35.74484498500824
181	18100	961	1000	32453241.849987682	3.081356167155356e-08	0	961	0.851550000000001	0.8147762747138397	35.95890655120214
182	18200	962	1000	32018845.042187802	3.123160649457532e-08	0	962	0.8507500000000011	0.8108108108108109	36.17256189982096
183	18300	962	1000	30633649.531902123	3.264384043810228e-08	0	962	0.8513500000000013	0.8128898128898129	36.38430091540019
184	18400	961	1000	36325483.61703037	2.7528882561175054e-08	0	961	0.8519500000000012	0.809573361082206	36.60482421716054
185	18500	959	1000	29683825.73561424	3.368837882348282e-08	0	959	0.8517500000000011	0.8206465067778936	36.8104860663414
186	18600	954	1000	157972435.5564731	6.3302182443866584e-09	0	954	0.8528500000000016	0.8218029350104822	37.050431815783185
187	18700	954	1000	46569636.17154451	2.1473218619169983e-08	0	954	0.8520500000000014	0.8522012578616353	37.26152715285619
188	18800	960	1000	35344987.513003275	2.8292554109392456e-08	0	960	0.8519500000000015	0.8229166666666666	37.483981315294905
189	18900	961	1000	31441294.5440842	3.1805305178913145e-08	0	961	0.8523000000000015	0.8480749219562955	37.678978184858956
190	19000	960	1000	31845968.789654065	3.1401147668138346e-08	0	960	0.8524000000000016	0.8385416666666666	37.890759483973184
191	19100	961	1000	32285927.68190497	3.0973245646809034e-08	0	961	0.8527000000000019	0.8355879292403746	38.09700073401133
192	19200	963	1000	31837212.54719471	3.14097839786646e-08	0	963	0.8491000000000019	0.8234683281412254	38.315663850307466
193	19300	966	1000	30785537.250224315	3.248278434737823e-08	0	966	0.8460500000000027	0.7971014492753623	38.5649134516716
194	19400	962	1000	36135146.48599056	2.767388732501218e-08	0	962	0.8466500000000022	0.7900207900207901	38.80458251635233
195	19500	965	1000	60607231.098618194	1.6499681067316047e-08	0	965	0.8478000000000023	0.7813471502590673	39.04617270231247
196	19600	962	1000	9029884746.232845	1.1074338466019116e-10	0	962	0.8479000000000022	0.7869022869022869	39.367658746242526
197	19700	963	1000	38729230.82614417	2.582029007156682e-08	0	963	0.8474000000000022	0.77466251298027	39.63532563050588
198	19800	962	1000	34887851.206078075	2.866327207800377e-08	0	962	0.8475000000000018	0.8014553014553014	39.8906404654185
199	19900	962	1000	31664183.221649505	3.1581423130941674e-08	0	962	0.8479500000000018	0.8014553014553014	40.12191886504491
200	20000	963	1000	31772946.94608685	3.147331502562575e-08	0	963	0.8482500000000018	0.822429906542056	40.354487013816836
201	20100	963	1000	32291979.939704437	3.09674405502468e-08	0	963	0.8484500000000018	0.8265835929387332	40.574825914700824
202	20200	963	1000	31850877.789532743	3.139630798283133e-08	0	963	0.8471000000000021	0.8400830737279336	40.790779733657835
203	20300	964	1000	30888446.33179875	3.2374563514253733e-08	0	964	0.8449000000000018	0.8620331950207469	40.98913039763769
204	20400	961	1000	35868176.569141544	2.787986643794051e-08	0	961	0.8442000000000015	0.8626430801248699	41.195689817269646
205	20500	959	1000	29414088.61321119	3.399731261955682e-08	0	959	0.8448000000000015	0.8613138686131386	41.3845371166865
206	20600	956	1000	23446575.609421536	4.265014960001325e-08	0	956	0.8452000000000011	0.852510460251046	41.57759536504746
207	20700	955	1000	78847177.78290164	1.2682761963537171e-08	0	955	0.845400000000001	0.8607329842931937	41.806207501888274
208	20800	952	1000	57237689.76460784	1.7471005322568615e-08	0	952	0.8444000000000006	0.851890756302521	42.030508450667064
209	20900	952	1000	37430618.795248345	2.6716095150712565e-08	0	952	0.8442999999999996	0.8361344537815126	42.25404778321584
210	21000	949	1000	31531293.686395597	3.171452393394608e-08	0	949	0.8444999999999995	0.8377239199157007	42.47558679978053
211	21100	949	1000	31749612.83679681	3.1496446071448946e-08	0	949	0.8446499999999997	0.8377239199157007	42.688923899332686
212	21200	951	1000	31077005.32957751	3.2178131619075904e-08	0	951	0.8430000000000001	0.8159831756046267	42.923997247219084
213	21300	948	1000	30297043.94006361	3.300651934795263e-08	0	948	0.8411499999999998	0.8217299578059072	43.14841248591741
214	21400	950	1000	35515904.437282816	2.8156398877846155e-08	0	950	0.8400499999999997	0.8221052631578948	43.37410646677017
215	21500	952	1000	81516227.92549932	1.2267495849371746e-08	0	952	0.8405999999999995	0.8235294117647058	43.60166905323664
216	21600	951	1000	87145131.68803214	1.1475110188653514e-08	0	951	0.8410999999999994	0.825446898002103	43.82998563448588
217	21700	950	1000	38231849.117782064	2.6156202143481638e-08	0	950	0.8411499999999994	0.8252631578947368	44.05221208333969
218	21800	948	1000	34226387.81309893	2.9217221993846035e-08	0	948	0.8406999999999993	0.8375527426160337	44.27386883497238
219	21900	950	1000	30779412.498336926	3.248924805061773e-08	0	950	0.8408999999999992	0.8505263157894737	44.48319789965947
220	22000	948	1000	4698499629.057724	2.1283389991194154e-10	0	948	0.8409499999999989	0.8481012658227848	44.70815833012263
221	22100	944	1000	3718827513.957011	2.6890195793648145e-10	0	944	0.8410999999999985	0.8601694915254238	44.940613647301994
222	22200	945	1000	64856178.644407846	1.541873119080988e-08	0	945	0.8409999999999983	0.8772486772486773	45.14910553296407
223	22300	944	1000	29998571.532771878	3.333491948350383e-08	0	944	0.8410999999999984	0.8802966101694916	45.333752866586046
224	22400	946	1000	35491753.62794274	2.8175558252414427e-08	0	946	0.8405499999999981	0.8731501057082452	45.54544756412506
225	22500	949	1000	7614253179.413044	1.3133264370199914e-10	0	949	0.8409999999999983	0.8693361433087461	45.73730351924896
226	22600	947	1000	7093808983.167023	1.4096799085398873e-10	0	947	0.8404499999999983	0.8722280887011615	45.97265848318736
227	22700	947	1000	4689677999.910648	2.1323425612714104e-10	0	947	0.8405499999999982	0.870116156282999	46.19096674919128
228	22800	953	1000	1629797455.7233741	6.135731749210418e-10	0	953	0.8406499999999981	0.8583420776495279	46.42510348558426
229	22900	954	1000	49840302.47018609	2.0064083289504622e-08	0	954	0.8391499999999984	0.8364779874213837	46.689263582229614
230	23000	952	1000	1241166623.9484828	8.056935949607145e-10	0	952	0.8388499999999985	0.8392857142857143	46.945384629567464
231	23100	950	1000	31657172.4166397	3.1588417160275537e-08	0	950	0.8386499999999987	0.8273684210526315	47.185680035750075
232	23200	948	1000	955503315.2289451	1.0465688428446994e-09	0	948	0.8387499999999988	0.8322784810126582	47.46192316611608
233	23300	950	1000	185220329756.01382	5.398975378738805e-12	0	950	0.8395999999999989	0.8242105263157895	47.75287661552429
234	23400	951	1000	115033298848.37381	8.693135031356562e-12	0	951	0.8396999999999989	0.8475289169295478	48.010895299911496
235	23500	952	1000	9871355548.769573	1.0130320957017327e-10	0	952	0.8401999999999991	0.8539915966386554	48.25395332972209
236	23600	952	1000	7118644973.992388	1.4047617257399038e-10	0	952	0.840299999999999	0.8529411764705882	48.513951098918916
237	23700	952	1000	10643381538.943613	9.395510216814964e-11	0	952	0.8401499999999991	0.8592436974789915	48.75515788396199
238	23800	954	1000	687841143.8355151	1.4538240515390106e-09	0	954	0.8405999999999991	0.8616352201257862	48.981489618619285
239	23900	956	1000	7873541372.120984	1.2700765165391024e-10	0	956	0.8407499999999991	0.891213389121339	49.20358644723892
240	24000	953	1000	26187834864.51256	3.8185669229071166e-11	0	953	0.8420499999999997	0.8803777544596013	49.439422182242076
241	24100	951	1000	31803505.690350436	3.1443073549603633e-08	0	951	0.8413499999999998	0.8885383806519453	49.631343233585355
242	24200	949	1000	161226660.65059444	6.202448092407755e-09	0	949	0.8413499999999999	0.8904109589041096	49.83156796693802
243	24300	948	1000	1549142262.921795	6.455185061366855e-10	0	948	0.8407	0.8966244725738397	50.04708764950434
244	24400	946	1000	99840849585.23024	1.0015940410606412e-11	0	946	0.8411000000000003	0.8964059196617337	50.249424429734546
245	24500	950	1000	449811577185.443	2.223153095024739e-12	0	950	0.8425499999999999	0.8821052631578947	50.471847947438555
246	24600	948	1000	217539208999.78506	4.5968724653972205e-12	0	948	0.8431000000000002	0.880801687763713	50.70529999732971
247	24700	947	1000	21872688406.43027	4.5719116981536417e-11	0	947	0.8430000000000004	0.8690601900739177	50.9263448993365
248	24800	947	1000	8397494892.578905	1.1908313284770724e-10	0	947	0.8436500000000003	0.8680042238648363	51.14976311524709
249	24900	946	1000	4042935981.964555	2.4734499982528347e-10	0	946	0.8437500000000004	0.864693446088795	51.38185331821442
250	25000	946	1000	93751258.99674483	1.0666523308963755e-08	0	946	0.8436000000000007	0.8826638477801269	51.59632169802983
251	25100	946	1000	5022620220.832448	1.990992660868874e-10	0	946	0.8442000000000007	0.8752642706131079	52.92279818058014
252	25200	947	1000	7032167449.3388815	1.4220366722806206e-10	0	947	0.8438500000000008	0.8732840549102429	53.14590920209885
253	25300	950	1000	113815339758.48315	8.786161883918459e-12	0	950	0.8421000000000011	0.8705263157894737	53.372342348098755
254	25400	950	1000	21983390592.972664	4.54888883370965e-11	0	950	0.8413000000000012	0.8673684210526316	53.618566799163816
255	25500	951	1000	80211456.31875093	1.246704689613252e-08	0	951	0.8417000000000012	0.8801261829652997	53.82414328257243
256	25600	950	1000	9463633308.318905	1.056676613849031e-10	0	950	0.8426000000000009	0.868421052631579	54.05955318212509
257	25700	952	1000	1570593826.845736	6.367018526818127e-10	0	952	0.8431500000000006	0.8686974789915967	54.29176403284073
258	25800	954	1000	8390379378.041647	1.1918412205506498e-10	0	954	0.8435500000000004	0.8679245283018868	54.527728482087454
259	25900	955	1000	136266455938.7268	7.338563207678335e-12	0	955	0.8435000000000002	0.8638743455497382	54.76323839823405
260	26000	955	1000	166049822.85324177	6.0222888335239696e-09	0	955	0.8437000000000001	0.8701570680628272	55.00164568424225
261	26100	953	1000	6226985848.032895	1.6059133973386315e-10	0	953	0.8444500000000005	0.8688352570828961	55.25777591466904
262	26200	955	1000	5709528087.347233	1.7514582370492816e-10	0	955	0.8449000000000004	0.8638743455497382	55.498680567741395
263	26300	954	1000	2329198805.8502965	4.293321793996061e-10	0	954	0.8438000000000001	0.8563941299790356	55.76853793462117
264	26400	957	1000	172296559.15374258	5.803946399787008e-09	0	957	0.8420500000000004	0.8443051201671892	56.05372846523921
265	26500	960	1000	910176485.2798773	1.0986880182845134e-09	0	960	0.8415500000000005	0.8333333333333334	56.34427961508433
266	26600	959	1000	298350848.3967858	3.351758515257551e-09	0	959	0.8418000000000004	0.8456725755995829	56.58779058456421
267	26700	956	1000	87132066644.92854	1.1476830958958178e-11	0	956	0.8421500000000007	0.8472803347280334	56.87472548087438
268	26800	955	1000	123213971493.06847	8.115962726257387e-12	0	955	0.8418000000000009	0.8544502617801047	57.127829281489056
269	26900	955	1000	107448809.21971153	9.306757310343391e-09	0	955	0.8424000000000007	0.8544502617801047	57.362365933259326
270	27000	958	1000	8358987316.003915	1.1963171638815534e-10	0	958	0.8438000000000003	0.8340292275574113	57.652845831712085
271	27100	959	1000	6906934725.2439	1.4478202554895372e-10	0	959	0.8439000000000003	0.8342022940563086	57.94041204849879
272	27200	959	1000	47966382.58139835	2.0847934018269536e-08	0	959	0.8439500000000004	0.8467153284671532	58.19211186965307
273	27300	962	1000	3910253147.2167006	2.557379182613937e-10	0	962	0.8440500000000005	0.8555093555093555	58.45401674906413
274	27400	964	1000	46621997508.695076	2.144910242835583e-11	0	964	0.8430500000000001	0.8609958506224067	58.70619154771169
275	27500	963	1000	10229000979.26703	9.776125761734893e-11	0	963	0.8413500000000005	0.8618899273104881	58.96929616530736
276	27600	965	1000	5043075659.184831	1.9829169090105415e-10	0	965	0.8388000000000005	0.8373056994818653	59.28576101462046
277	27700	965	1000	88851690.25086	1.125470979698792e-08	0	965	0.8371000000000007	0.8227979274611399	59.581743733088175
278	27800	961	1000	33860248.92627806	2.953315472204846e-08	0	961	0.8371500000000004	0.8220603537981269	59.83810963233312
279	27900	963	1000	34822030617.016014	2.8717452206323258e-11	0	963	0.8373000000000003	0.8130841121495327	60.14731301466624
280	28000	963	1000	3078492809.0482903	3.248342814821496e-10	0	963	0.8379000000000001	0.8213914849428868	60.461957184473675
281	28100	964	1000	932283040.3535516	1.0726356220618712e-09	0	964	0.8385000000000002	0.8236514522821576	60.74490393002828
282	28200	963	1000	5286136906.181927	1.8917406369883566e-10	0	963	0.8388000000000003	0.8286604361370716	61.042949533462526
283	28300	963	1000	3566911051.4582524	2.8035462205058847e-10	0	963	0.8392	0.829698857736241	61.32401166359583
284	28400	962	1000	1685471482.3621206	5.933057959576002e-10	0	962	0.8386499999999997	0.8316008316008316	61.60243528286616
285	28500	966	1000	2057070846.3082342	4.861281279196305e-10	0	966	0.8374999999999995	0.8374741200828157	61.877039364973704
286	28600	967	1000	875488124.924726	1.1422199460943683e-09	0	967	0.8360499999999997	0.8634953464322648	62.14948386748632
287	28700	966	1000	53363328.86774037	1.8739460271285056e-08	0	966	0.8345999999999997	0.8726708074534162	62.39891615311305
288	28800	964	1000	34026616.47639639	2.9388757219070654e-08	0	964	0.8337999999999999	0.8713692946058091	62.62059763272603
289	28900	966	1000	30630438.95397949	3.264726205377539e-08	0	966	0.8326499999999997	0.8716356107660456	62.85452514886856
290	29000	966	1000	30687412.831031654	3.2586649546492e-08	0	966	0.8326499999999997	0.8850931677018633	63.06017713546753
291	29100	965	1000	2524265185.1665373	3.961548911264133e-10	0	965	0.8327499999999997	0.8860103626943006	63.29182535012563
292	29200	965	1000	2168947900.563113	4.61053029111175e-10	0	965	0.83345	0.8746113989637305	63.536975081761675
293	29300	966	1000	1441306517.5806458	6.938149429760223e-10	0	966	0.8330999999999998	0.8788819875776398	63.79485601584117
294	29400	965	1000	51013805981.51371	1.960253662200338e-11	0	965	0.8335499999999995	0.8683937823834197	64.057122250398
295	29500	966	1000	79510095.19526246	1.2577019118983082e-08	0	966	0.8337499999999995	0.8819875776397516	64.29852481683095
296	29600	968	1000	357451037.9021116	2.7975859381229863e-09	0	968	0.8315499999999995	0.8698347107438017	64.58024280071258
297	29700	969	1000	3970709922.0453863	2.518441335127894e-10	0	969	0.8291499999999986	0.8452012383900929	64.86694611708323
298	29800	965	1000	108929240079.96465	9.180271516231294e-12	0	965	0.8285499999999987	0.8455958549222798	65.14003041585286
299	29900	965	1000	1606350084.9911976	6.225293033697262e-10	0	965	0.8275999999999984	0.8518134715025907	65.40503456989924
300	30000	962	1000	30456651.31232754	3.2833549457280405e-08	0	962	0.8258999999999981	0.8243243243243243	65.68647385040919
301	30100	960	1000	2478564572.707821	4.034593290841905e-10	0	960	0.8248999999999981	0.79375	67.48090560038885
302	30200	960	1000	52362515047.14144	1.909763117910995e-11	0	960	0.825049999999998	0.80625	67.81839049657187
303	30300	962	1000	2999803476.871045	3.333551705559386e-10	0	962	0.8250999999999974	0.7869022869022869	68.20286663373311
304	30400	969	1000	422354862.82895947	2.367677244046061e-09	0	969	0.8253999999999968	0.7708978328173375	68.58520165284475
305	30500	972	1000	98876739645.90155	1.011360208246244e-11	0	972	0.825949999999996	0.7386831275720165	69.00417046546936
306	30600	968	1000	54011993155.58805	1.8514406552279327e-11	0	968	0.8254499999999958	0.756198347107438	69.38849305311838
307	30700	968	1000	38051549.58250187	2.6280137988906375e-08	0	968	0.824699999999996	0.7799586776859504	69.7144676486651
308	30800	971	1000	4044832100.7205	2.472290505147649e-10	0	971	0.8226499999999968	0.7672502574665293	70.0894530971845
309	30900	974	1000	3446976041.5555143	2.901093560425855e-10	0	974	0.8222999999999966	0.7720739219712526	70.4617853999138
310	31000	973	1000	1561886261283.604	6.402514861597735e-13	0	973	0.8221999999999966	0.7831449126413155	70.80840735038122
311	31100	967	1000	3556586439759.674	2.8116847908448163e-13	0	967	0.8221999999999968	0.8138572905894519	71.17527865171432
312	31200	968	1000	2003651098.6195989	4.990888883747545e-10	0	968	0.822099999999997	0.8171487603305785	71.50145843029023
313	31300	968	1000	2977371122.4341297	3.3586676250375866e-10	0	968	0.8219499999999971	0.8460743801652892	71.81001726786296
314	31400	971	1000	41505608.48796118	2.4093128912853403e-08	0	971	0.8220499999999966	0.86302780638517	72.08138138453165
315	31500	971	1000	120589142.74857283	8.292620454167833e-09	0	971	0.8220499999999961	0.8867147270854789	72.35039126475652
316	31600	970	1000	792314488.8127036	1.2621250940852936e-09	0	970	0.8211499999999952	0.865979381443299	72.62880841890971
317	31700	972	1000	13145323950.495888	7.60726782915231e-11	0	972	0.8210999999999953	0.8549382716049383	72.93623761336009
318	31800	969	1000	34092361.38315578	2.933208290939897e-08	0	969	0.8206499999999953	0.8668730650154799	73.1968910853068
319	31900	970	1000	30090800.12351281	3.323274763923134e-08	0	970	0.8185499999999959	0.856701030927835	73.4879488825798
320	32000	969	1000	30485665.571127005	3.280230063747731e-08	0	969	0.8168999999999963	0.847265221878225	73.78532668352128
321	32100	969	1000	30828467.682215355	3.243755018480338e-08	0	969	0.8160499999999968	0.8410732714138287	74.06127700010936
322	32200	970	1000	326777885.84156305	3.0601825896647836e-09	0	970	0.8161499999999969	0.8371134020618557	74.34984841744105
323	32300	971	1000	29301050.09832599	3.412846851958602e-08	0	971	0.816149999999997	0.8300720906282183	74.62536543210348
324	32400	969	1000	806720928.9550263	1.2395860363456155e-09	0	969	0.8153499999999969	0.8183694530443757	74.99272966782252
325	32500	970	1000	58704657189214.65	1.7034423636557837e-14	0	970	0.815449999999997	0.8206185567010309	75.34690703550974
326	32600	969	1000	105537027632.2515	9.475347396319229e-12	0	969	0.8148999999999968	0.8255933952528379	75.695072833697
327	32700	969	1000	65712780.79435423	1.5217739573549994e-08	0	969	0.8142999999999966	0.826625386996904	76.01591126521429
328	32800	970	1000	7857980190.577294	1.2725916528421216e-10	0	970	0.8136499999999969	0.8206185567010309	76.37716091871262
329	32900	970	1000	5239886638.304355	1.908438233184296e-10	0	970	0.8127499999999974	0.8360824742268042	76.7020744840304
330	33000	972	1000	30525845.10245082	3.275912473134408e-08	0	972	0.8120999999999976	0.8436213991769548	76.99397426843643
331	33100	972	1000	30832492.663938202	3.2433315673380117e-08	0	972	0.8112499999999979	0.831275720164609	77.31873158216476
332	33200	977	1000	6990349649.433539	1.4305436065533293e-10	0	977	0.8100499999999986	0.8219037871033776	77.67228126923243
333	33300	977	1000	2276740446.789843	4.392244188268166e-10	0	977	0.8090499999999989	0.8229273285568065	77.98805246750514
334	33400	976	1000	154906016870.58878	6.455527165409993e-12	0	976	0.808999999999999	0.8391393442622951	78.3121218641599
335	33500	977	1000	464644153666.79364	2.1521846172091716e-12	0	977	0.8086499999999991	0.8393039918116684	78.64025843143463
336	33600	977	1000	7487195870.399413	1.3356135156286388e-10	0	977	0.8086999999999989	0.842374616171955	78.98034536441168
337	33700	978	1000	37779279.73615408	2.6469535166216606e-08	0	978	0.8091499999999984	0.843558282208589	79.3074835340182
338	33800	978	1000	203076901.79858398	4.924242915954955e-09	0	978	0.8081999999999981	0.8353783231083844	79.67399193048477
339	33900	979	1000	30399819.77450297	3.2894930776655205e-08	0	979	0.8061999999999988	0.81511746680286	80.04927203257878
340	34000	979	1000	84258178139.1262	1.1868284148476868e-11	0	979	0.8052499999999992	0.8130745658835546	80.39432570139567
341	34100	981	1000	41469320040.20531	2.4114212603591437e-11	0	981	0.8049499999999992	0.8246687054026504	80.75691526730856
342	34200	979	1000	754132911.6271421	1.3260261994352437e-09	0	979	0.8045499999999995	0.8355464759959143	81.10339151620865
343	34300	980	1000	29214061.798268683	3.423009003935129e-08	0	980	0.8033999999999998	0.8295918367346938	81.43158501386642
344	34400	982	1000	964432491.5139426	1.0368792090292864e-09	0	982	0.8026499999999995	0.8228105906313645	81.79375458161036
345	34500	981	1000	2450000111.1250734	4.081632466263943e-10	0	981	0.8018499999999991	0.817533129459735	82.1535434683164
346	34600	982	1000	22238208.934004255	4.496764815907726e-08	0	982	0.8019999999999992	0.8136456211812627	82.46631151835123
347	34700	982	1000	37813665.261301324	2.6445465327000162e-08	0	982	0.8021999999999985	0.8238289205702648	82.78789071639379
348	34800	982	1000	1.7604354062200357e+19	5.680412905050438e-20	0	982	0.8022499999999984	0.8380855397148677	83.1364884018898
349	34900	982	1000	30113276.366427276	3.320794305554005e-08	0	982	0.8017999999999983	0.8665987780040734	83.50121391614279
350	35000	981	1000	30520219.433241412	3.2765163088758026e-08	0	981	0.8012999999999982	0.8705402650356778	83.79254869620006
351	35100	980	1000	30841173.84969926	3.2424186331207524e-08	0	980	0.8009499999999978	0.8693877551020408	84.08427693049113
352	35200	980	1000	31120553.428266566	3.2133103615008465e-08	0	980	0.8008499999999977	0.8642857142857143	84.37553721666336
353	35300	980	1000	29320359.78032189	3.410599233387133e-08	0	980	0.8003499999999981	0.8765306122448979	84.66200771729152
354	35400	980	1000	34834201.50703815	2.870741765361078e-08	0	980	0.7998499999999983	0.8908163265306123	84.93725491762162
355	35500	981	1000	28319554.865160685	3.5311288240583645e-08	0	981	0.7991999999999985	0.8817533129459735	85.25301718314489
356	35600	982	1000	23982710.78113773	4.169670257166224e-08	0	982	0.7986999999999986	0.8737270875763747	85.53488285144171
357	35700	982	1000	37999968.1235577	2.6315810856279352e-08	0	982	0.7986499999999983	0.8778004073319755	85.83304363091787
358	35800	983	1000	34297653.70516556	2.9156512554468933e-08	0	983	0.798299999999998	0.866734486266531	86.15950760046641
359	35900	984	1000	44563816.276279725	2.243972938405069e-08	0	984	0.7977999999999978	0.866869918699187	86.47521423498789
360	36000	985	1000	47003279.50908891	2.127511078310018e-08	0	985	0.7976999999999972	0.8538071065989847	86.82916156450908
361	36100	986	1000	55881294.45099533	1.7895075479718294e-08	0	986	0.7970999999999969	0.8539553752535497	87.16586853265763
362	36200	985	1000	30752825.576952156	3.251733617063527e-08	0	985	0.7960999999999967	0.848730964467005	87.49934994777044
363	36300	987	1000	29210371.12494587	3.4234414944203767e-08	0	987	0.7947499999999963	0.8257345491388045	87.87197996775309
364	36400	988	1000	5809358709.140341	1.721360394314233e-10	0	988	0.7949499999999963	0.8076923076923077	88.2939595659574
365	36500	990	1000	60804506.063280895	1.6446149279020926e-08	0	990	0.795649999999996	0.8010101010101011	88.69788676897684
366	36600	987	1000	103414554.4285195	9.669818681290018e-09	0	987	0.7954499999999962	0.7892603850050659	89.14982761939366
367	36700	985	1000	37853132.97788209	2.6417891860269975e-08	0	985	0.7953999999999961	0.7868020304568528	89.53051281372706
368	36800	984	1000	33992436.434567936	2.9418308172954666e-08	0	984	0.7952999999999962	0.7947154471544715	89.91961346467336
369	36900	985	1000	31531800.374004137	3.171401431015081e-08	0	985	0.7959999999999959	0.7857868020304568	90.33190091451009
370	37000	985	1000	5.661936468991342e+22	1.7661801849538364e-23	0	985	0.796149999999996	0.7918781725888325	90.81082524855931
371	37100	984	1000	2410945573.7857456	4.147750204144975e-10	0	984	0.7959499999999957	0.7926829268292683	91.24912118117014
372	37200	984	1000	3710294614.759485	2.695203760241836e-10	0	984	0.7947999999999965	0.7815040650406504	91.72396965026856
373	37300	984	1000	29759242.819288243	3.360300436638975e-08	0	984	0.7935999999999969	0.7896341463414634	92.15088826417923
374	37400	982	1000	35369160.499667555	2.8273217616691288e-08	0	982	0.7936999999999969	0.8095723014256619	92.52533009847005
375	37500	981	1000	5960235068.665947	1.6777861750611238e-10	0	981	0.7937499999999972	0.8124362895005097	92.99934756755829
376	37600	982	1000	22072137.59034494	4.530598591100873e-08	0	982	0.7945999999999974	0.8177189409368636	93.36648916403452
377	37700	982	1000	2722311208.6171575	3.673349308731794e-10	0	982	0.7942999999999978	0.8136456211812627	93.7816365480423
378	37800	982	1000	34238689.689061	2.9206724319031637e-08	0	982	0.7941999999999978	0.814663951120163	94.16075380245844
379	37900	983	1000	29637931.749726977	3.374054487687613e-08	0	983	0.7941999999999977	0.8280773143438453	94.50500401655833
380	38000	981	1000	3203008490.4987974	3.122064779578732e-10	0	981	0.7947999999999972	0.8134556574923547	95.00022900104523
381	38100	979	1000	216265644.25909615	4.623942923537182e-09	0	979	0.7951499999999971	0.7936670071501533	95.46714665095011
382	38200	978	1000	176795565.7576851	5.6562504271987415e-09	0	978	0.7956499999999969	0.8087934560327198	95.88495061794917
383	38300	977	1000	29087126.67610553	3.437946885424095e-08	0	977	0.7955999999999962	0.8085977482088025	96.29361445109049
384	38400	977	1000	3.454089581348954e+18	2.8951188915299116e-19	0	977	0.7956999999999962	0.8106448311156602	96.68518386681875
385	38500	977	1000	28593485.96556271	3.497299931289861e-08	0	977	0.7955999999999968	0.81985670419652	97.13183946609497
386	38600	977	1000	1037067191.9457508	9.642576747216707e-10	0	977	0.7957999999999976	0.81985670419652	97.54299213091532
387	38700	980	1000	37736926.20652086	2.6499242890852068e-08	0	980	0.7959499999999974	0.8163265306122449	97.92852849960327
388	38800	981	1000	5739151129.721675	1.7424179590723796e-10	0	981	0.7954499999999973	0.8165137614678899	98.36689860026041
389	38900	981	1000	29899693.115653094	3.3445158205698156e-08	0	981	0.7956499999999973	0.7930682976554536	98.80173471768697
390	39000	981	1000	44577123.162002824	2.2433030815666476e-08	0	981	0.7953999999999972	0.8226299694189603	99.18580773274104
391	39100	981	1000	30967288.842434727	3.229213809436084e-08	0	981	0.7950999999999974	0.8399592252803262	99.56787758668264
392	39200	983	1000	30557832.824932028	3.2724832713243686e-08	0	983	0.7949499999999969	0.8280773143438453	99.98319926659266
393	39300	983	1000	1247247224.4376256	8.01765664100096e-10	0	983	0.7949499999999968	0.8372329603255341	100.41457846562068
394	39400	983	1000	942562780.8883342	1.0609372863169876e-09	0	983	0.7948499999999967	0.8362156663275687	100.8053297996521
395	39500	983	1000	1175120429.0480757	8.509766100816482e-10	0	983	0.7934999999999968	0.8219735503560529	101.31421225070953
396	39600	983	1000	8899797471.071928	1.1236210746795723e-10	0	983	0.7918499999999978	0.8118006103763988	101.84306141535441
397	39700	981	1000	790138514.5984968	1.265600879160462e-09	0	981	0.792199999999998	0.8134556574923547	102.27772298256556
398	39800	983	1000	2511909163.0581365	3.9810356771995743e-10	0	983	0.7931999999999979	0.8077314343845371	102.77593074639638
399	39900	983	1000	29977510.300417896	3.335833952253601e-08	0	983	0.7930499999999979	0.8260427263479145	103.15864801804224
400	40000	984	1000	30403960.552185893	3.289045074878096e-08	0	984	0.7928999999999975	0.8150406504065041	103.56366940339406
401	40100	984	1000	5930137407111.925	1.6863015666391582e-13	0	984	0.7930999999999971	0.8140243902439024	103.98658481438954
402	40200	983	1000	4716578846211.72	2.120180818779213e-13	0	983	0.7930999999999967	0.82706002034588	104.43494093418121
403	40300	983	1000	29146759.162917014	3.430913056581448e-08	0	983	0.7931999999999967	0.8209562563580874	104.85195360183715
404	40400	984	1000	34785389.638902634	2.874770073392934e-08	0	984	0.7931499999999967	0.818089430894309	105.2376747171084
405	40500	984	1000	28740253.5033108	3.4794403086611594e-08	0	984	0.7931999999999968	0.8394308943089431	105.65529953241348
406	40600	984	1000	45777231.603952274	2.1844920348323174e-08	0	984	0.7931499999999969	0.8689024390243902	106.02347291707993
407	40700	984	1000	37735269.13546338	2.650040655360795e-08	0	984	0.7935999999999976	0.866869918699187	106.3949714978536
408	40800	985	1000	97969141277.90138	1.0207295756050072e-11	0	985	0.7942499999999987	0.8659898477157361	106.84160653352737
409	40900	985	1000	29942219.91773654	3.3397656197494727e-08	0	985	0.7942999999999987	0.86497461928934	107.22215008338293
410	41000	985	1000	30312051.66395245	3.299017757346453e-08	0	985	0.7945999999999985	0.8751269035532995	107.58854248126347
411	41100	982	1000	35427209782.87351	2.822689131039613e-11	0	982	0.794799999999997	0.8584521384928717	108.08397776683172
412	41200	985	1000	9751255922.101208	1.025508927143375e-10	0	985	0.7948999999999965	0.8507614213197969	108.51247455279032
413	41300	985	1000	6399328817.090065	1.5626638799574276e-10	0	985	0.7949999999999965	0.8538071065989847	108.95537441571554
414	41400	986	1000	34696669.32624983	2.8821209372458086e-08	0	986	0.7948999999999962	0.8529411764705882	109.34269858201345
415	41500	986	1000	2110107834.9373174	4.739094291623236e-10	0	986	0.7950499999999961	0.8559837728194726	109.78317055304845
416	41600	986	1000	22033500.231959105	4.538543327601163e-08	0	986	0.7944499999999964	0.8519269776876268	110.15824890136719
417	41700	986	1000	16124986867758.857	6.201555438159087e-14	0	986	0.7953999999999971	0.8427991886409736	110.63588189681371
418	41800	988	1000	399254303.5759331	2.504669301091562e-09	0	988	0.7963999999999978	0.8340080971659919	111.13898256619771
419	41900	988	1000	29771271.00527695	3.3589428084320695e-08	0	988	0.7964499999999975	0.8360323886639676	111.53444663286209
420	42000	988	1000	193495905796.72556	5.168068005766324e-12	0	988	0.7959499999999968	0.8269230769230769	112.02440083026886
421	42100	989	1000	30549153.550986543	3.273413011581057e-08	0	989	0.7956499999999955	0.8260869565217391	112.52937508424124
422	42200	990	1000	30630330.751186676	3.2647377381449944e-08	0	990	0.7957499999999946	0.8292929292929293	112.96376011371612
423	42300	990	1000	29090979.964674577	3.437491507124866e-08	0	990	0.795999999999994	0.8282828282828283	113.41033329963685
424	42400	991	1000	1213013760.4784222	8.243929555928527e-10	0	991	0.7956999999999937	0.8244197780020182	113.8825248003006
425	42500	991	1000	449108099579.1141	2.2266354156937557e-12	0	991	0.7959999999999934	0.8153380423814329	114.40539943377176
426	42600	991	1000	213748750643.9956	4.678389917987633e-12	0	991	0.7959999999999933	0.8042381432896064	114.97630646626155
427	42700	991	1000	37803237.01810589	2.645276046250454e-08	0	991	0.7959499999999934	0.8173562058526741	115.4436669309934
428	42800	989	1000	427656617.1731407	2.3383246219169718e-09	0	989	0.7980999999999955	0.8119312436804853	116.06004523038864
429	42900	989	1000	30297342.414383363	3.30061941841825e-08	0	989	0.7986999999999956	0.80788675429727	116.52391466697057
430	43000	987	1000	30382044.762184974	3.291417595205687e-08	0	987	0.7990499999999958	0.8166160081053698	116.96335116624832
431	43100	987	1000	30599777.786901172	3.2679974811715614e-08	0	987	0.7994499999999956	0.8297872340425532	117.45681491692861
432	43200	987	1000	107849784660.36806	9.272155740874663e-12	0	987	0.7994499999999947	0.8014184397163121	118.09862109820048
433	43300	987	1000	29368128.17947508	3.4050517616862166e-08	0	987	0.7994999999999947	0.8095238095238095	118.55209636688232
434	43400	987	1000	34621894.28590129	2.8883456314051628e-08	0	987	0.7992499999999947	0.8115501519756839	119.03527890046438
435	43500	990	1000	28173069.8680345	3.54948881747432e-08	0	990	0.7987499999999941	0.803030303030303	119.62801251808803
436	43600	990	1000	499909964675415.25	2.000360206160892e-15	0	990	0.7985999999999941	0.807070707070707	120.1389620343844
437	43700	990	1000	20028489086884.047	4.9928878591985995e-14	0	990	0.7985999999999929	0.7868686868686868	120.82296818494797
438	43800	990	1000	34280316.7120724	2.9171258224594366e-08	0	990	0.7990499999999924	0.7909090909090909	121.40271838108698
439	43900	988	1000	29783329.146737058	3.3575828998073136e-08	0	988	0.7997499999999929	0.7965587044534413	121.9041763663292
440	44000	988	1000	117440142548.0944	8.514976040513254e-12	0	988	0.8005499999999933	0.7904858299595142	122.40895196596782
441	44100	989	1000	16830571029.16183	5.941569054358964e-11	0	989	0.8009499999999927	0.7775530839231547	123.03592495123546
442	44200	988	1000	4.3447361179419397e+18	2.301635756128937e-19	0	988	0.8009499999999926	0.7834008097165992	123.7084080338478
443	44300	988	1000	28906950.359346513	3.459375523793065e-08	0	988	0.8006999999999924	0.7601214574898786	124.3977822860082
444	44400	988	1000	60532158.61321235	1.6520144108351457e-08	0	988	0.8004499999999924	0.7611336032388664	125.0087686141332
445	44500	988	1000	139793777839.92603	7.15339420283726e-12	0	988	0.8003999999999921	0.7732793522267206	125.60480070114136
446	44600	988	1000	250583364156.45328	3.990687902855567e-12	0	988	0.8005499999999909	0.7550607287449392	126.31282231410344
447	44700	989	1000	387393524655.61194	2.581354453165954e-12	0	989	0.8002499999999902	0.7623862487360971	126.99111708005269
448	44800	988	1000	34229525.34847693	2.9214543894630776e-08	0	988	0.80009999999999	0.7732793522267206	127.58033358653387
449	44900	988	1000	29741164.15248169	3.3623430517030606e-08	0	988	0.8000999999999902	0.770242914979757	128.15704941749573
450	45000	988	1000	55428456.813907616	1.8041274093487206e-08	0	988	0.8002499999999907	0.7753036437246964	128.7135563333829
451	45100	988	1000	1851923847.346373	5.399790066383797e-10	0	988	0.800549999999991	0.7874493927125507	129.347473915418
452	45200	988	1000	61183417.585678704	1.634429757467118e-08	0	988	0.8005999999999909	0.8117408906882592	129.93029324611027
453	45300	988	1000	28924483.3789823	3.457278570285043e-08	0	988	0.8007999999999909	0.8208502024291497	130.47570123672486
454	45400	986	1000	34582745.86220734	2.8916153016544166e-08	0	986	0.8005999999999903	0.808316430020284	131.05349629720052
455	45500	986	1000	28109502.729985103	3.5575156701655865e-08	0	986	0.8004999999999903	0.8265720081135902	131.51176191568373
456	45600	987	1000	21881332.41704498	4.570105399614388e-08	0	987	0.8001999999999903	0.8409321175278622	132.04030081828435
457	45700	987	1000	37634280.699314244	2.657151817031283e-08	0	987	0.8001499999999901	0.85612968591692	132.52973718245823
458	45800	986	1000	34224287.00873301	2.921901544729959e-08	0	986	0.8000499999999904	0.8549695740365112	133.0473993341128
459	45900	986	1000	29727913.664173096	3.363841733591762e-08	0	986	0.8001499999999906	0.8640973630831643	133.54009373585384
460	46000	987	1000	30199453.994039614	3.311318036028688e-08	0	987	0.8000499999999902	0.8530901722391084	134.09723083575565
461	46100	988	1000	1646967896.7256737	6.071763762857292e-10	0	988	0.8003499999999895	0.8431174089068826	134.72228676875432
462	46200	989	1000	29748928.423511643	3.361465502720459e-08	0	989	0.8004499999999894	0.8351870576339737	135.28169320027033
463	46300	987	1000	110858640.25516786	9.020496631365518e-09	0	987	0.8003999999999896	0.8338399189463019	135.867583100001
464	46400	985	1000	34533830.60874322	2.895711114045108e-08	0	985	0.8002999999999898	0.8233502538071066	136.49896114667257
465	46500	987	1000	28259951.04739406	3.538576421937748e-08	0	987	0.8005499999999898	0.7963525835866262	137.09945218165714
466	46600	988	1000	2020654043.5314293	4.948892675153062e-10	0	988	0.8007999999999896	0.7945344129554656	137.7710899511973
467	46700	987	1000	358648677.36572665	2.7882439287292308e-09	0	987	0.80059999999999	0.7892603850050659	138.38439383506775
468	46800	988	1000	571202843952.2747	1.7506915635766717e-12	0	988	0.8000999999999895	0.770242914979757	139.1602600812912
469	46900	989	1000	29693609.41639082	3.3677278915466665e-08	0	989	0.8003499999999895	0.7623862487360971	139.82190938393276
470	47000	986	1000	73176558.76400596	1.3665578201885892e-08	0	986	0.8004499999999896	0.7647058823529411	140.49983223279318
471	47100	985	1000	30480621.454555538	3.280772895930618e-08	0	985	0.8003999999999893	0.7766497461928934	141.1147069811821
472	47200	987	1000	30621576.21493881	3.265671108254175e-08	0	987	0.8005499999999892	0.7629179331306991	141.8208473523458
473	47300	988	1000	46483133.34924114	2.1513179220805395e-08	0	988	0.8008999999999892	0.7661943319838057	142.49089863300324
474	47400	989	1000	1255434323.060085	7.965370874726379e-10	0	989	0.8007499999999894	0.7785642062689585	143.1412561138471
475	47500	989	1000	580215770.2893431	1.7234967566941885e-09	0	989	0.8008499999999894	0.7917087967644085	143.78573340177536
476	47600	989	1000	21774475.846137114	4.5925328404728325e-08	0	989	0.8008999999999893	0.80788675429727	144.31762290000916
477	47700	988	1000	85197855934516.73	1.173738457419152e-14	0	988	0.8009499999999893	0.8006072874493927	144.97199673255284
478	47800	989	1000	34246718.06210092	2.919987745940453e-08	0	989	0.8010499999999886	0.8018200202224469	145.6320542693138
479	47900	989	1000	7836620434362830.0	1.2760602716128698e-16	0	989	0.8009499999999886	0.8129423660262892	146.18262530167897
480	48000	989	1000	30162101.569070004	3.3154187368405106e-08	0	989	0.8010499999999885	0.8220424671385238	146.73108761707942
481	48100	987	1000	30532728.643978585	3.275173925359182e-08	0	987	0.8007999999999887	0.790273556231003	147.5222985982895
482	48200	988	1000	46645511.48656245	2.1438289487934728e-08	0	988	0.8007999999999887	0.805668016194332	148.1089365164439
483	48300	987	1000	54035773.3078938	1.850625835954599e-08	0	987	0.8007999999999891	0.8145896656534954	148.68610106309254
484	48400	988	1000	51210022.94343291	1.952742691752321e-08	0	988	0.8007999999999891	0.7945344129554656	149.3941570798556
485	48500	988	1000	28157769.74946142	3.5514175070806246e-08	0	988	0.8006999999999889	0.7935222672064778	149.97643128236135
486	48600	989	1000	21901990.638304036	4.565794821376501e-08	0	989	0.8007499999999891	0.7735085945399394	150.64310431480408
487	48700	990	1000	37652361.05548181	2.6558758744709616e-08	0	990	0.8006499999999891	0.7878787878787878	151.22288314898807
488	48800	989	1000	57890702.38650155	1.7273930726382766e-08	0	989	0.8007499999999892	0.8048533872598584	151.7731500506401
489	48900	990	1000	62224128.400075406	1.6070935980002447e-08	0	990	0.8007999999999891	0.802020202020202	152.31851053237915
490	49000	992	1000	30193045.68892102	3.3120208447428334e-08	0	992	0.8007499999999891	0.7963709677419355	152.8623215317726
491	49100	992	1000	336207592711.89795	2.974352815565182e-12	0	992	0.8007499999999891	0.8165322580645161	153.5185041507085
492	49200	992	1000	37479266904.47486	2.6681418356502672e-11	0	992	0.8007999999999891	0.8014112903225806	154.23402773539226
493	49300	995	1000	28849149.698674332	3.466306549003371e-08	0	995	0.801049999999989	0.8	154.82390218178432
494	49400	993	1000	5050661811929.085	1.9799385451584117e-13	0	993	0.8011499999999893	0.8126888217522659	155.49235126574834
495	49500	994	1000	28113658.635801274	3.5569897798952946e-08	0	994	0.8011499999999893	0.8209255533199196	156.0608745177587
496	49600	994	1000	21986142.673853002	4.548319227028653e-08	0	994	0.8010499999999893	0.8249496981891348	156.72154101928075
497	49700	992	1000	37603539.32995876	2.65932407221588e-08	0	992	0.8009999999999895	0.8225806451612904	157.30620145003002
498	49800	992	1000	34239860.48255355	2.920572562799462e-08	0	992	0.8010999999999896	0.8215725806451613	157.87498591740925
499	49900	992	1000	29868256.954972565	3.348035903223866e-08	0	992	0.8010499999999894	0.8175403225806451	158.43352453311283
500	50000	990	1000	30251426.170601424	3.305629167049044e-08	0	990	0.8008999999999896	0.8111111111111111	159.00342603524527
