InstanceID	Endpoint Predictions	Best Endpoint Predictions	True Endpoint
0	-1923579.2074918882	201821.3120893856	0.9147532141802354
1	-1841498.5313200592	3069671.0635076147	693216.4342643082
2	-16979798.35944001	5367214.03492439	150702.98755879214
3	-1378852.531519121	65754.77313699613	11954080.706586521
4	-991222732.0374454	16683870.44661824	5429938.756359033
5	-3543384.876227205	110783.20373833999	24.0792819184904
6	-206616564.56726786	3133671.0388127286	2573452.775562798
7	-59312.960212533864	83574.54394983435	28437235.946999308
8	-15464310.240540724	1535537.9249710916	120.72904444083191
9	-1932919.9954762964	1320623.325180995	57315184.96416399
10	-74027119.37533154	5039080.455965519	45631958.53270593
11	-15937486.080844019	1540074.8121586507	2551418.254447201
12	-2056050.802919916	6380708.445330129	11235987.275876155
13	-201902993.7206334	19788063.975746777	31179.79677321016
14	-58118785.12797714	10870615.666009367	120565.68477454824
15	-5752509.718999013	91483.77496477464	20911.69591262061
16	-436419257.6122558	31403271.313142367	27611368.601552222
17	-45875211.748535365	778553.1016508046	63082270.86938467
18	-17817802.963153325	474349.7267130264	9.688873559218283
19	-20999106.26028264	1565686.6818738733	7216715.158207296
20	4176297.03103944	9714008.151939401	267290.2400915553
21	-3000706.5230814144	353014.9659284606	70413998.38510069
22	-39722622.46514929	24882064.077659372	5386806.12183577
23	-211347205.3325541	2899857.1320768194	568681.7168054521
24	-150215796.07804823	1985548.2980273166	9620251.661971532
25	-5898414.488130121	958985.8473188005	431483.90170588385
26	-117907412.23975182	7191201.368685366	68785173.9550573
27	-375767788.77655125	15852428.40212119	53649.350418980874
28	1166117.740753151	1996895.771771373	2705929.2403148515
29	-35965863.43455964	1235144.671146209	108643.22229179287
30	-1305663533.6845508	20989878.310965236	16298048.635837115
31	-190154099.5044599	5386548.799354946	6563798.770271495
32	-12142567.025934452	793036.4675545186	9922352.855107402
33	-7643110.810277713	131885.37326655435	346691.7630467909
34	121096.59312987726	148182.83429322505	10.173369553795627
35	-21761956.423061643	502902.4940818835	7384533.656978668
36	-99274051.22308484	4810054.450682463	5464601.724422883
37	-2918309.17019555	3441953.566767878	29179814.057292372
38	10588955.924774664	12358402.120273182	3083364.6904810835
39	-789624.5632517289	26488.886211351353	3123449.2548338654
40	-52868.200267644526	767102.9211012727	202063.66182373068
41	-60927.75957887621	14047.196035551131	3280697.1959076603
42	-21845049.673442245	884678.4206793862	21316739.50613869
43	-5484454.474975467	326068.9366292906	355901.2276264222
44	-391228120.0619311	7360329.853808657	8318.528094635432
45	-33940465.81914257	6810928.2045554295	9495288.51873308
46	-84008917.213781	22191467.47979423	614.1012559334215
47	-64767.30354686165	984788.6309218439	1960934.5577589553
48	-2403470.765638094	80987.39618680126	1501650.8984333
49	-70325883.38419802	8904968.970786052	15156805.078235978
50	-6332710.137497603	921574.4744653653	19476699.38936923
51	-166433800.36944306	7090968.553986538	251837.6682979199
52	-1375724214.8617132	18377965.314712457	34.03155164830225
53	-215249.0030786725	6522.361935262259	8.25937555365777
54	-5995621.959990791	232783.41826910555	8459358.498431953
55	-1799752410.2730129	22863362.064337667	24155809.704997472
56	1073290.515478468	3681196.7968988116	4842512.44145772
57	-59768.86725981081	68672.70097087699	92233073.03933719
58	-161688765.09101382	14001464.448897028	2411141.4686882426
59	-1743930373.8777373	37262900.148055315	19868752.00356136
60	-1374663.7507318745	5657850.58757795	77926.01941708606
61	-163225643.48955083	11614138.981899446	60543944.20194323
62	-2147514185.6319027	34135909.20023328	81287092.04873607
63	-66889.4814779977	12039.870219340277	5689696.476308195
64	-176705442.95402145	4898501.627949033	45671.82919001608
65	59519.94583514595	658163.9484678175	45249053.38440047
66	-183368812.4427112	3798085.5055455193	164584.67538322255
67	-114276.00155016959	2878.2815797987473	98259732.14221144
68	-118105.43306303897	29240.2911612196	1055927.8702670054
69	-6172019.029643644	85378.84181788866	58262727.87939061
70	-23384625.72604011	16002903.666949369	55187324.83972434
71	-7180.948152167669	345.36270987327487	1263.914473215303
72	-243111.94978480382	52635.69792676373	48121611.49193829
73	-25615115.03883814	3909227.8843274936	36438315.366282426
74	-500384148.3151293	10051965.440265317	151570.91669800843
75	-3125568.3986048596	45298.931944606105	81395158.81725359
76	-143284690.81493354	4112211.874516008	55038973.389728576
77	-35752440.27667134	1099233.5863766253	13032096.49529175
78	-13721644.359232245	1228293.2604375752	32906251.52690465
79	-24343144.059153922	784308.762610665	50145017.75840021
80	-58302.5204143262	2496.8655202768623	1046096.2217318517
81	-1247962.5329427267	35454.12351660919	30533188.308395393
82	-8768740.742895115	1242107.6152019764	176275.64564269516
83	112275.3978778834	160576.03439357676	122200.26822758159
84	-4832.998669223794	500.8506936466613	28670258.341100622
85	2389091.2364987484	4059856.96965278	47416218.746617496
86	-2707175.9566988507	851252.8552615626	523768.64535744453
87	-985116755.9115237	17871301.635365956	32733797.644934498
88	-89529.29164082574	1450.092838843124	298022.0173597271
89	-278513113.0949647	27781749.472141843	199890.009005346
90	45382.51150348198	77569.04107916537	36997093.23323232
91	-532946.8148631295	156073.16259266116	156462.18022384067
92	-31889.564099691117	24682.58890759904	24664261.99221938
93	10308185.542400599	14427052.178957913	21454075.29948133
94	-150649905.50784302	3049575.391971904	71154817.81812441
95	-296957.3504399259	22796.03031079113	5800304.428256436
96	-53013781.73618018	7706754.262773427	36805827.011578046
97	-42922183.59122958	1917803.434985767	50449695.40783577
98	-504092777.8488633	19014636.409722563	17503193.102690466
99	-42892343.88517503	902402.8645938088	6856747.115099856
100	-5587374.9011586	2151330.764595467	3590968.3677346017
101	-110362.7013342678	4885.774366910448	1871563.3283423365
102	-1688033.6382039199	38359.614589361794	68102.64928164134
103	-1193648.9075276484	107351.82481612929	3378750.7372526606
104	-71272.37582599954	4188.6868829687655	46607523.24929736
105	-802963.4708531679	14145.898110548274	138586.8844063365
106	-255733.3574884889	139105.34485420535	2326819.0589090465
107	-35724987.17630907	2173861.4939760114	45826907.15595842
108	-3457780.9064640636	9810136.890770722	1025928.633922704
109	-346558443.4551459	7692900.304803711	19424904.457115564
110	-2721157.3312495947	98506.82943568248	5.78222749783395
111	-981.3077939913927	-41.10387119324045	21644354.060725644
112	-797626196.7002887	13912858.098006103	431447.70368150854
113	-38764874.87996701	2047389.065735048	4891565.662243834
114	6345717.518214341	10386234.371280057	8822595.617543552
115	-17263862.11944117	4563421.593084613	2062.042693485209
116	-297540349.0070474	15164171.266538335	25544482.87556782
117	877183.9060916033	1690279.711879252	18179538.956182957
118	-1179438178.4128292	32679143.700599227	9773723.724029178
119	-25497155.981039245	412073.356344416	81595.12608277988
120	979241.3608360767	1109615.2101796549	574327.8159080074
121	-161726311.89211667	7871790.682266458	8105715.9949397575
122	-2156271.319379859	49284.01738966458	11056359.280735925
123	-9778158.773242347	310211.3415432614	2032624.033074494
124	-347675155.5660149	6566545.849731988	5059276.3853510665
125	-9399660.530847382	4057163.6014505383	78862645.0854095
126	-11508454.897486405	620724.5559833456	28843528.512420185
127	-78450.04603924669	5475.751498018277	66864975.82853347
128	-386952.9640563439	185153.07562500134	2394839.499108836
129	-128196143.50616783	7535518.538582354	36962.40544726276
130	-140268544.64548406	21594198.675735433	25.645491145985112
131	-273642529.75558096	17620891.427308943	579.8890387437242
132	-11768004.764324313	261273.3983459174	57699729.26779354
133	-6004333.435130387	696576.2481519285	78497857.04656169
134	-6140031.228221225	2767245.6148883784	401562.85973273055
135	-3736690.315778765	5682917.5911566615	63700569.65995828
136	351869.20352323627	1706256.9726660114	68902119.47313581
137	-1673130734.0687668	21742278.76651823	10919360.108571395
138	-21493597.12245755	313784.5366054138	31637467.569884766
139	-5157926.785147758	535521.1124203776	10546253.810470494
140	-19274034.28542771	739306.4907271124	47102803.73181142
141	-91573618.87982887	8875585.746548228	12072442.794632176
142	-44897.87495651911	134967.22551585818	72791725.15186492
143	-29837369.09667458	1138592.205363607	41738686.90335882
144	-20050103.002918858	762591.5706589916	18480742.78883643
145	-1477947.6081459238	21259.710993866876	479999.0361872901
146	-136349.88476908195	72014.19747429097	309985.8774846151
147	-48865366.03261496	4511845.596751792	576068.9587262926
148	-3581401.115614735	61892.210981496486	57597064.896021344
149	-9819934.243563728	2048651.046891127	117942.10661689808
150	-129952417.93849273	4439542.624682873	14191152.478979817
151	-428338.9270380256	42919.757399985756	18634057.226551864
152	-6311623.146893158	2804455.539000961	44245349.75806856
153	-48586668.44368992	23078974.44263301	3743872.228618259
154	-1743573291.280021	32538997.754677724	12472145.687616164
155	-3448194.4896321716	598395.8439757848	152.0474005642938
156	-2444998.0890565356	413933.29780248925	30056094.635338064
157	-7302542.0620690305	1387329.4202974548	3559042.9624137157
158	-711074433.4497169	18650181.623950925	1607460.5782661135
159	-113308954.96944602	1518823.5027804784	23888667.406392593
160	-45129948.2361325	1795465.608723223	77666160.3526552
161	-2060889.5526797017	190193.67782890875	122940.01965309665
162	-812217915.3844765	13215507.894408524	15019554.54638886
163	-272881503.7929876	5075169.337859008	44206872.28804736
164	-10291458.766156446	204723.70453876595	42262824.31074334
165	-2897725.6528985985	1718877.6502759878	702316.3263618699
166	764025.715960701	1008798.9653972143	5396830.801956152
167	-1612245.0953088854	63513.11878853004	617284.7437631247
168	-9526368.366896788	213135.18244612435	9681.09063076287
169	-2001787122.575057	26558176.131974503	14475802.804327432
170	4418225.341581808	6558781.566979179	643010.9569342671
171	-3494566.266591409	513565.40774354356	21016787.427219924
172	-621689.6349227978	81920.57787333049	17378168.87645273
173	-1075574.1645036666	45780.00349885806	69160.88165309919
174	-248129.9765372567	6033.7395249133015	37443.29097217912
175	-1027789322.0903754	25304418.186411336	44516641.192964025
176	6719.262539820641	14770.1861533315	43277048.75297183
177	-5744512.471544861	951245.1255646554	98146130.75536183
178	-88718.32321611274	873803.5324019958	32312.56627276762
179	-271607.1417290969	2116.6968145200417	34882.57337725766
180	-913638.3508299887	1868380.4831630688	91671774.39013223
181	-233663791.80769056	22124261.947771247	5917811.778266953
182	-493583.30310368777	17963.054838874985	28076402.780757643
183	-3588.1730385449737	135.97474950203477	26079670.618268464
184	-331038910.81229854	4254283.268509255	99448.66080519347
185	-56523281.841156624	1249633.2697083752	1060687.3982204224
186	-545633347.6090204	16333686.718176857	1205127.3104070758
187	-199712026.83508956	2750108.2632485377	33648093.80392809
188	-31020402.76530907	1569653.9255519307	48837164.65987725
189	-10131030.004893398	475036.2704803874	3589870.6822139234
190	-28752406.60203898	1266924.4494973398	177622.97835551386
191	-152010206.98209485	16059920.104160562	169584.83171590435
192	-6094303.601258588	626372.899551889	9144297.488935195
193	-17514296.661079686	20923681.4515606	51796818.931920275
194	-50541585.14667635	12978607.06640575	1913477.946356438
195	-16232706.20990615	693625.2718697567	91176831.91871735
196	3385.045545619278	3.5325253932028637	94222.96371962229
197	-20719146.442940205	1923621.7793941898	12861994.65024412
198	-18737914.22824768	270666.53521542717	65433683.02967751
199	-363754.33124762285	26568.24942057587	28586030.82167309
200	-23807897.837869156	2057136.2823956932	1453162.4253877867
201	13074704.938575236	31020239.14371759	70104001.69117014
202	10639217.948391784	14913349.91595652	93151852.45986435
203	-76628676.97912507	5265096.152094305	9185756.614891091
204	-16145020.511574283	243408.20177671546	95263393.95904367
205	-107981.50540273657	2105.0290244892167	72803598.30152705
206	-600705.0796890417	1463365.2426060818	49682247.682006426
207	-7905768.931092643	1589826.6026515097	11672.660728151544
208	-142655527.17343694	18994049.273306787	10204945.687240753
209	-745309265.2623616	9913351.456235554	97381.67011970193
210	-2615723.6056909845	141113.36638905288	270.8472673326029
211	-174899877.57984895	2677923.6191941076	958496.1652138118
212	-329033.02727844624	22963.330277351488	2980703.070467229
213	47871.91602030447	128538.89258319835	14693150.862173522
214	-42997083.424601875	9450362.25303671	42703475.014673956
215	-19809420.90337005	489872.31005194044	63396.96682507276
216	-229342563.02234906	9959540.66992232	341.5556517655954
217	5280930.277764246	6535320.819572258	24429649.909670353
218	-342280357.3038807	12430537.894560605	22100970.058289085
219	-8815686.953955913	1228651.2533500025	84160078.38728057
220	-8868086.443958925	290290.8985402086	61841816.30786163
221	-23302735.249264143	3267164.522794968	61369116.22838769
222	-92256742.71271628	1322081.540117973	97224090.33106811
223	-7061486.01186635	190574.15979525383	155388.90404327394
224	-1918605.29443725	1809009.350179856	22796.38304918411
225	-532599646.03324145	10142351.476057105	83155724.68322495
226	-295395903.90320295	19027056.351187624	93691.63974459581
227	2059537.6418020504	2776732.7374588833	183.094922655752
228	-139670.45831145163	80451.87252092539	17520.57462457298
229	-2952073.8603407918	47900.11087424155	47821025.27861123
230	-16001474.032631127	368561.79915494594	25593.49709207183
231	-338487986.3361792	5925774.053251898	1690868.7606835803
232	-751162720.7036998	12007640.917520104	802813.5989207778
233	-17098088.281008735	217695.7186217245	27520611.12968507
234	-84546458.87588835	5133337.665854588	23298413.938037023
235	-184934617.93980703	2357744.5151379216	87755340.66612236
236	-4638986.475022273	905132.6238990676	1465521.8051928324
237	-3174417.5819548503	110998.12192609729	82627102.64878199
238	1313991.9141266928	2883109.683572215	26696528.111215673
239	-349765729.09149414	20514554.420590054	92299639.43723093
240	-77222.39335205403	308987.77422021277	55479892.57523001
241	-112787.06600576053	40990.78510245364	89439087.51543847
242	-96228964.2593796	3096519.8311328827	1614641.7261271954
243	-6847988.152589194	2555630.685581889	9394208.189673819
244	-272517020.8634102	10689156.02804833	56165022.919818416
245	-18976124.21635547	789015.5177427396	9490988.83350769
246	-797522449.584696	10176464.980163068	421.8733517690796
247	-6662168.757390515	568412.9123448681	39387872.25709764
248	-98384115.42250195	11939329.243926547	21.084253939676216
249	-226212695.7633373	21939773.1477084	14782.298972957162
250	-41878615.342783906	3780170.7718183435	3167247.514196325
251	-24448908.267662596	941989.8307171912	414846.7443143811
252	-679883093.885844	25337020.692541104	56005331.30700198
253	21236209.632081464	22323260.281091325	3196258.6995375976
254	-113802996.7864	6492451.5021861	3129557.062667568
255	-22169025.02503842	644202.1295863324	86342695.34925447
256	-15881693.87424279	1750531.8373292694	79908240.80262291
257	-2956479975.7216845	39527513.279136606	207404.52814032242
258	-155479399.89172688	11606879.033275342	22428676.828435585
259	-8074342.226460288	9656309.178383559	20965376.26272087
260	-1085792.8638009294	27893.640980283417	302482.76484720095
261	-131877776.19968022	12702965.074311957	39643864.90885867
262	1210602.2258440778	1423368.7327589507	9958786.44646226
263	-43889781.71779805	1618691.7965964987	68408639.87535678
264	-514202138.51905996	9012977.522302993	140534.2448442877
265	-511219914.3280419	10222412.145154124	12343967.635926872
266	-18990614.84894195	883645.4701635182	1032462.2017043928
267	-149228697.6173444	4385773.751921359	6371920.361082505
268	-65875375.522101924	7758144.812959552	4032898.2133765626
269	-269529646.22561526	3528487.8846452977	75819237.04445593
270	-61412710.53423141	2051872.363037537	12379519.194502149
271	-11867083.974975185	3471346.292565628	7776.992322103467
272	-73902473.93955189	2876398.5393850454	545.8491411039385
273	-185576826.41519535	4111665.3057813384	2528278.9647611645
274	-2952721.7296384787	780593.1710331308	3705680.3998839953
275	-2541589.8214504076	35577.06002088873	93836261.29990876
276	-383793784.09561276	9173529.362244435	1680.028423931416
277	-676221772.4010854	18026680.546545014	14461752.990397478
278	-225021122.7582638	11439175.798707724	12.31212635015763
279	-1088076514.3647811	31979239.2258679	1106408.0551492965
280	73973.32996480439	103686.82674148827	12562800.834053239
281	-53377.278119948816	72872.3581592329	84317298.47402015
282	-2071543.8050071415	230217.86774830293	108695.19369287035
283	-306421.623104055	37390.250663036335	2212.209258446389
284	-135798.45826959438	4340.157199991845	655.8273519288056
285	-69612892.2787298	2007357.2736927436	9261.654817913664
286	-12413324.856699444	2413451.916757758	430304.365054183
287	-724282.0383263174	77864.32482236058	23835573.135774296
288	27165.59998900825	679035.7959615933	65964.86784892448
289	-2255432.354404646	87815.7691955859	337402.51326750783
290	-428190634.51107454	13445455.538651476	77371464.6729959
291	-521839.30255774537	12736.143727493994	0.8994218133034871
292	982762.2507125863	1948406.4187891555	1457.1498897090614
293	-701525.3529661099	87916.76035027472	88101488.99863015
294	-1185039081.0030081	19360912.225623783	1879317.6204651087
295	-1773823.9102991547	147377.18441769894	378919.0498862263
296	185249.89473559315	241417.4676188837	39447115.47868296
297	-345804.2451589	72337.75190241724	15939737.659241075
298	-76388.03030925733	244052.01791214742	7547693.258945588
299	-15091910.018941484	870211.4169604845	34442388.73051241
300	-25583.807533005605	22858.679968362165	61119893.74906621
301	-144995186.4495908	6867080.101817715	2388037.734350779
302	-224458149.81169772	3827546.3708747476	15358691.174582064
303	-5363122.232640125	534061.1208728999	18296302.29473934
304	-95886086.30478877	5355748.457579197	2431.6338126800492
305	-125903062.97973742	1989273.120055891	1129598.0531513682
306	-2061680.6560639085	785802.0425626467	35673440.83305447
307	-1051948.2438012364	592951.41196675	89684902.06139909
308	-200229621.68485042	3567861.7799440674	37526786.39913594
309	-5376119.920778462	1094270.0457861365	8206584.521381822
310	-12640353.869285397	6621632.575947314	194245.93356495284
311	-19683610.38421657	8882173.326256631	246087.897491688
312	-79750437.36849326	3278406.7165244366	14003.59261823854
313	-888122210.84436	23866201.280460894	2781664.4246889814
314	-106664182.43480343	1937200.3525482926	50069066.95034044
315	-223202138.29891586	19995835.12049123	21064883.694070887
316	-311231815.3127483	11868032.371404462	2.938624478542521
317	-38768124.99672184	579952.1178326514	7087483.199415659
318	-721019.8424919477	3822334.6776255034	28004385.204412527
319	-11914208.452318799	304759.2031620709	2629312.825766006
320	454975.0814316646	829113.8785000184	2446181.43228828
321	-14557654.454650411	1925048.2408753294	73352647.92698658
322	-2399666.2952666273	285751.28513148904	23337079.614427306
323	-28698223.47295256	893345.5082970897	4766856.467392437
324	-73447104.63287693	21078482.905395225	22097506.291061006
325	-780981.9396997478	329512.3489745554	8804271.08236003
326	-26965029.143462196	460911.0002176521	2970040.860324336
327	-388535767.11638653	12961023.023020701	72108648.43911415
328	-15406916.815020854	9496761.831315733	52813897.68004135
329	-4253942.869502183	1445030.784193517	4273344.852454984
330	-554438.4346582483	8733.695815454364	93642538.35842246
331	-271243210.44969416	4953289.2144163465	15.51803011202664
332	-66600765.75330407	18096210.809759073	70302.9731906388
333	-85145413.12608378	2284088.2647948614	1059762.952316285
334	-5175851.06826988	5239147.32750975	385316.75090363703
335	-1283618214.6787367	21691258.16384299	2041038.1575638957
336	-128028372.93886587	1651037.649206312	1545083.5944962671
337	-360766116.10752004	15510425.944978328	18046117.127964284
338	-14345546.053065872	1637789.6080009816	72295654.31292446
339	-147543833.17783076	2131332.9868710246	13110423.730188143
340	-97693302.89942953	1929501.3105606784	14944397.068850202
341	-118598262.47083744	6037917.043205075	4398319.843136821
342	-2760.127130240549	2319.4461154385103	82837466.84344271
343	-25082359.869818963	12207030.571558168	4561473.831337252
344	-201957.40295821495	42689.00148148024	51850.90980092002
345	-19851638.360168863	297005.16322982195	48917491.83804871
346	-217671462.386282	18308836.87588657	206190.11871566123
347	-2887478.021681394	62604.85384326898	74643213.86319628
348	-4083321.970451528	117987.51153367592	109716.54179733734
349	-51342357.09663313	5202887.8744722465	11298479.066810679
350	-8788114.828102456	2123442.2580805635	182.56169532897067
351	-185306057.13396746	3853311.7876522266	51495848.2313428
352	-2885895.484608117	1762527.113625928	35946787.54770966
353	-84541165.59951513	4686323.463528488	179057.670844233
354	-691427.7370493788	23020.93710235703	50615625.39414321
355	6931953.660561556	10710524.718226023	6732241.833888292
356	-3077093.7016883073	58032.24357642094	3573252.714511792
357	1693882.802287803	5033021.385705033	7322021.145361126
358	-1222630578.6454532	37312912.992008775	422613.18306809384
359	-230744877.43493205	6887863.562014072	5907542.191543677
360	-271223.1770527924	142101.88538053478	92504879.48753402
361	-506821978.4434726	9715101.07503599	2510.6083025156395
362	-951975.0489057382	30640.759895611063	83713.95453383465
363	-429309199.6547476	5556087.384499423	36793.12785769433
364	-28351925.78683626	6551191.30019667	710814.8770219439
365	14197509.313261127	17488643.904203486	5651315.299090392
366	-986.0894446095372	154.5890754760284	17999150.4435657
367	-12313982.62302114	323411.65344310575	38054431.38372459
368	-150372094.09273678	1919428.6659002134	54203311.651899904
369	-1046014462.7252954	13993685.436090026	3636918.5609715055
370	-11410937.092619233	1095173.9275199126	38953543.467578165
371	-797258706.9007457	28976564.911242947	21529290.238862764
372	-9413101.01608863	1183300.583805182	44894304.11007225
373	-190144204.41802454	3186762.9124507015	365914.72342158685
374	-607610890.5788954	19771954.160090424	58721269.282666326
375	-5615645.5662107775	474237.4932569103	37879719.341687806
376	-913251.3313831608	24106.831369890173	20258031.30621517
377	-163508652.19248047	37084915.03166273	2662839.2666549613
378	4541951.794364867	5440376.482462604	394315.0456400427
379	-33464688.42361111	2248556.3973710057	1282245.8144925798
380	-377426771.76021916	10736805.470039891	2141991.170586167
381	-12636206.443743171	1793239.0454543424	7768.843635526557
382	-904863503.2097359	14359621.000052433	79492417.85795175
383	-471880096.19910455	11550166.192547552	89654.77916144324
384	-51160856.52111685	2576529.137765133	994.2368344447361
385	-157683811.78608215	4775365.205859339	65239004.30485658
386	-20244850.795690235	1479420.682649688	19187137.878014576
387	-237036727.60034743	3729150.0596954348	19375771.84588188
388	-160314307.96725768	26787251.23970858	922952.9176485911
389	-1148695.341117461	92547.5406222426	318581.7926896657
390	-19726359.223827403	706719.0537819555	9088157.252916412
391	-6113716.5027394295	2171483.889958766	12156987.903054364
392	-88030650.93698579	2486023.5117860753	2204808.883730248
393	-47778799.959469676	4995923.467657554	76688126.7966358
394	-1287359983.112326	18575714.315397616	29070892.190024443
395	-1844206.9220695493	480047.9890395727	650032.1151547667
396	-39750489.62926001	1237338.3760078838	4284559.28091147
397	-59836433.89768041	2258299.333153289	11594001.854339475
398	-1672260.451108199	6532527.000216761	54380701.6083569
399	4921435.284822909	14191571.780356646	16.46613069985135
400	-235964183.3723172	6563417.193706673	71858985.03414989
401	-148697876.43298608	34721868.40111892	1914788.518100865
402	-109603.19171746656	44233.75939979925	86.58956238813917
403	-616677.297039672	44293.96721035457	4257895.98220513
404	-21407870.024174385	897577.6265764749	41610730.112030596
405	2147290.3319201833	3220949.416198	38468.4362164958
406	-1035628050.1599479	13494210.97776706	4186.425627240468
407	-456667.28105859447	790190.6435636946	21524939.86824314
408	-784709236.8544201	29049677.04138534	39239363.48565903
409	-20447070.075519565	286589.1725370233	26426855.110512834
410	-126092779.47700845	3872055.45095828	870697.1782076862
411	-88691653.82065275	10095685.232751213	86790138.12516007
412	-32071600.534356214	1308813.05776176	99619299.84164244
413	-488100135.2400305	20819805.924666815	5631.687737510184
414	-547967.6528970599	442496.99613621895	25538649.88523128
415	-163259358.0517742	13572018.341400856	4422112.6387159005
416	-246506777.26696554	4091816.239115003	385689.12216132757
417	-5756574.312544821	1778546.884131558	44815755.01922483
418	-35543631.304566555	1183892.1302236381	61282.89638025385
419	-119957696.87176289	10411964.603268627	5598723.7642087685
420	-263432665.38335764	26229059.998439062	14986.526819604043
421	-32030752.181707058	909514.7128776344	9968538.057782162
422	-1106896.87853288	619236.7845893108	88290421.25262627
423	-2635425.852366661	59903.9922431626	21756435.01851778
424	-18836053.382738844	5826901.361848479	5185930.53640924
425	-47139922.51687941	689111.1776420907	16444215.03271463
426	-215279.31139428465	11111.94783523591	56648719.537541755
427	-305708029.3207455	10871123.985299423	5553370.393704564
428	-109711963.9554262	4765811.465574123	7629270.563184363
429	-101868613.7899748	10682364.01566783	22877706.86368
430	-3480622.5888901446	5091656.149271875	11411323.320217954
431	-832786847.1149036	13739439.276547164	507155.09042905
432	-2251745.36550635	97121.49368701111	1288576.9295288995
433	-22058958.118661758	9425548.899520002	4063787.2791547114
434	-58508874.44916967	18895577.373883255	168192.60291459752
435	-197908633.60764107	4362387.068292567	397871.56126111763
436	-25464666.007802732	1056984.4123327413	32056189.69556322
437	-619567.8380087453	125791.50718351056	19767795.015167005
438	-107582854.27247	2984044.7895571175	20881472.465787604
439	-195373374.01853278	3738020.693294127	580280.9992049166
440	-187292717.74615064	7624500.795993295	104383.95488842897
441	-251937.0062085861	1047546.2050107603	54542663.84125175
442	-53939925.05636028	1502507.6369169885	66689656.18659997
443	-356017659.90703046	4726291.771767873	10569077.054132093
444	-14580796.462548066	4467900.558902524	553.5183717953763
445	2217420.0388304903	4637293.501811928	67715625.1590428
446	-12921866.489255978	505343.24894200306	1061307.0532602025
447	-18717785.46749038	461387.38847144094	3918160.601923962
448	-3933995.9236072134	122015.77628745402	10868753.224378735
449	-268.12239843996247	3.6887458975215104	35965438.12887489
450	-148439958.7963727	21328987.380060084	2514259.7210672763
451	-30491206.12587168	15886624.320652938	3891.5724385834624
452	-333849.10058391147	28775.693863657387	18256028.89616776
453	-2583911.0308352257	520417.1552958454	1463097.3231369562
454	-87657188.90723598	4717270.848640968	13233882.858505458
455	-75160218.76487283	1039549.9251449496	30847.676628781086
456	-9036453.17342267	207403.44575113824	17087073.940262735
457	-56867237.66014283	808733.8475074504	867038.6873996806
458	-149755635.83679208	15534259.310988612	38303965.81265036
459	-361959.6314132079	115338.76754937212	99230.97751330641
460	-3449177.954152001	76411.69407215633	19649673.702088375
461	-115839031.3520836	4486312.502780523	95068565.30403939
462	-21266660.3649548	1339027.7888351954	842708.1241337652
463	-164520991.9310466	9808690.850527098	410695.7401071406
464	-53965816.49344828	714886.3934949833	75.5452179490504
465	-637301936.1612265	11437018.377840437	5335657.15064083
466	-1636362636.2655158	21862026.60297643	65719224.94950155
467	-236331.23945938313	1126063.0003734808	31510160.260025717
468	-23039854.477862332	6004576.871137519	3287746.127819781
469	-529216301.7642639	31256523.378316138	6284762.196328793
470	-3527925.2107696487	166820.3793064075	26681464.047677293
471	-8315476.396684223	4820543.774737956	77860511.29983477
472	-66367116.5016863	5165484.479426643	7638701.610704764
473	-2648966.044379053	68625.66170283688	36799177.509122446
474	-26594527.017786507	1554693.734160432	11255.0653936636
475	-6758572.703832267	639171.536624793	362402.9058690636
476	-285874879.3358928	4973192.852275852	103235.05236161954
477	-130250.91318812921	13739.304262453445	14641784.437662223
478	-7500457.997166571	286573.8396244327	1965317.1663984314
479	-335588429.3755041	7512579.269342155	83315463.27657937
480	221589.71085997738	577850.7886952012	12343.289035736674
481	-6660631.209686461	867966.4185634039	40348444.61319831
482	-541361.653706158	28738.802439680083	14960.244729792565
483	-4966119.240145475	1034109.2633300496	21876857.597332377
484	175956.00523042495	773508.0364352722	21380914.094304115
485	171.39432379676668	2079.0372584713	98363350.00007305
486	-3885784.2484833132	1318786.3657251936	36215523.2054094
487	329921.6477521699	422229.8088220948	1963.9495952820228
488	3539088.685068673	5137143.753411108	1.8121237372621746
489	-1019.3130182020352	2459.9728182797803	1.762778326235074
490	-198142866.6661606	10670111.677064285	87448811.00483176
491	-7740089.888097586	1024407.9194852551	53802480.79817911
492	188133.58836902177	223401.06640970137	82069189.51654927
493	-370410.5331014431	8403.252501812947	17202493.70756674
494	-30231363.77085434	1733939.9569968185	8268512.621730307
495	-92498537.02193232	16848145.97695524	12448.468998946695
496	-17770113.044866268	2917914.956434441	85822397.47147721
497	2838424.529185764	3930913.9066223274	13484.916442236898
498	-36124298.27643913	797956.8418765567	96192707.14355825
499	-64275523.32770592	4220301.55160114	9188612.807928855
