Epoch	Explore_Iteration	MacroPopSize	MicroPopSize	RMSE	Accuracy_Estimate	RuleCount	TreeCount	AveGenerality	ExpRules	Time(min)
1	100	1000	1000	34278196.02975764	2.9173062956954195e-08	0	1000	0.8690999999999995	0.0	0.7720168352127075
2	200	1000	1000	28656669.40644953	3.489588936246194e-08	0	1000	0.8684499999999996	0.0	1.6151788830757141
3	300	1000	1000	31509868.921547625	3.173608785087883e-08	0	1000	0.8677499999999996	0.0	2.3875061829884845
4	400	1000	1000	30310275.227125738	3.2992111075024277e-08	0	1000	0.8673999999999995	0.0	3.152686965465546
5	500	998	1000	36177852.4571313	2.7641219819327955e-08	0	998	0.8667999999999996	0.0	3.965368402004242
6	600	998	1000	37926888.75538473	2.6366517435245887e-08	0	998	0.8666499999999996	0.0	4.787400086720784
7	700	998	1000	31371329.025169175	3.187623856552149e-08	0	998	0.8654999999999993	0.0	5.685964469114939
8	800	998	1000	38555343.2261182	2.5936741587242244e-08	0	998	0.8652999999999994	0.0	6.534345201651255
9	900	998	1000	33972505.163466565	2.943556754948454e-08	0	998	0.8646499999999991	0.0	7.325106501579285
10	1000	998	1000	36535177.97971893	2.737088001006128e-08	0	998	0.8643999999999992	0.0	8.153930366039276
11	1100	998	1000	34113014.60421129	2.9314324233374102e-08	0	998	0.8632999999999992	0.9458917835671342	8.275880654652914
12	1200	997	1000	28657444.057598017	3.489494607736734e-08	0	997	0.8621499999999993	0.9468405215646941	8.387666201591491
13	1300	995	1000	31511707.46261471	3.1734236218464435e-08	0	995	0.861949999999999	0.9477386934673366	8.497640351454416
14	1400	995	1000	30310450.037357364	3.299192079878682e-08	0	995	0.8613499999999988	0.9457286432160804	8.607334748903911
15	1500	995	1000	36176548.21123041	2.7642216347422282e-08	0	995	0.8605499999999988	0.9437185929648241	8.72241001923879
16	1600	995	1000	37925642.71791589	2.636738370053307e-08	0	995	0.8598499999999986	0.9376884422110553	8.845573131243388
17	1700	995	1000	31370885.643924844	3.1876689089170386e-08	0	995	0.8589999999999987	0.9386934673366835	8.973789167404174
18	1800	995	1000	38554468.78817473	2.5937329847724058e-08	0	995	0.8583499999999987	0.9346733668341709	9.102382552623748
19	1900	995	1000	33969512.57930462	2.943816071035041e-08	0	995	0.8575999999999988	0.935678391959799	9.238555335998536
20	2000	995	1000	36529455.86613913	2.7375167489198203e-08	0	995	0.8573999999999987	0.9316582914572864	9.367202651500701
21	2100	995	1000	34103264.04301957	2.932270557492222e-08	0	995	0.8571499999999987	0.9326633165829146	9.490077602863312
22	2200	993	1000	28650729.643996652	3.490312384789166e-08	0	993	0.8561999999999987	0.932527693856999	9.610450685024261
23	2300	993	1000	31503849.175214656	3.1742151973117884e-08	0	993	0.8561999999999987	0.932527693856999	9.730476248264313
24	2400	993	1000	30303540.698153622	3.2999443100108967e-08	0	993	0.8555999999999988	0.9274924471299094	9.852285500367483
25	2500	993	1000	36169269.80371838	2.7647778840407117e-08	0	993	0.854299999999999	0.9224572004028198	10.001973970731099
26	2600	993	1000	37918886.937276974	2.6372081419005135e-08	0	993	0.8536499999999989	0.9224572004028198	10.1423264503479
27	2700	993	1000	31363179.816564754	3.1884521083774795e-08	0	993	0.852899999999999	0.9234642497482377	10.277048321564992
28	2800	991	1000	38543539.009539805	2.594468488759706e-08	0	991	0.8516499999999988	0.9212916246215943	10.41222196817398
29	2900	991	1000	33964513.126840696	2.9442493900118624e-08	0	991	0.8510499999999988	0.922300706357215	10.542611602942149
30	3000	991	1000	36525213.08428199	2.7378347398388917e-08	0	991	0.8504999999999985	0.9233097880928355	10.675231683254243
31	3100	990	1000	34105858.205639176	2.9320475228920686e-08	0	990	0.8506499999999982	0.9252525252525252	10.804427750905354
32	3200	990	1000	28644513.15808454	3.4910698588956974e-08	0	990	0.8496499999999984	0.9181818181818182	10.936142949263255
33	3300	990	1000	31498347.468765967	3.174769626387265e-08	0	990	0.8492999999999983	0.9171717171717172	11.071698586146036
34	3400	988	1000	30295194.797786377	3.300853398257517e-08	0	988	0.8489999999999982	0.9220647773279352	11.20510220527649
35	3500	988	1000	36156303.95801913	2.765769348281286e-08	0	988	0.8486999999999982	0.9251012145748988	11.337354568640391
36	3600	988	1000	37908971.44154713	2.6378979317941868e-08	0	988	0.8482499999999983	0.9291497975708503	11.46709053516388
37	3700	989	1000	31345919.49111671	3.190207798438701e-08	0	989	0.8478499999999981	0.9282103134479271	11.594784486293793
38	3800	989	1000	38600890.87576645	2.5906137174716362e-08	0	989	0.8471499999999985	0.9261880687563195	11.724992783864339
39	3900	989	1000	34177027.320129365	2.925941924011651e-08	0	989	0.8471499999999984	0.9251769464105156	11.8574125846227
40	4000	989	1000	36600232.95872668	2.7322229719287562e-08	0	989	0.8468999999999985	0.9302325581395349	11.98582309881846
41	4100	989	1000	34093092.77213335	2.9331453656968186e-08	0	989	0.8466499999999986	0.9251769464105156	12.116111421585083
42	4200	989	1000	28649226.2384172	3.4904955434855475e-08	0	989	0.8463499999999985	0.9302325581395349	12.240938901901245
43	4300	989	1000	31507753.535525575	3.1738218566876336e-08	0	989	0.8466999999999982	0.9302325581395349	12.367823882897694
44	4400	990	1000	30321438.81195431	3.297996421679644e-08	0	990	0.8464499999999979	0.9222222222222223	12.496579869588215
45	4500	990	1000	36147846.90547481	2.7664164201834652e-08	0	990	0.846499999999998	0.9212121212121213	12.630171616872152
46	4600	988	1000	37913372.36864426	2.6375917285878772e-08	0	988	0.8463499999999979	0.9220647773279352	12.764955898125967
47	4700	986	1000	31358827.68112361	3.1888946177442786e-08	0	986	0.8458999999999979	0.9259634888438134	12.892932482560475
48	4800	986	1000	38531697.914590865	2.595265789387055e-08	0	986	0.8462499999999977	0.9300202839756593	13.019787168502807
49	4900	986	1000	33962532.66917433	2.944421078064731e-08	0	986	0.8460499999999975	0.9330628803245437	13.14394206603368
50	5000	986	1000	36552949.94195472	2.7357572349985588e-08	0	986	0.8460499999999973	0.9300202839756593	13.27277443408966
51	5100	986	1000	34103161.70302276	2.9322793569271045e-08	0	986	0.8457999999999972	0.9290060851926978	13.402151719729106
52	5200	986	1000	28646706.885728512	3.490802517304927e-08	0	986	0.845449999999997	0.9259634888438134	13.531824469566345
53	5300	983	1000	31506839.620649915	3.173913919330234e-08	0	983	0.8454999999999971	0.930824008138352	13.657495085398356
54	5400	984	1000	30345273.905418936	3.2954059672117984e-08	0	984	0.8455499999999972	0.9400406504065041	13.776744969685872
55	5500	983	1000	36141357.72325884	2.7669131303479418e-08	0	983	0.8456999999999972	0.9379450661241099	13.901481386025747
56	5600	983	1000	37911809.68369582	2.6377004473438547e-08	0	983	0.8457499999999971	0.9379450661241099	14.023949865500132
57	5700	982	1000	31359876.07228185	3.188788009899035e-08	0	982	0.8454999999999973	0.9378818737270875	14.147463703155518
58	5800	980	1000	38531203.34638062	2.5952991009841968e-08	0	980	0.8452499999999974	0.9377551020408164	14.267644770940144
59	5900	981	1000	33963781.08608688	2.944312849097115e-08	0	981	0.8444499999999975	0.9317023445463812	14.395438901583354
60	6000	981	1000	36554734.37536509	2.7356236879611455e-08	0	981	0.8441499999999974	0.9317023445463812	14.521820735931396
61	6100	981	1000	34103112.31170724	2.932283603728081e-08	0	981	0.8440999999999973	0.9347604485219164	14.645924770832062
62	6200	982	1000	28647300.831200186	3.4907301423790134e-08	0	982	0.8432999999999975	0.9327902240325866	14.77014218568802
63	6300	982	1000	31505705.390011728	3.174028182770822e-08	0	982	0.8432999999999974	0.9266802443991853	14.896444869041442
64	6400	982	1000	30345254.986486603	3.295408021752466e-08	0	982	0.8434999999999971	0.9185336048879837	15.028230917453765
65	6500	983	1000	36142268.02748557	2.7668434409569506e-08	0	983	0.8433499999999972	0.9155645981688708	15.170094887415567
66	6600	979	1000	37910606.253731824	2.6377841782040105e-08	0	979	0.8435999999999967	0.9121552604698672	15.315228299299877
67	6700	977	1000	31361021.981032204	3.188671493926779e-08	0	977	0.8432999999999966	0.9048106448311156	15.463233737150828
68	6800	976	1000	38540694.76782332	2.594659956385311e-08	0	976	0.8433499999999967	0.9047131147540983	15.608387684822082
69	6900	976	1000	33968336.07196846	2.9439180313163626e-08	0	976	0.8429999999999968	0.9108606557377049	15.751048334439595
70	7000	976	1000	36561927.262946494	2.7350855042660458e-08	0	976	0.8419999999999966	0.9067622950819673	15.891602917512257
71	7100	975	1000	34114804.53972046	2.9312786169502933e-08	0	975	0.8417999999999969	0.9087179487179488	16.032124586900075
72	7200	976	1000	28648616.810927313	3.490569795023669e-08	0	976	0.8421499999999971	0.9108606557377049	16.16808711687724
73	7300	976	1000	31514758.26766806	3.173116416681406e-08	0	976	0.8422499999999972	0.9108606557377049	16.302554217974343
74	7400	974	1000	30350949.026009236	3.294789781351326e-08	0	974	0.8418999999999971	0.9096509240246407	16.440448586146037
75	7500	975	1000	36154564.196851924	2.7659024373693e-08	0	975	0.8420999999999974	0.9087179487179488	16.58789740006129
76	7600	974	1000	37916518.53209209	2.6373728716150016e-08	0	974	0.8422999999999975	0.9055441478439425	16.735482454299927
77	7700	975	1000	31371650.557371628	3.1875911861740114e-08	0	975	0.8421499999999976	0.9066666666666666	16.878815984725954
78	7800	974	1000	38540768.57611571	2.594654987428468e-08	0	974	0.8413999999999977	0.8952772073921971	17.03120903571447
79	7900	974	1000	33967563.10947654	2.9439850228206743e-08	0	974	0.8406499999999978	0.8963039014373717	17.179589470227558
80	8000	974	1000	36449802.08264184	2.7434990464357842e-08	0	974	0.8400999999999978	0.8993839835728953	17.330216749509177
81	8100	974	1000	34111596.346427366	2.931554303494772e-08	0	974	0.839199999999998	0.8952772073921971	17.482352165381112
82	8200	974	1000	28650199.255358893	3.4903769994171486e-08	0	974	0.839699999999998	0.8983572895277208	17.63157438437144
83	8300	974	1000	31515328.450162355	3.173059007938908e-08	0	974	0.8399499999999982	0.8891170431211499	17.79029326836268
84	8400	974	1000	30353659.23592538	3.29449559699703e-08	0	974	0.8400499999999982	0.8901437371663244	17.943890368938447
85	8500	972	1000	36155365.98849552	2.7658410999346118e-08	0	972	0.8399999999999985	0.8930041152263375	18.107027232646942
86	8600	974	1000	37916313.66074071	2.6373871220016524e-08	0	974	0.8409499999999985	0.8942505133470225	18.269082498550414
87	8700	973	1000	31368598.254207525	3.187901352866014e-08	0	973	0.8412499999999986	0.8931140801644398	18.427915986378988
88	8800	972	1000	38542633.071350396	2.594529471309078e-08	0	972	0.8396499999999983	0.8940329218106996	18.589687434832253
89	8900	973	1000	33964274.80933832	2.9442700489584846e-08	0	973	0.8391999999999987	0.8920863309352518	18.74299501578013
90	9000	975	1000	36450796.51955879	2.7434241993290255e-08	0	975	0.8387499999999987	0.8861538461538462	18.905859768390656
91	9100	975	1000	34116032.67210141	2.931173094772022e-08	0	975	0.8378499999999987	0.884102564102564	19.07006890376409
92	9200	975	1000	28649135.01636173	3.4905066576140126e-08	0	975	0.8377499999999987	0.8830769230769231	19.227488350868224
93	9300	976	1000	31517580.163235147	3.1728323148303245e-08	0	976	0.839049999999999	0.882172131147541	19.38908437093099
94	9400	975	1000	30354720.07764806	3.294380460429788e-08	0	975	0.8396499999999991	0.8707692307692307	19.559599236647287
95	9500	976	1000	36148933.90908844	2.766333233648285e-08	0	976	0.8389499999999996	0.8596311475409836	19.74320775270462
96	9600	975	1000	37915148.67510657	2.637468158688442e-08	0	975	0.8386499999999995	0.8615384615384616	19.928252283732096
97	9700	974	1000	31371738.28345546	3.187582272581778e-08	0	974	0.8385499999999991	0.8593429158110883	20.109083052476247
98	9800	973	1000	38541004.659733415	2.5946390938230564e-08	0	973	0.8375499999999994	0.8591983556012333	20.291028634707132
99	9900	976	1000	33960288.665469475	2.9446156374125137e-08	0	976	0.8369999999999994	0.8483606557377049	20.475374019145967
100	10000	977	1000	36565149.52709144	2.73484447782894e-08	0	977	0.8345499999999993	0.8444216990788127	20.671133732795717
101	10100	976	1000	34133331.21623293	2.9296875958814996e-08	0	976	0.8329999999999992	0.8432377049180327	21.73984743754069
102	10200	974	1000	28657145.066128444	3.4895310150299944e-08	0	974	0.8332499999999988	0.8470225872689938	21.927189302444457
103	10300	975	1000	31504085.70156437	3.174191365942197e-08	0	975	0.833449999999999	0.8502564102564103	22.118515066305797
104	10400	975	1000	30331612.202577177	3.296890255461365e-08	0	975	0.8336999999999988	0.8564102564102564	22.296971201896667
105	10500	978	1000	36149349.99152639	2.7663013928919654e-08	0	978	0.8335999999999988	0.8629856850715747	22.484771784146627
106	10600	978	1000	37907033.75858828	2.6380327724616824e-08	0	978	0.8342999999999988	0.8629856850715747	22.668847437699636
107	10700	978	1000	31380662.67555594	3.186675751472245e-08	0	978	0.8348499999999998	0.8548057259713702	22.858126215140025
108	10800	978	1000	38562499.60326515	2.5931928281521462e-08	0	978	0.8341	0.8568507157464212	23.042465082804362
109	10900	978	1000	33948804.249595456	2.9456117605550088e-08	0	978	0.8332	0.8640081799591002	23.22804596821467
110	11000	978	1000	36362606.74293876	2.750077791640754e-08	0	978	0.8326999999999998	0.8721881390593047	23.41033361752828
111	11100	976	1000	34242597.618387714	2.92033911077945e-08	0	976	0.8312999999999997	0.8831967213114754	23.5808221022288
112	11200	974	1000	28286046.24520878	3.535311920153087e-08	0	974	0.8313999999999995	0.8829568788501027	23.738930185635883
113	11300	973	1000	31530678.224502716	3.1715142984388765e-08	0	973	0.8309499999999997	0.8879753340184995	23.89775823354721
114	11400	972	1000	30341347.31265684	3.295832438609367e-08	0	972	0.8307499999999994	0.8847736625514403	24.06088783343633
115	11500	972	1000	36161742.72918146	2.765353373136787e-08	0	972	0.8311999999999993	0.8816872427983539	24.230405668417614
116	11600	971	1000	37906382.25447413	2.6380781128254142e-08	0	971	0.8315499999999995	0.8795056642636457	24.413114587465923
117	11700	969	1000	31376153.313561954	3.187133738591292e-08	0	969	0.8316999999999994	0.8998968008255934	24.587968015670775
118	11800	971	1000	38561851.51536518	2.5932364105213682e-08	0	971	0.831349999999999	0.8898043254376931	24.770409317811332
119	11900	970	1000	33950499.37560078	2.9454646881100772e-08	0	970	0.8296999999999984	0.8855670103092783	24.93714830080668
120	12000	968	1000	36359690.538068034	2.7502983598004827e-08	0	968	0.8292999999999985	0.8657024793388429	25.114478302001952
121	12100	967	1000	34141487.08653839	2.9289877390970808e-08	0	967	0.8273499999999987	0.8541882109617374	25.30765430132548
122	12200	967	1000	28654569.276284866	3.4898446926898125e-08	0	967	0.8277499999999988	0.8510858324715616	25.487542267640432
123	12300	966	1000	31529616.498451576	3.1716210957811653e-08	0	966	0.8267999999999985	0.8385093167701864	25.677291782697043
124	12400	967	1000	30343043.014698736	3.29564825307435e-08	0	967	0.8265499999999985	0.8366080661840745	25.884250235557555
125	12500	964	1000	36161978.21405261	2.7653353653037835e-08	0	964	0.8275499999999986	0.8319502074688797	26.103168602784475
126	12600	964	1000	37908988.000627376	2.6378967795301807e-08	0	964	0.8276499999999986	0.8340248962655602	26.30689558585485
127	12700	965	1000	31376996.555875197	3.187048085844513e-08	0	965	0.8276999999999984	0.8331606217616581	26.504298051198322
128	12800	967	1000	38566241.84002813	2.592941200282269e-08	0	967	0.827799999999998	0.8293691830403309	26.713884282112122
129	12900	967	1000	33959785.52178136	2.9446592644468278e-08	0	967	0.8268499999999976	0.8304033092037229	26.915456600983937
130	13000	966	1000	36560940.33865722	2.7351593350323925e-08	0	966	0.8270999999999977	0.8478260869565217	27.114342002073922
131	13100	965	1000	34135654.782006755	2.929488176193498e-08	0	965	0.824749999999998	0.8414507772020725	27.323529001077016
132	13200	969	1000	28655594.494124256	3.48971983571253e-08	0	969	0.8217999999999981	0.8101135190918473	27.546011169751484
133	13300	968	1000	31520321.702322632	3.17255635179875e-08	0	968	0.821399999999998	0.8192148760330579	27.75064156850179
134	13400	968	1000	30340818.80835873	3.295889848449334e-08	0	968	0.8210999999999977	0.8150826446280992	27.963097937901814
135	13500	969	1000	36164621.24023041	2.7651332657570954e-08	0	969	0.8217499999999976	0.8111455108359134	28.197155050436656
136	13600	970	1000	37915706.165849514	2.637429378874133e-08	0	970	0.8224999999999977	0.8061855670103093	28.419385317961375
137	13700	971	1000	31377799.088901896	3.186966572438878e-08	0	971	0.8236499999999973	0.7950566426364573	28.65343418518702
138	13800	969	1000	38544226.006307304	2.594422245999023e-08	0	969	0.8237999999999976	0.8111455108359134	28.883206951618195
139	13900	969	1000	33958070.7140857	2.944807963242516e-08	0	969	0.8237999999999982	0.8121775025799793	29.101434234778086
140	14000	968	1000	36555028.40611634	2.7356016839441562e-08	0	968	0.8239499999999986	0.8057851239669421	29.32493815024694
141	14100	967	1000	34134869.36593271	2.9295555813741135e-08	0	967	0.8239999999999987	0.8231644260599793	29.53888696829478
142	14200	967	1000	28655939.433995523	3.4896778289421126e-08	0	967	0.8224999999999993	0.8448810754912099	29.740915215015413
143	14300	968	1000	31527582.29727183	3.1718257329496385e-08	0	968	0.8221999999999992	0.8285123966942148	29.950181102752687
144	14400	969	1000	30348432.973575197	3.295062937582591e-08	0	969	0.8228499999999991	0.8307533539731682	30.165066719055176
145	14500	966	1000	36148772.84423082	2.766345559351788e-08	0	966	0.8231999999999989	0.84472049689441	30.374541314442954
146	14600	966	1000	37904896.411088265	2.638181523497466e-08	0	966	0.8238999999999987	0.839544513457557	30.584786804517112
147	14700	965	1000	31384496.875669077	3.18628643976252e-08	0	965	0.8248999999999989	0.8435233160621761	30.78027981519699
148	14800	962	1000	38550817.300451756	2.5939786600801714e-08	0	962	0.8245999999999988	0.8347193347193347	30.978250702222187
149	14900	963	1000	33960990.80162762	2.9445547581212686e-08	0	963	0.8245999999999987	0.8172377985462098	31.193858734766643
150	15000	963	1000	36552897.57491403	2.7357611543460254e-08	0	963	0.8248499999999984	0.8234683281412254	31.407728783289592
151	15100	962	1000	34147060.013783365	2.9285097174141952e-08	0	962	0.8249999999999987	0.8108108108108109	31.62624081770579
152	15200	962	1000	28657889.025490966	3.4894404267394006e-08	0	962	0.822749999999999	0.8097713097713097	31.845749600728354
153	15300	962	1000	31525543.893488746	3.17203081938336e-08	0	962	0.822049999999999	0.8191268191268192	32.065792401631676
154	15400	961	1000	30354265.216086164	3.294429827033844e-08	0	961	0.8218499999999987	0.8199791883454735	32.28822303613027
155	15500	962	1000	36151550.901970014	2.7661329801598554e-08	0	962	0.8219999999999992	0.8128898128898129	32.52248030106227
156	15600	961	1000	37901765.69437141	2.6383994394343224e-08	0	961	0.82395	0.7898022892819979	32.78107848564784
157	15700	960	1000	31382597.641837467	3.186479269651232e-08	0	960	0.8242499999999999	0.7916666666666666	33.01771835486094
158	15800	958	1000	38557269.68175893	2.5935445697225926e-08	0	958	0.8256999999999994	0.7849686847599165	33.26265563170115
159	15900	956	1000	33961016.750419065	2.9445525082582674e-08	0	956	0.8262999999999994	0.8179916317991632	33.47679658730825
160	16000	956	1000	36559822.75765398	2.735242944902449e-08	0	956	0.8260499999999996	0.8221757322175732	33.687966136137646
161	16100	954	1000	34141065.176533744	2.9290239350736276e-08	0	954	0.8264999999999998	0.8123689727463312	33.91832850376765
162	16200	952	1000	28657406.549719322	3.489499174916798e-08	0	952	0.8232999999999998	0.8182773109243697	34.13097921609879
163	16300	953	1000	31527260.164388787	3.1718581413901475e-08	0	953	0.8214000000000002	0.8184679958027282	34.349439918994904
164	16400	954	1000	30353199.11330029	3.294545538089132e-08	0	954	0.82045	0.8238993710691824	34.554801388581595
165	16500	955	1000	36149676.153088056	2.7662764338535063e-08	0	955	0.8197500000000002	0.8293193717277487	34.775795984268186
166	16600	956	1000	37901583.446948275	2.6384121260147398e-08	0	956	0.8206999999999998	0.8462343096234309	34.99145152171453
167	16700	955	1000	31382930.101268284	3.1864455132413904e-08	0	955	0.8218999999999996	0.8408376963350785	35.223299503326416
168	16800	953	1000	38563510.662462525	2.5931248397520644e-08	0	953	0.8228999999999999	0.8551941238195173	35.415561433633165
169	16900	953	1000	33960109.52169305	2.9446311706236045e-08	0	953	0.8235000000000001	0.8520461699895068	35.601578787962595
170	17000	949	1000	36562788.1945482	2.7350211021349212e-08	0	949	0.8232500000000006	0.8503688092729189	35.79129242102305
171	17100	946	1000	34133876.95512217	2.929640755482747e-08	0	946	0.8238000000000004	0.8604651162790697	35.97913770278295
172	17200	947	1000	28658151.525832947	3.489408464479987e-08	0	947	0.8229000000000005	0.866948257655755	36.15066465139389
173	17300	948	1000	31523312.097930755	3.1722553936300617e-08	0	948	0.819150000000001	0.859704641350211	36.34844161669413
174	17400	948	1000	30356929.416858826	3.294140699563769e-08	0	948	0.8182000000000009	0.8407172995780591	36.54144263664882
175	17500	948	1000	36162536.93849754	2.7652926398604072e-08	0	948	0.8186500000000011	0.8449367088607594	36.73510295152664
176	17600	949	1000	37910514.07103412	2.637790592204481e-08	0	949	0.819400000000001	0.8408851422550052	36.94702486594518
177	17700	950	1000	31383692.61320312	3.18636809396871e-08	0	950	0.8210000000000006	0.8410526315789474	37.146189498901364
178	17800	950	1000	38569813.74124019	2.592701071314105e-08	0	950	0.8214000000000008	0.8452631578947368	37.338594186306
179	17900	949	1000	33957156.27239434	2.9448872647916135e-08	0	949	0.8227500000000006	0.8408851422550052	37.531836700439456
180	18000	947	1000	36557852.46485732	2.7353903613659634e-08	0	947	0.8225000000000006	0.8363252375923971	37.73156437079112
181	18100	948	1000	34128141.90127394	2.9301330661114636e-08	0	948	0.8220000000000008	0.8470464135021097	37.92855915228526
182	18200	949	1000	28660698.646672588	3.489098355336544e-08	0	949	0.8203500000000007	0.839831401475237	38.13159780104955
183	18300	956	1000	31533095.799267963	3.1712711452533736e-08	0	956	0.8138500000000009	0.8315899581589958	38.37790423631668
184	18400	958	1000	30386926.644299246	3.29088880490228e-08	0	958	0.812250000000001	0.8298538622129437	38.60797808567683
185	18500	957	1000	36159255.68978652	2.7655435745792256e-08	0	957	0.812550000000001	0.8223615464994776	38.84343287150065
186	18600	959	1000	37899869.01910053	2.6385314764827068e-08	0	959	0.8141500000000007	0.8237747653806048	39.07611038287481
187	18700	958	1000	31397244.405001022	3.1849927823308915e-08	0	958	0.8163000000000005	0.8256784968684759	39.28918715318044
188	18800	957	1000	38582079.72477981	2.5918768019106288e-08	0	957	0.8179500000000007	0.819226750261233	39.50782711903254
189	18900	952	1000	33951922.85284119	2.9453411957871048e-08	0	952	0.8216000000000002	0.8067226890756303	39.793136636416115
190	19000	950	1000	36563320.261255935	2.7349813023130448e-08	0	950	0.8219500000000005	0.8136842105263158	40.01443865299225
191	19100	956	1000	34132181.67892175	2.929786264789763e-08	0	956	0.8195500000000009	0.7928870292887029	40.25637138287227
192	19200	958	1000	28657427.768287472	3.489496591217589e-08	0	958	0.818550000000001	0.7881002087682673	40.4849596341451
193	19300	960	1000	9020271231.051075	1.1086141140044355e-10	0	960	0.8151000000000007	0.796875	40.78828301827113
194	19400	962	1000	30380548.836984586	3.2915796631916876e-08	0	962	0.8111500000000007	0.7983367983367984	41.0295202533404
195	19500	961	1000	36156930.36298152	2.7657214323885573e-08	0	961	0.8106500000000008	0.8054110301768991	41.2585888504982
196	19600	962	1000	37907619.313390896	2.637992023062311e-08	0	962	0.8105000000000004	0.7972972972972973	41.508098018169406
197	19700	962	1000	31384959.53791963	3.186239469034189e-08	0	962	0.8106000000000005	0.8128898128898129	41.728588954607645
198	19800	960	1000	38602509.590032235	2.590505085589473e-08	0	960	0.8129000000000004	0.7989583333333333	41.95929077068965
199	19900	957	1000	33943291.47545616	2.9460901611801022e-08	0	957	0.8138000000000003	0.8171368861024033	42.173738515377046
200	20000	956	1000	36557101.52041369	2.7354465508900615e-08	0	956	0.8147000000000003	0.8221757322175732	42.38366635243098
201	20100	960	1000	34110728.852546245	2.9316288579071654e-08	0	960	0.8103000000000005	0.8135416666666667	42.620488198598224
202	20200	963	1000	28665040.102773257	3.488569914882323e-08	0	963	0.8039499999999999	0.7902388369678089	42.878054134051006
203	20300	965	1000	31532450.546856556	3.171336039362563e-08	0	965	0.8013499999999996	0.7813471502590673	43.14884218374888
204	20400	969	1000	87458317.47787921	1.1434018140343386e-08	0	969	0.7978999999999998	0.7801857585139319	44.005245665709175
205	20500	972	1000	36245118.694827266	2.758992130305243e-08	0	972	0.7950499999999999	0.7757201646090535	44.33960475126902
206	20600	971	1000	38000030.46065897	2.63157676865423e-08	0	971	0.7947999999999998	0.7899073120494335	44.620208168029784
207	20700	972	1000	31450694.463206757	3.179579927476868e-08	0	972	0.7960499999999997	0.7695473251028807	44.90405710140864
208	20800	968	1000	38629090.11061675	2.5887225695692377e-08	0	968	0.7972999999999998	0.7882231404958677	45.16884702046712
209	20900	960	1000	33983495.597968005	2.94260479382158e-08	0	960	0.7997499999999996	0.7833333333333333	45.435952385266624
210	21000	957	1000	36657115.636306636	2.7279832451676275e-08	0	957	0.8016999999999999	0.7690700104493208	45.71592446565628
211	21100	958	1000	34128009.54008982	2.9301444302629663e-08	0	958	0.8023499999999998	0.7839248434237995	45.988846818606056
212	21200	958	1000	28726650.715561803	3.481087910632759e-08	0	958	0.8014999999999998	0.8183716075156576	46.24072280327479
213	21300	958	1000	31281736.42755782	3.1967533846730794e-08	0	958	0.7994499999999994	0.8183716075156576	46.52677479982376
214	21400	959	1000	30436877.698175076	3.2854880091891865e-08	0	959	0.7961999999999995	0.8143899895724713	46.76793903509776
215	21500	963	1000	36230200.82612409	2.7601281516432008e-08	0	963	0.7906999999999997	0.7933541017653167	47.045522252718605
216	21600	961	1000	37888137.31283784	2.6393484729788495e-08	0	961	0.7901499999999998	0.7991675338189386	47.29882335265477
217	21700	961	1000	31690808.311991062	3.1554889941596514e-08	0	961	0.7895999999999997	0.8106139438085328	47.546114885807036
218	21800	961	1000	38790517.70612591	2.5779495437427012e-08	0	961	0.7903999999999998	0.8033298647242456	47.77847116788228
219	21900	959	1000	33961551.92040685	2.9445061076671764e-08	0	959	0.7931999999999999	0.7956204379562044	48.01345084905624
220	22000	956	1000	36629539.47272273	2.7300369786093263e-08	0	956	0.7948999999999997	0.8127615062761506	48.23384340206782
221	22100	954	1000	34129065.27169703	2.930053790628583e-08	0	954	0.79465	0.8322851153039832	48.4382081190745
222	22200	952	1000	28728527.88488032	3.480860450624379e-08	0	952	0.7938999999999997	0.8151260504201681	48.65490448474884
223	22300	952	1000	31588584.989539597	3.1657004220801304e-08	0	952	0.7937500000000001	0.8235294117647058	48.86371786594391
224	22400	954	1000	30424887.04209878	3.2867828424423605e-08	0	954	0.7925499999999999	0.8354297693920335	49.07018215258916
225	22500	955	1000	36252404.16237076	2.758437669228024e-08	0	955	0.7913499999999999	0.8554973821989529	49.27087589899699
226	22600	956	1000	38016867.18324959	2.630411308947865e-08	0	956	0.7891000000000001	0.8410041841004184	49.48909001747767
227	22700	960	1000	31448633.462707926	3.179788302687066e-08	0	960	0.78735	0.8364583333333333	49.71687573194504
228	22800	960	1000	38631750.26379472	2.588544312090738e-08	0	960	0.7873999999999997	0.8260416666666667	49.9380396048228
229	22900	961	1000	33988031.91886843	2.9422120497148593e-08	0	961	0.7895999999999993	0.8168574401664932	50.18812116781871
230	23000	959	1000	36667306.21986534	2.72722508365225e-08	0	959	0.7923499999999993	0.799791449426486	50.43680211702983
231	23100	959	1000	34124757.28600765	2.9304236871621597e-08	0	959	0.7954999999999993	0.7768508863399375	50.697449616591136
232	23200	959	1000	28736487.303918943	3.479896323531031e-08	0	959	0.7956499999999994	0.7831074035453598	50.95874580144882
233	23300	956	1000	31569504.230135206	3.167613786501263e-08	0	956	0.7949499999999995	0.7907949790794979	51.19933636585871
234	23400	957	1000	30818268.50067306	3.244828526073342e-08	0	957	0.7934499999999993	0.7899686520376176	51.44786920150121
235	23500	961	1000	36093571.40341891	2.7705764029754958e-08	0	961	0.7904999999999991	0.777315296566077	51.727385950088504
236	23600	962	1000	37572909.30381687	2.6614919949344844e-08	0	962	0.7888499999999987	0.7796257796257796	51.99482035239537
237	23700	961	1000	31485326.001564097	3.1760826239801254e-08	0	961	0.7883499999999987	0.785639958376691	52.23836561838786
238	23800	960	1000	38624982.92688964	2.5889978411196897e-08	0	960	0.7883999999999989	0.7927083333333333	52.484869349002835
239	23900	961	1000	33984665.750186935	2.942503474730996e-08	0	961	0.7890499999999989	0.8085327783558793	52.713653902212776
240	24000	964	1000	36663774.94869436	2.72748775630572e-08	0	964	0.7909499999999987	0.7987551867219918	52.965356798966724
241	24100	959	1000	34132838.49811202	2.9297298868302844e-08	0	959	0.7911999999999988	0.8154327424400417	53.189656269550326
242	24200	962	1000	28741420.194085974	3.4792990689192734e-08	0	962	0.7916499999999985	0.8056133056133056	53.41712490320206
243	24300	965	1000	31565938.79794178	3.167971574428472e-08	0	965	0.792049999999998	0.805181347150259	53.6426829179128
244	24400	966	1000	30424776.148537017	3.286794822252577e-08	0	966	0.7870499999999979	0.7981366459627329	53.92130048274994
245	24500	970	1000	36244675.08595136	2.7590258983928556e-08	0	970	0.7815999999999974	0.7876288659793814	54.2470818678538
246	24600	971	1000	38008966.625230566	2.6309580672119976e-08	0	971	0.7801999999999975	0.7888774459320288	54.53206216891606
247	24700	971	1000	31444077.662839342	3.180249008796055e-08	0	971	0.779399999999998	0.7929969104016478	54.79475767215093
248	24800	971	1000	38628527.39932136	2.5887602801290467e-08	0	971	0.7787999999999979	0.800205973223481	55.05814638535182
249	24900	964	1000	33966537.42763334	2.9440739218408377e-08	0	964	0.7827499999999982	0.7873443983402489	55.32704226970672
250	25000	963	1000	36549919.41733731	2.7359840694089552e-08	0	963	0.7852999999999977	0.7902388369678089	55.59842690229416
251	25100	961	1000	34091900.02846022	2.9332479851011863e-08	0	961	0.7851499999999975	0.7929240374609782	57.23132930199305
252	25200	958	1000	28661833.830956332	3.488960165662339e-08	0	958	0.786249999999997	0.8006263048016702	57.486732586224875
253	25300	958	1000	31490238.041435383	3.175587199208565e-08	0	958	0.7868999999999972	0.802713987473904	57.76414686838786
254	25400	958	1000	30380311.83633945	3.29160534121903e-08	0	958	0.7848999999999978	0.8006263048016702	58.072008836269376
255	25500	961	1000	36151746.09328933	2.7661180451929668e-08	0	961	0.7805999999999971	0.8106139438085328	58.37549203634262
256	25600	961	1000	39300103.38488778	2.5445225035700767e-08	0	961	0.7794999999999973	0.8168574401664932	58.63057515223821
257	25700	966	1000	31344996.772414584	3.190301710214374e-08	0	966	0.774849999999997	0.7857142857142857	58.97771210273107
258	25800	967	1000	38532358.6523709	2.5952212867878955e-08	0	967	0.7729999999999977	0.7673216132368149	59.33027368386586
259	25900	973	1000	34078526.87322302	2.934399055382153e-08	0	973	0.7724499999999975	0.763617677286742	59.66028883457184
260	26000	971	1000	36501527.82501095	2.7396112770892962e-08	0	971	0.7756999999999977	0.7497425334706488	59.99714184999466
261	26100	972	1000	34106377.25605034	2.932002901312466e-08	0	972	0.778199999999998	0.727366255144033	60.311344134807584
262	26200	972	1000	28621489.923458036	3.493878088581349e-08	0	972	0.7803499999999979	0.7211934156378601	60.61853098471959
263	26300	971	1000	31492986.401429098	3.175310069042931e-08	0	971	0.7807499999999977	0.7250257466529351	60.910615436236064
264	26400	971	1000	30341438.203984536	3.295822565558053e-08	0	971	0.7801499999999978	0.7384140061791967	61.33704008658727
265	26500	976	1000	36150500.58211073	2.7662133476312685e-08	0	976	0.7761999999999977	0.7387295081967213	61.7953519821167
266	26600	974	1000	37859045.89759274	2.6413765848489568e-08	0	974	0.7717999999999979	0.7238193018480493	62.19200495481491
267	26700	975	1000	31359531.96857051	3.1888230000179877e-08	0	975	0.7669499999999982	0.7302564102564103	62.596025335788724
268	26800	979	1000	38678177.59583954	2.585437154239642e-08	0	979	0.7651499999999983	0.7313585291113381	62.94353383779526
269	26900	981	1000	33955157.45190012	2.9450606199248656e-08	0	981	0.7635999999999983	0.7502548419979612	63.273924553394316
270	27000	972	1000	36394039.262982726	2.7477026259629783e-08	0	972	0.7663999999999982	0.7705761316872428	63.57616580327352
271	27100	975	1000	34072095.6541139	2.9349529327519646e-08	0	975	0.7685999999999976	0.7651282051282051	63.87794313430786
272	27200	975	1000	28594898.868571013	3.4971271261527014e-08	0	975	0.7693999999999973	0.7702564102564102	64.16482807000479
273	27300	979	1000	31414472.6013687	3.1832460816928375e-08	0	979	0.7696499999999978	0.7650663942798774	64.49066295226415
274	27400	976	1000	30278625.80878067	3.3026596824067474e-08	0	976	0.7690999999999983	0.75	64.84626208543777
275	27500	977	1000	36108727.636056215	2.7694134846981413e-08	0	977	0.7662999999999982	0.7512794268167861	65.18831451733907
276	27600	979	1000	37836092.02734733	2.6429790181486654e-08	0	979	0.7634999999999978	0.7466802860061287	65.55513300100962
277	27700	980	1000	32496609.56396456	3.077244003745112e-08	0	980	0.7608999999999979	0.7602040816326531	65.91325209935506
278	27800	978	1000	37507670.16937376	2.6661212728571983e-08	0	978	0.7609999999999985	0.7719836400817995	66.37260310252508
279	27900	979	1000	34122923.54015143	2.930581166404215e-08	0	979	0.7614499999999983	0.7599591419816139	66.78429738680522
280	28000	978	1000	36633895.8342835	2.7297123331530458e-08	0	978	0.7615499999999987	0.7678936605316974	67.12955015103022
281	28100	972	1000	34036745.23413449	2.9380011623940962e-08	0	972	0.7627999999999996	0.76440329218107	67.50496505101522
282	28200	972	1000	28547490.983175065	3.502934690687947e-08	0	972	0.7633499999999998	0.7705761316872428	67.79826866785685
283	28300	974	1000	31270911.171334125	3.1978600257036776e-08	0	974	0.7638999999999995	0.7751540041067762	68.09708321889242
284	28400	973	1000	30288913.74531051	3.301537900610405e-08	0	973	0.7638499999999991	0.7975334018499486	68.35691045125326
285	28500	973	1000	36042212.678823136	2.7745243644331348e-08	0	973	0.7627999999999991	0.8016443987667009	68.63817756970724
286	28600	976	1000	38061412.53610451	2.627332794803888e-08	0	976	0.7601499999999993	0.8165983606557377	68.94601996739705
287	28700	980	1000	31269181.914609175	3.198036874614953e-08	0	980	0.7567	0.810204081632653	69.27790531714757
288	28800	978	1000	38858705.89863697	2.5734258286270372e-08	0	978	0.7559999999999998	0.8169734151329243	69.54944055080414
289	28900	978	1000	33989544.80564253	2.9420810908099637e-08	0	978	0.7552500000000013	0.8169734151329243	69.84312683343887
290	29000	976	1000	36420126.90755514	2.7457344535919542e-08	0	976	0.7537000000000024	0.7920081967213115	70.1497384985288
291	29100	974	1000	34116891.18432986	2.9310993351830194e-08	0	974	0.7535000000000024	0.8234086242299795	70.40732428232829
292	29200	976	1000	28364882.1791377	3.5254860514831855e-08	0	976	0.7512500000000033	0.7920081967213115	70.71337005297343
293	29300	976	1000	31272654.937909234	3.1976817126932394e-08	0	976	0.7532000000000031	0.7848360655737705	70.9868648370107
294	29400	977	1000	30059924.07026316	3.3266882657310813e-08	0	977	0.7536500000000022	0.7778915046059366	71.27447141806284
295	29500	976	1000	36234015.56006425	2.759837564081046e-08	0	976	0.752400000000002	0.7807377049180327	71.58027223348617
296	29600	978	1000	38147223.489221804	2.621422694284199e-08	0	978	0.7507500000000021	0.7832310838445807	71.89703495105108
297	29700	978	1000	198298524.44441742	5.042901845885372e-09	0	978	0.7493500000000025	0.7985685071574642	72.23059241771698
298	29800	978	1000	39062092.70356783	2.5600266273199343e-08	0	978	0.7475000000000028	0.7934560327198364	72.532102449735
299	29900	977	1000	33801840.53700172	2.958418697115464e-08	0	977	0.7467500000000032	0.8075742067553736	72.8266755859057
300	30000	973	1000	36325575.16950887	2.7528813179276827e-08	0	973	0.7482000000000035	0.8191161356628982	73.12653546730677
301	30100	974	1000	34135865.953427956	2.9294700537833538e-08	0	974	0.7475500000000038	0.8182751540041068	75.1136707385381
302	30200	977	1000	28624582.5284789	3.493500609380358e-08	0	977	0.7451500000000045	0.8085977482088025	75.4485473036766
303	30300	979	1000	31461821.2727529	3.178455435068797e-08	0	979	0.7445000000000049	0.8181818181818182	75.71425020297369
304	30400	979	1000	30382038.71606964	3.291418250207477e-08	0	979	0.7452000000000046	0.8161389172625128	75.9996786514918
305	30500	978	1000	36305441.662047416	2.7544079528477118e-08	0	978	0.7437000000000044	0.8057259713701431	76.31561845143636
306	30600	981	1000	37663956.98364211	2.6550581870187714e-08	0	981	0.7390500000000035	0.7859327217125383	76.66479310194651
307	30700	979	1000	31494075.35892551	3.1752002776757005e-08	0	979	0.7392000000000032	0.7854954034729316	76.99843743642171
308	30800	982	1000	39099927.03560552	2.557549464258275e-08	0	982	0.7370000000000033	0.7759674134419552	77.37346829970677
309	30900	982	1000	33856877.90157172	2.9536095246912365e-08	0	982	0.7363000000000033	0.7861507128309573	77.70381085077922
310	31000	981	1000	36795703.274748705	2.717708546989972e-08	0	981	0.7365500000000033	0.780835881753313	78.05385503371556
311	31100	980	1000	34143070.76150712	2.9288518824114688e-08	0	980	0.7364000000000036	0.7775510204081633	78.38407440185547
312	31200	984	1000	28582006.252106722	3.498704591246971e-08	0	984	0.7356500000000044	0.7916666666666666	78.71873759826025
313	31300	986	1000	31446875.282266863	3.179966083193795e-08	0	986	0.7349500000000053	0.77079107505071	79.09679896831513
314	31400	989	1000	30389274.721730664	3.2906345289595805e-08	0	989	0.7334500000000044	0.7684529828109201	79.4448366522789
315	31500	989	1000	36428569.183816545	2.745098133014981e-08	0	989	0.7312000000000034	0.7704752275025278	79.81720846891403
316	31600	992	1000	38148041.868602835	2.621366457630346e-08	0	992	0.7303500000000032	0.7862903225806451	80.17040710051855
317	31700	992	1000	31315927.380622074	3.1932631466189845e-08	0	992	0.7300000000000032	0.7993951612903226	80.47573058605194
318	31800	991	1000	38413142.97166591	2.6032755890473697e-08	0	991	0.7289000000000027	0.7941473259334006	80.8416517496109
319	31900	994	1000	34033672.68195175	2.9382664044590218e-08	0	994	0.7270500000000025	0.7847082494969819	81.24252946774165
320	32000	989	1000	36106246.97524824	2.7696037557974057e-08	0	989	0.7257500000000023	0.7896865520728008	81.61663575172425
321	32100	989	1000	34090532.4807498	2.9333656528569102e-08	0	989	0.7256500000000026	0.7795753286147624	81.97649448712667
322	32200	987	1000	28879733.433152918	3.4626357188798634e-08	0	987	0.7264000000000028	0.7943262411347518	82.31115718285243
323	32300	987	1000	31751497.110786293	3.14945769333728e-08	0	987	0.7254500000000031	0.8196555217831814	82.61303881804149
324	32400	987	1000	30696646.251484014	3.257684762141753e-08	0	987	0.7253500000000033	0.8409321175278622	82.90481786727905
325	32500	987	1000	36331155.49639028	2.7524584858710898e-08	0	987	0.7244000000000034	0.8389057750759878	83.23140170176823
326	32600	988	1000	37692502.090948716	2.6530474709707852e-08	0	988	0.7233000000000033	0.8350202429149798	83.54516261816025
327	32700	988	1000	31551715.782051828	3.1693996460086424e-08	0	988	0.7220000000000033	0.8117408906882592	83.89077967007955
328	32800	988	1000	38642475.643126085	2.587825850903076e-08	0	988	0.7198000000000021	0.8046558704453441	84.28526206811269
329	32900	986	1000	33934384.52427518	2.9468634382215157e-08	0	986	0.7179500000000012	0.8002028397565923	84.65832058588664
330	33000	985	1000	36266391.15815837	2.7573738122032723e-08	0	985	0.7168000000000013	0.7979695431472081	85.01210844914118
331	33100	985	1000	33840673.7141475	2.9550238239840353e-08	0	985	0.7164500000000011	0.8020304568527918	85.3587878704071
332	33200	985	1000	27893220.119876496	3.5851004647412616e-08	0	985	0.7171000000000012	0.8091370558375635	85.67805465062459
333	33300	985	1000	30775183.45875399	3.24937126320148e-08	0	985	0.7168500000000014	0.8111675126903554	86.01277509927749
334	33400	983	1000	29839495.03039978	3.351263034004406e-08	0	983	0.7159500000000016	0.7894201424211598	86.413148299853
335	33500	982	1000	36242953.83260256	2.7591569302744714e-08	0	982	0.7150000000000013	0.7983706720977597	86.75840533177058
336	33600	983	1000	37682973.27670633	2.6537183414902268e-08	0	983	0.7147000000000009	0.7995930824008138	87.2265124877294
337	33700	983	1000	31382278.27979714	3.186511696885467e-08	0	983	0.7129000000000006	0.8046795523906409	87.70218878189722
338	33800	985	1000	38427205.89085458	2.602322887636138e-08	0	985	0.7118	0.8121827411167513	88.15908066829046
339	33900	985	1000	34131933.712001756	2.929807549550866e-08	0	985	0.7100999999999992	0.8152284263959391	88.54114079872767
340	34000	985	1000	36288003.73074313	2.7557315631432385e-08	0	985	0.7096999999999992	0.8263959390862944	88.91951718330384
341	34100	985	1000	34610755.740900815	2.88927516808167e-08	0	985	0.7096999999999989	0.8314720812182741	89.28584548632304
342	34200	985	1000	28638202.290028162	3.491839169771522e-08	0	985	0.710049999999999	0.8314720812182741	89.61004858414331
343	34300	985	1000	31333558.401996203	3.1914663354087115e-08	0	985	0.7101499999999988	0.8274111675126904	89.99158397118251
344	34400	986	1000	30502879.279547907	3.2783789295809455e-08	0	986	0.7096499999999991	0.834685598377282	90.40457198619842
345	34500	986	1000	36436267.14718919	2.74451817063253e-08	0	986	0.7092499999999989	0.8377281947261663	90.7480071345965
346	34600	985	1000	37785200.662355445	2.646538740049329e-08	0	985	0.7076499999999981	0.8314720812182741	91.13790403604507
347	34700	983	1000	31718213.41779623	3.1527625951066373e-08	0	983	0.7069499999999975	0.8301119023397762	91.50909808476766
348	34800	984	1000	38694064.618650764	2.584375624560874e-08	0	984	0.7061499999999971	0.8373983739837398	91.87093223730723
349	34900	985	1000	33947604.031275496	2.9457159027233666e-08	0	985	0.7059999999999971	0.833502538071066	92.22634765307109
350	35000	985	1000	36294796.11519164	2.7552158421666383e-08	0	985	0.7055999999999968	0.8324873096446701	92.56101778348287
351	35100	986	1000	34040784.48895001	2.9376525413158e-08	0	986	0.7039999999999965	0.8154158215010142	92.94663833777109
352	35200	984	1000	32491042.727163833	3.0777712418144306e-08	0	984	0.7034999999999969	0.7997967479674797	93.35940751632054
353	35300	983	1000	32234997.5884319	3.102218221777332e-08	0	983	0.7044499999999972	0.7965412004069176	93.72359871864319
354	35400	983	1000	29998718.382628407	3.3334756302266614e-08	0	983	0.7042999999999975	0.8158697863682605	94.05239684979121
355	35500	983	1000	35676793.95314998	2.8029423643945007e-08	0	983	0.7056999999999977	0.797558494404883	94.4521905819575
356	35600	986	1000	36979549.549329616	2.7041972796993026e-08	0	986	0.7042499999999974	0.808316430020284	94.83638928731283
357	35700	984	1000	31271505.95639941	3.1977992023034235e-08	0	984	0.7040499999999974	0.8160569105691057	95.18906418482463
358	35800	984	1000	38322148.239675306	2.6094569846429438e-08	0	984	0.7025499999999969	0.8130081300813008	95.57861056725184
359	35900	984	1000	33876689.01930806	2.951882251276759e-08	0	984	0.7025499999999968	0.834349593495935	95.90355245272319
360	36000	982	1000	35976561.55232617	2.7795874009517956e-08	0	982	0.7028499999999963	0.8319755600814664	96.27893048127493
361	36100	981	1000	33972133.40575019	2.9435889663463064e-08	0	981	0.7028499999999961	0.8419979612640163	96.67525167067846
362	36200	979	1000	29853123.901038967	3.3497330792502645e-08	0	979	0.7036499999999959	0.8518896833503575	97.00960214932759
363	36300	979	1000	32965356.99986671	3.033487456753976e-08	0	979	0.7042499999999959	0.8518896833503575	97.33877840042115
364	36400	978	1000	30147260.35183711	3.317050886743522e-08	0	978	0.7050499999999964	0.8394683026584867	97.67609603404999
365	36500	978	1000	36369522.975569874	2.749554821426092e-08	0	978	0.7052999999999966	0.8588957055214724	97.98132477204005
366	36600	979	1000	37414650.96329173	2.6727497050650646e-08	0	979	0.7049999999999967	0.8549540347293156	98.30976353883743
367	36700	974	1000	31304114.591835868	3.194468142907064e-08	0	974	0.7039999999999965	0.851129363449692	98.65213671525319
368	36800	976	1000	38716254.25871479	2.5828944284969456e-08	0	976	0.7033499999999965	0.8596311475409836	98.97910730044048
369	36900	977	1000	34072330.109937154	2.934932736986555e-08	0	977	0.7007499999999953	0.8229273285568065	99.38640561898549
370	37000	979	1000	36714270.302025884	2.7237364777680342e-08	0	979	0.6988499999999945	0.8038815117466803	99.8078894495964
371	37100	980	1000	33686387.55972929	2.968558051947009e-08	0	980	0.6989999999999944	0.8163265306122449	100.21530377070108
372	37200	980	1000	28645208.954688333	3.490985060266004e-08	0	980	0.6993999999999945	0.8193877551020409	100.71360641717911
373	37300	981	1000	30372660.542274613	3.292434542188988e-08	0	981	0.6985499999999945	0.8144750254841998	101.08917283217112
374	37400	984	1000	28783675.531013	3.474191349122997e-08	0	984	0.697949999999995	0.8140243902439024	101.53494785229366
375	37500	984	1000	35403494.83069593	2.82457982336583e-08	0	984	0.6976999999999951	0.8160569105691057	101.90756696859995
376	37600	982	1000	36824965.610784575	2.7155489659212332e-08	0	982	0.698199999999995	0.8268839103869654	102.26771415074667
377	37700	983	1000	31339947.360541563	3.190815723420419e-08	0	983	0.697399999999995	0.8372329603255341	102.60712246894836
378	37800	983	1000	37033487.73660521	2.7002586958856097e-08	0	983	0.6959999999999942	0.8260427263479145	103.03206640084585
379	37900	981	1000	34038935.581756964	2.937812107020835e-08	0	981	0.6953499999999939	0.8572884811416922	103.40335211753845
380	38000	982	1000	36559269.95951285	2.735284303419066e-08	0	982	0.6951499999999939	0.8747454175152749	103.79662658373515
381	38100	979	1000	33717842.28936414	2.9657887410474953e-08	0	979	0.6941499999999935	0.8549540347293156	104.22319281895956
382	38200	980	1000	28668912.128283855	3.4880987483736565e-08	0	980	0.6937499999999933	0.8448979591836735	104.57582285404206
383	38300	980	1000	31113312.779779453	3.214058158761283e-08	0	980	0.6929499999999927	0.8336734693877551	104.9784798502922
384	38400	980	1000	29923440.344789837	3.3418616143698206e-08	0	980	0.6925999999999926	0.8387755102040816	105.34195553859075
385	38500	981	1000	36185767.61748074	2.7635173666503708e-08	0	981	0.6927499999999933	0.8205912334352702	105.76344546874364
386	38600	981	1000	37392272.53627652	2.6743492850998727e-08	0	981	0.6923499999999935	0.8144750254841998	106.14088841676713
387	38700	981	1000	31415240.35591365	3.183168286599073e-08	0	981	0.6904999999999936	0.7900101936799184	106.59464581807454
388	38800	983	1000	38563529.962291226	2.5931235419750206e-08	0	983	0.6895999999999934	0.8056968463886063	107.00013481775919
389	38900	983	1000	33805773.19129484	2.9580745417672022e-08	0	983	0.6887499999999933	0.8036622583926755	107.45845725138982
390	39000	983	1000	36919401.79173415	2.7086028602388148e-08	0	983	0.6883499999999932	0.8087487283825026	107.83129453659058
391	39100	983	1000	33792163.010606706	2.959265940133693e-08	0	983	0.6886499999999929	0.8311291963377416	108.19618883530299
392	39200	983	1000	28590052.94793349	3.4977198777628775e-08	0	983	0.6876999999999924	0.8260427263479145	108.58043105204901
393	39300	981	1000	31265167.4482742	3.198447504463066e-08	0	981	0.6872499999999924	0.817533129459735	109.02373383839925
394	39400	978	1000	30026409.63770031	3.330401399174993e-08	0	978	0.686549999999992	0.7995910020449898	109.48473363717397
395	39500	977	1000	36243676.084013544	2.759101946753307e-08	0	977	0.6861499999999918	0.7983623336745138	110.08588418563207
396	39600	977	1000	37291000.47502784	2.6816120791758745e-08	0	977	0.6858999999999917	0.8024564994882293	110.61293553511301
397	39700	974	1000	31195086.765653603	3.20563291090022e-08	0	974	0.685799999999992	0.8285420944558521	111.01473638216655
398	39800	974	1000	38194742.91540875	2.618161289979415e-08	0	974	0.6856999999999919	0.8326488706365504	111.374831533432
399	39900	974	1000	33970824.81168486	2.9437023566734503e-08	0	974	0.6854999999999918	0.8388090349075975	111.74649710257849
400	40000	975	1000	36330494.31756458	2.7525085778737882e-08	0	975	0.6835499999999918	0.8194871794871795	112.16685783465704
401	40100	974	1000	33777111.39738167	2.9605846356407834e-08	0	974	0.6827499999999913	0.8069815195071869	112.60266487201055
402	40200	974	1000	27824651.593669865	3.5939352580721925e-08	0	974	0.682499999999991	0.8039014373716632	113.02531164884567
403	40300	974	1000	30929038.20241868	3.233207450950494e-08	0	974	0.6822499999999908	0.824435318275154	113.44654141664505
404	40400	979	1000	29768456.76588818	3.359260354918033e-08	0	979	0.6815499999999903	0.8130745658835546	113.94575053453445
405	40500	979	1000	36258994.05786686	2.7579363366361064e-08	0	979	0.68129999999999	0.8089887640449438	114.46838575204214
406	40600	979	1000	37317930.84887635	2.679676901843397e-08	0	979	0.6809499999999902	0.7957099080694586	114.92305318514506
407	40700	979	1000	31599807.192624915	3.1645761705395106e-08	0	979	0.6805499999999901	0.7722165474974464	115.43202183643977
408	40800	975	1000	38447384.67823264	2.6009570803305872e-08	0	975	0.6804999999999902	0.7702564102564102	115.85800081888834
409	40900	975	1000	33772913.11523685	2.9609526633914134e-08	0	975	0.6803499999999902	0.7733333333333333	116.26589515209199
410	41000	975	1000	36617578.13784898	2.7309287602969124e-08	0	975	0.6798999999999901	0.7815384615384615	116.73592255115508
411	41100	976	1000	33630664.50916826	2.973476691168612e-08	0	976	0.6785999999999901	0.7868852459016393	117.16203460295995
412	41200	979	1000	28553699.767080095	3.502173004323531e-08	0	979	0.6776999999999899	0.7854954034729316	117.61007210413615
413	41300	978	1000	30759414.977756657	3.251037018138249e-08	0	978	0.6776499999999895	0.7719836400817995	118.08937090237936
414	41400	978	1000	29560057.671181772	3.3829432178187936e-08	0	978	0.6775999999999894	0.8057259713701431	118.4819834192594
415	41500	978	1000	36188771.36979709	2.7632879882783575e-08	0	978	0.6775999999999893	0.8374233128834356	118.88299751679102
416	41600	978	1000	37231510.1140946	2.685896892381125e-08	0	978	0.6772499999999892	0.8415132924335378	119.32559461990992
417	41700	979	1000	31712196.41924151	3.153360792946016e-08	0	979	0.676999999999989	0.8631256384065373	119.70682765245438
418	41800	977	1000	38310791.560129836	2.610230520369613e-08	0	977	0.6765499999999891	0.8556806550665302	120.12537173430125
419	41900	977	1000	33877686.36924191	2.951795348663368e-08	0	977	0.676149999999989	0.8372569089048106	120.58899735212326
420	42000	977	1000	36520242.95224038	2.7382073386688146e-08	0	977	0.6762499999999892	0.8433981576253838	121.01526865164439
421	42100	975	1000	33749888.76502441	2.962972640687903e-08	0	975	0.6760499999999893	0.8441025641025641	121.39353306690852
422	42200	976	1000	28614778.117139205	3.4946976033130953e-08	0	976	0.6757999999999894	0.8555327868852459	121.74181702136994
423	42300	976	1000	29228009.50177565	3.421375532690631e-08	0	976	0.6754499999999891	0.8688524590163934	122.06675263643265
424	42400	975	1000	29456979.5864777	3.3947810674765914e-08	0	975	0.6746999999999892	0.8492307692307692	122.44057618379593
425	42500	974	1000	36025862.857482225	2.7757835425015345e-08	0	974	0.6732999999999888	0.8336755646817249	122.83279956976573
426	42600	972	1000	37492042.55072547	2.667232578685752e-08	0	972	0.6735499999999889	0.8374485596707819	123.18804326852162
427	42700	971	1000	31458245.544579744	3.178816716891361e-08	0	971	0.6731999999999888	0.8383110195674562	123.5309038678805
428	42800	974	1000	38511765.15609154	2.596609036175887e-08	0	974	0.6725999999999889	0.8347022587268994	123.8943041006724
429	42900	972	1000	33709518.02662226	2.966521115920536e-08	0	972	0.672249999999989	0.8343621399176955	124.28216358423234
430	43000	971	1000	36544788.559091225	2.7363681993107293e-08	0	971	0.671299999999989	0.8177136972193615	124.76251175403596
431	43100	972	1000	33721958.991003476	2.9654266841748978e-08	0	972	0.671149999999989	0.7993827160493827	125.17922825018564
432	43200	973	1000	28598679.93928852	3.496664766192808e-08	0	973	0.671249999999989	0.7882836587872559	125.57996198336284
433	43300	973	1000	30901708.58843027	3.2360669144803695e-08	0	973	0.671149999999989	0.7821171634121274	125.95005971590678
434	43400	977	1000	29414654.113928553	3.3996659016629974e-08	0	977	0.6704999999999892	0.789150460593654	126.34302790164948
435	43500	978	1000	36188100.045729525	2.763339249927312e-08	0	978	0.6701999999999891	0.7955010224948875	126.77298411925634
436	43600	979	1000	37483671.09834907	2.6678282676686948e-08	0	979	0.6697999999999891	0.7865168539325843	127.23120571772257
437	43700	977	1000	31608472.606485173	3.1637086069060543e-08	0	977	0.669049999999989	0.7840327533265097	127.90539267063141
438	43800	976	1000	37558765.76139991	2.662494235640679e-08	0	976	0.6688499999999891	0.7920081967213115	128.31790526707968
439	43900	977	1000	34379898.566979006	2.908676327142252e-08	0	977	0.6682999999999892	0.7840327533265097	151.05352318286896
440	44000	977	1000	36524839.71592596	2.737862726842691e-08	0	977	0.6680999999999891	0.8116683725690891	151.52010410229366
441	44100	975	1000	33713226.16229997	2.9661948266947768e-08	0	975	0.668049999999989	0.8266666666666667	151.92328478097915
442	44200	974	1000	28594408.037182756	3.497187155361908e-08	0	974	0.668299999999989	0.8182751540041068	152.3824226339658
443	44300	976	1000	29906471.828602966	3.343757740108978e-08	0	976	0.6681999999999897	0.7899590163934426	152.866810297966
444	44400	976	1000	29488634.212359987	3.391136933936013e-08	0	976	0.6680999999999895	0.8012295081967213	153.21615275144578
445	44500	974	1000	36039982.93983269	2.7746960200355804e-08	0	974	0.6687499999999895	0.8039014373716632	153.60476900339125
446	44600	975	1000	37386236.26395686	2.674781077699079e-08	0	975	0.6682999999999895	0.803076923076923	154.03539261817932
447	44700	974	1000	31937517.05334755	3.131113689954328e-08	0	974	0.6680999999999895	0.7936344969199178	154.46047351757684
448	44800	974	1000	37671700.762404375	2.6545124144032712e-08	0	974	0.6676499999999895	0.7813141683778234	154.90996346871057
449	44900	976	1000	33633471.82369562	2.973228501385902e-08	0	976	0.6668999999999896	0.798155737704918	155.33396226962407
450	45000	974	1000	37187054.614470586	2.6891077647214166e-08	0	974	0.6671999999999898	0.7915811088295688	155.77129600048065
451	45100	974	1000	33431163.27590264	2.991220980959988e-08	0	974	0.6671999999999897	0.7967145790554415	156.1530930161476
452	45200	974	1000	28842085.03177883	3.467155596506364e-08	0	974	0.6670499999999898	0.8172484599589322	156.52457213401794
453	45300	977	1000	30511733.792153697	3.2774275432452854e-08	0	977	0.6665499999999902	0.8321392016376663	156.9360727349917
454	45400	980	1000	28971083.120760236	3.451717567184223e-08	0	980	0.6666499999999903	0.8193877551020409	157.36840948661168
455	45500	980	1000	36148161.50397194	2.7663923439818566e-08	0	980	0.6668999999999903	0.8214285714285714	157.8053217212359
456	45600	981	1000	37185742.01702453	2.6892026859384678e-08	0	981	0.6667499999999899	0.8277268093781855	158.21494646867117
457	45700	982	1000	31525886.720951267	3.17199632521506e-08	0	982	0.6666499999999896	0.8258655804480651	158.62760360240935
458	45800	982	1000	37866487.51883043	2.6408574946227588e-08	0	982	0.6665999999999898	0.8309572301425662	159.0272025346756
459	45900	980	1000	33706422.53619247	2.966793551758003e-08	0	980	0.6664999999999897	0.8479591836734693	159.3896197160085
460	46000	978	1000	36566625.789747335	2.7347340670766578e-08	0	978	0.6666999999999899	0.8394683026584867	159.82760236660638
461	46100	979	1000	33685209.26503094	2.9686618908777097e-08	0	979	0.6662999999999897	0.8294177732379979	160.22437940041223
462	46200	978	1000	28736285.62191358	3.4799207467447264e-08	0	978	0.6662499999999896	0.8261758691206544	160.60957788626354
463	46300	980	1000	30604147.43405447	3.2675308778964736e-08	0	980	0.6661499999999897	0.8275510204081633	161.03947095076242
464	46400	981	1000	29160063.326514583	3.4293477161184544e-08	0	981	0.6656499999999899	0.8256880733944955	161.4897164662679
465	46500	982	1000	36142276.938397385	2.7668427587891595e-08	0	982	0.6655499999999896	0.8217922606924644	162.0282985329628
466	46600	983	1000	37242287.04648165	2.6851196649140143e-08	0	983	0.6652999999999892	0.8097660223804679	162.55585283438364
467	46700	980	1000	31668345.558004737	3.1577272219386906e-08	0	980	0.6654999999999892	0.8244897959183674	162.98370068470638
468	46800	983	1000	37830399.51521965	2.6433767192014986e-08	0	983	0.6653499999999889	0.8250254323499492	163.45151339769365
469	46900	982	1000	33574515.22000179	2.9784494687797075e-08	0	982	0.6651499999999892	0.8085539714867617	163.92677991787593
470	47000	983	1000	36534195.32974409	2.7371616196901423e-08	0	983	0.6647999999999894	0.8158697863682605	164.3969866514206
471	47100	984	1000	33304904.07205103	3.0025607274262576e-08	0	984	0.6644999999999891	0.8140243902439024	164.89264275232952
472	47200	984	1000	28813174.590314787	3.4706344563288554e-08	0	984	0.6642999999999893	0.8130081300813008	165.452299284935
473	47300	984	1000	30863309.65404745	3.240093103456025e-08	0	984	0.6640499999999894	0.7957317073170732	166.0237103819847
474	47400	986	1000	29214001.992319457	3.4230160114069484e-08	0	986	0.6638499999999893	0.7880324543610547	166.5378575841586
475	47500	990	1000	36152371.25245624	2.766070212535109e-08	0	990	0.6637999999999892	0.7848484848484848	167.03373308579128
476	47600	989	1000	37412439.250509895	2.672907710120221e-08	0	989	0.663599999999989	0.7977755308392316	167.5535483678182
477	47700	989	1000	31453387.02416509	3.179307740176408e-08	0	989	0.663699999999989	0.7573306370070778	168.20590300162633
478	47800	990	1000	37737235.34012007	2.6499025815964622e-08	0	990	0.6636999999999891	0.7656565656565657	168.74674845139185
479	47900	990	1000	33474767.13218518	2.987324650169941e-08	0	990	0.6638499999999893	0.7737373737373737	169.25758825143177
480	48000	990	1000	36807773.40048766	2.716817347116622e-08	0	990	0.6640999999999893	0.7828282828282829	169.7411168495814
481	48100	990	1000	33557766.653409675	2.979936002681018e-08	0	990	0.6639499999999893	0.7919191919191919	170.2350507537524
482	48200	990	1000	28634451.18934067	3.492296599172431e-08	0	990	0.6642999999999892	0.7929292929292929	170.75898618300755
483	48300	991	1000	30143980.473062668	3.317411805383513e-08	0	991	0.6640499999999894	0.8173562058526741	171.2372563680013
484	48400	991	1000	29184937.93479525	3.4264248495917423e-08	0	991	0.6641499999999895	0.829465186680121	171.6911596854528
485	48500	990	1000	36159805.58983715	2.7655015175912302e-08	0	990	0.6640999999999894	0.8414141414141414	172.1404339512189
486	48600	986	1000	37231634.15605652	2.6858879439715625e-08	0	986	0.6640499999999893	0.8509127789046653	172.566388519605
487	48700	986	1000	31513793.708864324	3.173213537875577e-08	0	986	0.6638999999999894	0.8580121703853956	173.0996922492981
488	48800	986	1000	37263038.324891925	2.683624358392028e-08	0	986	0.6640499999999895	0.8610547667342799	173.55367263555527
489	48900	985	1000	33740599.40882117	2.9637883970154814e-08	0	985	0.6637999999999895	0.8558375634517766	174.0363322377205
490	49000	983	1000	36477838.01725877	2.7413904631984086e-08	0	983	0.6637499999999895	0.8484231943031536	174.5278469324112
491	49100	983	1000	33511654.176647395	2.984036433678902e-08	0	983	0.6631499999999895	0.8382502543234995	174.9899280508359
492	49200	987	1000	28652657.684182625	3.49007752132977e-08	0	987	0.6628499999999893	0.8500506585612969	175.40432383616766
493	49300	987	1000	31343027.918873724	3.190502113207806e-08	0	987	0.6623999999999893	0.8358662613981763	175.88936233520508
494	49400	987	1000	29279756.84892749	3.41532879185553e-08	0	987	0.6621999999999892	0.8348530901722391	176.31710510253907
495	49500	985	1000	36147486.50671025	2.766444001991465e-08	0	985	0.6616499999999892	0.8192893401015229	176.83494461774825
496	49600	985	1000	37333980.26474846	2.678524941952069e-08	0	985	0.6616999999999894	0.8040609137055837	189.42481165329616
497	49700	983	1000	31460719.307198983	3.1785667659083305e-08	0	983	0.6616999999999895	0.8301119023397762	189.83333866596223
498	49800	983	1000	37230682.37838486	2.68595660691142e-08	0	983	0.6617499999999894	0.82706002034588	190.31366971731185
499	49900	983	1000	33867813.11433679	2.9526558656074705e-08	0	983	0.6610499999999893	0.8209562563580874	190.8248781879743
500	50000	984	1000	36503222.43109139	2.7394840948436797e-08	0	984	0.6610499999999891	0.8272357723577236	191.26764531532925
