Epoch	Explore_Iteration	MacroPopSize	MicroPopSize	RMSE	Accuracy_Estimate	RuleCount	TreeCount	AveGenerality	ExpRules	Time(min)
1	100	1000	1000	26806963.63012256	3.7303738554432076e-08	0	1000	0.8687999999999997	0.0	0.7435152173042298
2	200	1000	1000	38054532.50517956	2.6278078007811898e-08	0	1000	0.8679999999999997	0.0	1.719243053595225
3	300	1000	1000	34505080.07503171	2.8981238960879065e-08	0	1000	0.8672999999999994	0.0	2.553516316413879
4	400	1000	1000	36700890.76121942	2.7247294330233847e-08	0	1000	0.8668499999999993	0.0	3.402721365292867
5	500	1000	1000	29145795.9341134	3.431026443574649e-08	0	1000	0.8668999999999992	0.0	4.21369206905365
6	600	1000	1000	28933826.66143679	3.456162149375097e-08	0	1000	0.8662499999999991	0.0	5.107871782779694
7	700	1000	1000	36703313.52434478	2.7245495753161867e-08	0	1000	0.8661499999999993	0.0	6.0101899147033695
8	800	1000	1000	34146575.22504453	2.928551294306801e-08	0	1000	0.8657499999999992	0.0	6.849908514817556
9	900	1000	1000	35452758.13755003	2.8206549344162133e-08	0	1000	0.8653999999999992	0.0	7.736613949139913
10	1000	1000	1000	30778387.505706422	3.2490330018889603e-08	0	1000	0.865099999999999	0.0	8.586180901527404
11	1100	1000	1000	26807795.40925416	3.73025811123661e-08	0	1000	0.8642499999999991	0.937	8.714379115899403
12	1200	1000	1000	38053457.53701825	2.627882033448298e-08	0	1000	0.8636499999999989	0.938	8.840745667616526
13	1300	1000	1000	34521557.116959095	2.8967406297595213e-08	0	1000	0.863199999999999	0.939	8.965935266017913
14	1400	1000	1000	36682776.09162658	2.7260749574717064e-08	0	1000	0.8627499999999991	0.937	9.099045483271281
15	1500	1000	1000	29052282.295618434	3.4420702490905997e-08	0	1000	0.8620999999999989	0.934	9.221188898881277
16	1600	1000	1000	28929460.6071226	3.456683755752282e-08	0	1000	0.8613999999999987	0.933	9.352834502855936
17	1700	1000	1000	36730581.28184054	2.72252694587528e-08	0	1000	0.8610999999999986	0.934	9.489674548308054
18	1800	1000	1000	32717000.690205537	3.056514803736949e-08	0	1000	0.8607999999999986	0.933	9.628437316417694
19	1900	1000	1000	35417116.34561044	2.8234934826618206e-08	0	1000	0.8603999999999988	0.935	9.767111082871756
20	2000	1000	1000	30753023.660691734	3.2517126722764015e-08	0	1000	0.8604499999999988	0.935	9.901755265394847
21	2100	1000	1000	26821276.002408903	3.728383253005391e-08	0	1000	0.8597999999999987	0.935	10.028883115450542
22	2200	999	1000	38037600.03527361	2.628977571620946e-08	0	999	0.8590999999999984	0.9309309309309309	10.171069618066152
23	2300	997	1000	34540017.97794816	2.8951923872376655e-08	0	997	0.8585999999999985	0.9307923771313942	10.304936631520588
24	2400	997	1000	36611361.63201482	2.7313924642770593e-08	0	997	0.8581999999999983	0.9297893681043129	10.442077032725017
25	2500	997	1000	29097937.1966108	3.436669612957235e-08	0	997	0.8582499999999982	0.9338014042126379	10.577806568145752
26	2600	997	1000	28924918.776825324	3.457226528943396e-08	0	997	0.857949999999998	0.9358074222668004	10.705875464280446
27	2700	997	1000	36714251.843798354	2.7237378471367055e-08	0	997	0.8578499999999981	0.9398194583751254	10.833373669783274
28	2800	997	1000	32708651.878128305	3.0572949724526326e-08	0	997	0.8573499999999981	0.9418254764292878	10.96478493611018
29	2900	997	1000	35385561.22032129	2.8260113369788938e-08	0	997	0.857349999999998	0.9438314944834504	11.089458684126535
30	3000	997	1000	30738409.80952137	3.253258622239004e-08	0	997	0.8577499999999978	0.9398194583751254	11.215990463892618
31	3100	997	1000	26806620.977714803	3.730421538496465e-08	0	997	0.8574999999999978	0.9398194583751254	11.331490417321524
32	3200	997	1000	38025945.36058334	2.6297833340357642e-08	0	997	0.8568499999999978	0.9408224674022067	11.460515169302623
33	3300	997	1000	34528363.73332613	2.8961695919378968e-08	0	997	0.8567999999999976	0.9428284854563691	11.581683218479156
34	3400	997	1000	36608883.39734909	2.7315773656091298e-08	0	997	0.8567999999999973	0.9398194583751254	11.714614236354828
35	3500	997	1000	29085648.212687008	3.438121640976833e-08	0	997	0.8569499999999974	0.9418254764292878	11.836182200908661
36	3600	997	1000	28901350.906819046	3.460045755728326e-08	0	997	0.8566499999999972	0.9388164493480441	11.959497368335724
37	3700	997	1000	36675401.19825031	2.7266231317504336e-08	0	997	0.8566999999999969	0.9358074222668004	12.08577203353246
38	3800	997	1000	32686161.947026733	3.0593985645261064e-08	0	997	0.856149999999997	0.9348044132397192	12.212295734882355
39	3900	998	1000	35344863.99219148	2.8292652984271514e-08	0	998	0.855899999999997	0.9318637274549099	12.339812731742859
40	4000	997	1000	30718632.15534085	3.255353175849676e-08	0	997	0.8560999999999971	0.9327983951855566	12.469116147359212
41	4100	996	1000	26788586.384049058	3.73293293022027e-08	0	996	0.856099999999997	0.9337349397590361	12.594193784395854
42	4200	996	1000	37995307.68992755	2.6319038704509782e-08	0	996	0.854999999999997	0.9337349397590361	12.733398334185283
43	4300	996	1000	34502302.70177992	2.8983571898371865e-08	0	996	0.8544999999999969	0.927710843373494	12.872349850336711
44	4400	996	1000	36550326.4699966	2.735953599378498e-08	0	996	0.8547999999999969	0.928714859437751	13.005935116608937
45	4500	996	1000	29048825.282358896	3.442479879496169e-08	0	996	0.8551499999999969	0.9267068273092369	13.140533669789631
46	4600	996	1000	28941037.4510101	3.4553010310695955e-08	0	996	0.8549999999999967	0.927710843373494	13.280356820424398
47	4700	996	1000	36653044.33961287	2.7282862603485977e-08	0	996	0.8548499999999969	0.9257028112449799	13.42262529929479
48	4800	995	1000	32454369.071482323	3.081249143944102e-08	0	995	0.8548499999999968	0.9266331658291457	13.573005282878876
49	4900	995	1000	35269968.18209561	2.8352732457380156e-08	0	995	0.8547499999999966	0.9276381909547738	13.707894217967986
50	5000	993	1000	30813316.77985568	3.2453499721920685e-08	0	993	0.8549499999999965	0.9274924471299094	13.853117299079894
51	5100	993	1000	26726176.27046929	3.7416499556969406e-08	0	993	0.8548499999999963	0.9254783484390735	13.987807766596477
52	5200	993	1000	37847564.175626494	2.6421778927115537e-08	0	993	0.8534499999999965	0.9204431017119838	14.134754633903503
53	5300	993	1000	34463902.56878909	2.901586577399815e-08	0	993	0.8531499999999966	0.9254783484390735	14.270138267676035
54	5400	993	1000	36171532.36012678	2.7646049451205657e-08	0	993	0.8529499999999968	0.918429003021148	14.414822649955749
55	5500	993	1000	28522567.620267875	3.5059955970774984e-08	0	993	0.8528499999999969	0.9174219536757301	14.55561866760254
56	5600	993	1000	10524577759.945393	9.50156882978052e-11	0	993	0.853199999999997	0.9154078549848943	14.714139966169993
57	5700	993	1000	36264610.79367961	2.7575091819245267e-08	0	993	0.8533499999999969	0.9224572004028198	14.858221050103506
58	5800	994	1000	6882211887.363946	1.4530212324481658e-10	0	994	0.8530999999999971	0.9164989939637826	15.021672932306926
59	5900	994	1000	35620291.60943918	2.8073885045374546e-08	0	994	0.853149999999997	0.9134808853118712	15.170853118101755
60	6000	992	1000	30467860.943641998	3.282146945032613e-08	0	992	0.852899999999997	0.9163306451612904	15.317266150315602
61	6100	991	1000	26648313.691161778	3.752582523845913e-08	0	991	0.852799999999997	0.917255297679112	15.457117215792339
62	6200	991	1000	37685624.44828546	2.6535316532619625e-08	0	991	0.8513499999999967	0.917255297679112	15.608007383346557
63	6300	991	1000	2387773031.230304	4.1880027393807533e-10	0	991	0.850549999999997	0.9091826437941474	15.761722966035206
64	6400	991	1000	7259133987.151262	1.3775747928502935e-10	0	991	0.8503999999999972	0.9091826437941474	15.941115053494771
65	6500	992	1000	28492445.69665746	3.50970209981059e-08	0	992	0.8508499999999969	0.9042338709677419	16.09126361608505
66	6600	992	1000	99941489.7507942	1.0005854350256961e-08	0	992	0.8512499999999968	0.9022177419354839	16.272056118647257
67	6700	992	1000	116563630.96985829	8.579005158818198e-09	0	992	0.8507999999999971	0.8991935483870968	16.440751401583352
68	6800	992	1000	32156733.81618868	3.109768469081536e-08	0	992	0.8510999999999971	0.9002016129032258	16.610744003454844
69	6900	992	1000	34726623.569419235	2.8796348980044963e-08	0	992	0.851049999999997	0.90625	28.86338508526484
70	7000	992	1000	30468765.90407969	3.2820494611683894e-08	0	992	0.8508499999999968	0.90625	28.999842965602873
71	7100	992	1000	26353218.743948292	3.794602745759892e-08	0	992	0.8504999999999968	0.905241935483871	29.135317933559417
72	7200	993	1000	2285036901.246859	4.3762969386477206e-10	0	993	0.8504499999999967	0.9133937562940584	29.27911728223165
73	7300	994	1000	4918627999.84561	2.033087275207802e-10	0	994	0.8505499999999969	0.9124748490945674	29.436481034755708
74	7400	994	1000	35564294.07679018	2.811808860096361e-08	0	994	0.8502499999999968	0.9164989939637826	29.5975536664327
75	7500	994	1000	54363186.38973848	1.8394800746888486e-08	0	994	0.8498999999999971	0.9124748490945674	29.747764984766643
76	7600	993	1000	1700287448.064583	5.881358475886841e-10	0	993	0.850099999999997	0.9174219536757301	29.919595317045847
77	7700	992	1000	3564919637.6654534	2.8051123204963894e-10	0	992	0.850649999999997	0.9122983870967742	30.08884414831797
78	7800	992	1000	1446703610.8723865	6.912265869757225e-10	0	992	0.850749999999997	0.9102822580645161	30.2576203306516
79	7900	992	1000	196027931.99663383	5.10131380111615e-09	0	992	0.850949999999997	0.90625	30.43431533575058
80	8000	990	1000	140730935.7656343	7.105758143750198e-09	0	990	0.8510999999999971	0.9101010101010101	30.603549003601074
81	8100	990	1000	6116380397.134265	1.6349539023194813e-10	0	990	0.8504999999999969	0.9131313131313131	30.77040356794993
82	8200	990	1000	14204646516.581736	7.03994991189858e-11	0	990	0.850399999999997	0.9131313131313131	30.945864816506703
83	8300	990	1000	4997075984.519547	2.0011702901812682e-10	0	990	0.8497999999999971	0.9242424242424242	31.103750332196554
84	8400	989	1000	35450944.642489456	2.82079922517344e-08	0	989	0.8488499999999973	0.9241658240647118	31.246144700050355
85	8500	989	1000	27501086.564968914	3.6362198318069695e-08	0	989	0.848249999999997	0.9271991911021233	31.388377436002095
86	8600	989	1000	28182596.103743657	3.548289025028017e-08	0	989	0.8476499999999971	0.9211324570273003	31.52831808725993
87	8700	989	1000	35301510.02162934	2.8327399339572095e-08	0	989	0.8477999999999973	0.9241658240647118	31.682006299495697
88	8800	987	1000	31552696.03114028	3.169301182124212e-08	0	987	0.8476499999999976	0.9270516717325228	31.860294767220815
89	8900	987	1000	33991049.382112786	2.9419508628254485e-08	0	987	0.8472499999999976	0.9209726443768997	32.01028796831767
90	9000	986	1000	41176749.42438122	2.4285549240619258e-08	0	986	0.8475499999999977	0.9137931034482759	32.1642366528511
91	9100	986	1000	114951558.35249555	8.699316526307656e-09	0	986	0.8474499999999978	0.9168356997971603	32.32708245118459
92	9200	985	1000	37460492.98481921	2.669478946020434e-08	0	985	0.8475999999999977	0.9035532994923858	32.504064949353534
93	9300	985	1000	5035609049.425294	1.9858571028573845e-10	0	985	0.8469499999999979	0.8984771573604061	32.69222251574198
94	9400	984	1000	36965812.17792419	2.7052022234349092e-08	0	984	0.846749999999998	0.9065040650406504	32.859545052051544
95	9500	984	1000	27639814.391991597	3.617969171710682e-08	0	984	0.8465999999999979	0.9115853658536586	33.0147368868192
96	9600	984	1000	29665387.084147546	3.3709317982405746e-08	0	984	0.846749999999998	0.9146341463414634	33.16901030143102
97	9700	982	1000	35194563.0725396	2.841347879572816e-08	0	982	0.8467499999999979	0.9154786150712831	33.32764341831207
98	9800	982	1000	8352152936.079819	1.1972960834570544e-10	0	982	0.8475499999999979	0.9103869653767821	33.50922486782074
99	9900	982	1000	272639943.8923849	3.6678411169526725e-09	0	982	0.848249999999998	0.9103869653767821	33.68905466794968
100	10000	980	1000	30365380.05531114	3.293223945316149e-08	0	980	0.8485499999999978	0.9081632653061225	33.85165468454361
101	10100	982	1000	26240793.080041025	3.81086028475262e-08	0	982	0.8486999999999978	0.9093686354378818	34.960982131958005
102	10200	983	1000	37202346.81390388	2.6880023943710976e-08	0	983	0.8475999999999974	0.9084435401831129	35.123332568009694
103	10300	982	1000	79151757.85214183	1.2633958038355585e-08	0	982	0.8463499999999978	0.90020366598778	35.30646323362986
104	10400	982	1000	36890757.39936102	2.7107059962674036e-08	0	982	0.8461999999999977	0.8961303462321792	35.48104929924011
105	10500	983	1000	8456461162.009329	1.1825277509394232e-10	0	983	0.8462999999999977	0.8891149542217701	35.67139851649602
106	10600	984	1000	5743822740.6812525	1.7410008020325742e-10	0	984	0.846599999999998	0.8821138211382114	35.878309798240664
107	10700	985	1000	2610306742.77138	3.830967384910467e-10	0	985	0.8461999999999978	0.883248730964467	36.079129219055176
108	10800	986	1000	71147899.76331328	1.4055228464528925e-08	0	986	0.8459499999999978	0.8772819472616633	36.26694641510645
109	10900	986	1000	81872927.21728897	1.2214049524966564e-08	0	986	0.8457499999999976	0.8853955375253549	36.45728218158086
110	11000	986	1000	30078623.5491142	3.3246201081008186e-08	0	986	0.8458999999999975	0.8914807302231237	36.62848531802495
111	11100	986	1000	25937084.043678254	3.855483367988316e-08	0	986	0.8458999999999975	0.8995943204868154	36.78468815088272
112	11200	985	1000	36747033.35356849	2.721308039114973e-08	0	985	0.8460499999999975	0.9005076142131979	36.95587693452835
113	11300	986	1000	7991186048.046884	1.251378698809385e-10	0	986	0.8461499999999974	0.9046653144016227	37.15437293450038
114	11400	986	1000	1143123200.2759356	8.747963464338893e-10	0	986	0.8447999999999977	0.8904665314401623	37.36143270333608
115	11500	987	1000	67690250.83286548	1.4773175943695818e-08	0	987	0.8447999999999974	0.8905775075987842	37.548048484325406
116	11600	986	1000	28451463.10066341	3.514757611284696e-08	0	986	0.8444999999999971	0.8995943204868154	37.71478650172551
117	11700	985	1000	34107678.15679075	2.9318910718113246e-08	0	985	0.843799999999997	0.8964467005076142	37.88713336785634
118	11800	985	1000	30988523.032335963	3.2270010632210754e-08	0	985	0.8427499999999968	0.9015228426395939	38.06628026564916
119	11900	985	1000	1125814504043.577	8.882457957393706e-13	0	985	0.8424999999999967	0.8903553299492386	38.26839676698049
120	12000	983	1000	30198221.655370463	3.311453165347662e-08	0	983	0.8431499999999967	0.8830111902339777	38.45729286670685
121	12100	984	1000	25734361.724715028	3.8858549197319345e-08	0	984	0.8439999999999968	0.8729674796747967	38.64128828446071
122	12200	982	1000	38045640.809987694	2.6284219490745488e-08	0	982	0.8446999999999968	0.8737270875763747	38.84483614762624
123	12300	981	1000	34667397.034159094	2.8845545287669478e-08	0	981	0.844399999999997	0.8868501529051988	39.031548682848616
124	12400	980	1000	34328978.757482775	2.91299073571223e-08	0	980	0.8441999999999973	0.886734693877551	39.22028195063273
125	12500	978	1000	26042087.088597458	3.839937859813363e-08	0	978	0.8442499999999972	0.8885480572597138	39.39657811721166
126	12600	978	1000	28090932.588697575	3.559867445638586e-08	0	978	0.8445499999999975	0.8813905930470347	39.591918567816414
127	12700	979	1000	33826857.085277885	2.9562308077179054e-08	0	979	0.8423999999999979	0.8712972420837589	39.80169603427251
128	12800	979	1000	30783916.227573104	3.24844948291474e-08	0	979	0.8418499999999977	0.8682328907048008	40.00455340147018
129	12900	975	1000	33079066.60589975	3.0230598150887636e-08	0	975	0.8402499999999974	0.8594871794871795	40.2295152982076
130	13000	975	1000	29744108.996776916	3.362010159686608e-08	0	975	0.8403499999999974	0.8635897435897436	40.43417573372523
131	13100	976	1000	100770192.48005636	9.92356931613823e-09	0	976	0.8407999999999972	0.8442622950819673	40.681384003162385
132	13200	973	1000	64103371.032435976	1.5599803384664463e-08	0	973	0.8417499999999972	0.8520041109969168	40.913922782739
133	13300	974	1000	32770416.818183135	3.051532652248137e-08	0	974	0.8418999999999972	0.8418891170431212	41.14616756836573
134	13400	976	1000	33874262.08488582	2.9520937399998667e-08	0	976	0.8404999999999978	0.8319672131147541	41.39294749895732
135	13500	976	1000	26248806.039008807	3.809696945517877e-08	0	976	0.8404499999999979	0.8288934426229508	41.61913120349248
136	13600	975	1000	27322543.88003727	3.659981178146521e-08	0	975	0.8399999999999983	0.8328205128205128	41.84623486995697
137	13700	975	1000	33525459.18346334	2.982807676695984e-08	0	975	0.8395499999999984	0.8451282051282051	42.06894508600235
138	13800	975	1000	30708014.670572206	3.2564787341772456e-08	0	975	0.8387499999999984	0.8461538461538461	42.297217818101245
139	13900	976	1000	32803438.364944134	3.0484608302038726e-08	0	976	0.8382499999999983	0.8657786885245902	42.50802833239238
140	14000	974	1000	29905428.213880915	3.34387442777728e-08	0	974	0.8381499999999986	0.8696098562628337	42.707100586096445
141	14100	973	1000	26392367.220902484	3.788974114145658e-08	0	973	0.8385999999999983	0.8725590955806783	42.9208278854688
142	14200	974	1000	852165224217.8613	1.1734813526527696e-12	0	974	0.8400499999999984	0.8593429158110883	43.163437537352245
143	14300	975	1000	473689566725.2135	2.111087239922232e-12	0	975	0.8401999999999986	0.8564102564102564	43.43748035033544
144	14400	975	1000	34094518.34616723	2.9330227238191466e-08	0	975	0.8394499999999991	0.8676923076923077	43.663800533612566
145	14500	973	1000	8716804272.930044	1.147209422828008e-10	0	973	0.838699999999999	0.8602261048304214	43.92028603553772
146	14600	976	1000	27543141.68152629	3.630667754811869e-08	0	976	0.8385999999999989	0.8524590163934426	44.15639433463414
147	14700	974	1000	33258687.37639594	3.006733123936755e-08	0	974	0.8381999999999993	0.839835728952772	44.39596231778463
148	14800	973	1000	30349265.655430615	3.294972532132214e-08	0	973	0.8378499999999992	0.8499486125385406	44.622180950641635
149	14900	974	1000	33475040.87364288	2.987300221384835e-08	0	974	0.8362999999999994	0.8388090349075975	44.886661565303804
150	15000	975	1000	33966050.13793612	2.944116158628509e-08	0	975	0.8360499999999993	0.8369230769230769	45.13274938265483
151	15100	978	1000	170061907.34631708	5.880211563682928e-09	0	978	0.8359499999999991	0.8302658486707567	45.40592455069224
152	15200	979	1000	197923469.77576888	5.052457882233271e-09	0	979	0.8360999999999987	0.8457609805924413	45.67204314867656
153	15300	980	1000	32564788.93490339	3.070801322529602e-08	0	980	0.836349999999999	0.8551020408163266	45.896545032660164
154	15400	980	1000	35711976.27653559	2.8001809932183337e-08	0	980	0.8364499999999989	0.8520408163265306	46.14110765059789
155	15500	981	1000	78129254.81022403	1.2799302766034277e-08	0	981	0.8361499999999992	0.8460754332313966	46.38393738269806
156	15600	980	1000	27768338.932539668	3.6012235604627335e-08	0	980	0.8361499999999993	0.8510204081632653	46.631170686086016
157	15700	977	1000	33249001.8764612	3.0076089912096436e-08	0	977	0.8359999999999996	0.8505629477993859	46.86506028572718
158	15800	976	1000	21969299308.104515	4.5518065275098696e-11	0	976	0.83305	0.8237704918032787	47.17836853663127
159	15900	976	1000	666753271645.6322	1.4998051641057156e-12	0	976	0.8299500000000002	0.8114754098360656	47.55783820152283
160	16000	976	1000	46848658978.27606	2.1345328164939776e-11	0	976	0.8285499999999997	0.7971311475409836	47.90272513628006
161	16100	976	1000	1601233970.44973	6.245183513653642e-10	0	976	0.8281999999999996	0.8186475409836066	48.19420598347982
162	16200	976	1000	35621464.42164887	2.8072960732049283e-08	0	976	0.8280999999999995	0.8247950819672131	48.45476768414179
163	16300	977	1000	1309613396944.9402	7.635841251563489e-13	0	977	0.8285999999999992	0.81985670419652	48.77305103540421
164	16400	977	1000	33424735.675948877	2.991796194821067e-08	0	977	0.8275999999999991	0.8188331627430911	49.07252008120219
165	16500	981	1000	126763872.41268489	7.888682895831526e-09	0	981	0.8272499999999993	0.8144750254841998	49.38900371789932
166	16600	977	1000	5373849530.409946	1.8608634167276884e-10	0	977	0.8274499999999996	0.8219037871033776	49.71465981801351
167	16700	976	1000	32856550.768040337	3.043533013019044e-08	0	976	0.8268499999999995	0.8135245901639344	50.00560208559036
168	16800	978	1000	111158146.48404658	8.996191665964208e-09	0	978	0.8256999999999998	0.8220858895705522	50.30863843758901
169	16900	979	1000	32388416.357999224	3.087523508625598e-08	0	979	0.8240999999999998	0.8386108273748724	50.59991621573766
170	17000	979	1000	30928327.153169915	3.233281783119945e-08	0	979	0.8232499999999997	0.849846782431052	50.86167971690496
171	17100	980	1000	5732707890.900857	1.7443763381225046e-10	0	980	0.8226000000000003	0.8204081632653061	51.18660399913788
172	17200	980	1000	35840466.80693578	2.7901421526827333e-08	0	980	0.8225	0.8	51.492122582594554
173	17300	981	1000	384141522.56991965	2.6032072521261417e-09	0	981	0.82295	0.7930682976554536	51.81008035341899
174	17400	982	1000	405285286.9217835	2.4673977314295976e-09	0	982	0.8226500000000001	0.8004073319755601	52.12892504930496
175	17500	980	1000	26358629.72826107	3.79382377752963e-08	0	980	0.82155	0.789795918367347	52.45817644993464
176	17600	981	1000	86285116.44468077	1.158948413834079e-08	0	981	0.8215000000000001	0.7879714576962283	52.78480340242386
177	17700	982	1000	32821819.08306908	3.0467536458035835e-08	0	982	0.8212500000000001	0.8004073319755601	53.07701735099157
178	17800	983	1000	30069035.90858644	3.325680177386867e-08	0	983	0.8194000000000002	0.7985757884028484	53.38825961748759
179	17900	981	1000	4078930873.5812163	2.4516228167329997e-10	0	981	0.8178000000000005	0.8032619775739042	53.70215503374735
180	18000	984	1000	2471596601.859084	4.045967690857091e-10	0	984	0.8157000000000006	0.7855691056910569	54.0770677169164
181	18100	987	1000	2102342611.8960383	4.756598633666427e-10	0	987	0.815250000000001	0.8156028368794326	54.4107341170311
182	18200	988	1000	35863672.56024378	2.7883367784959355e-08	0	988	0.8153500000000011	0.8319838056680162	54.69385941823324
183	18300	987	1000	83897976.27495453	1.191923849037208e-08	0	987	0.8160500000000008	0.8348530901722391	54.988597031434374
184	18400	988	1000	34310892.06422802	2.9145262938159536e-08	0	988	0.8163000000000009	0.8319838056680162	55.27331670125326
185	18500	986	1000	25934477.925279375	3.855870799953725e-08	0	986	0.8163000000000011	0.859026369168357	55.54028178453446
186	18600	986	1000	28423274.1394123	3.518243394173036e-08	0	986	0.816350000000001	0.8701825557809331	55.78486028512319
187	18700	987	1000	32642455.314092163	3.063494947738621e-08	0	987	0.8163500000000008	0.8520770010131712	56.08804988463719
188	18800	988	1000	30246513.475056496	3.306166073531129e-08	0	988	0.8155500000000012	0.8572874493927125	56.35074401696523
189	18900	988	1000	132669030.84945214	7.537554062614723e-09	0	988	0.8149500000000011	0.8582995951417004	56.62548063198725
190	19000	987	1000	111549985.794716	8.96459093124132e-09	0	987	0.8134500000000012	0.8723404255319149	56.924848981698354
191	19100	987	1000	27321931.738328863	3.660063179195004e-08	0	987	0.8129000000000013	0.8703140830800405	57.18684973319372
192	19200	986	1000	9905141520.444357	1.0095766908882904e-10	0	986	0.8130500000000014	0.8559837728194726	57.47088781992594
193	19300	985	1000	4965500635.544603	2.013895623414683e-10	0	985	0.8133500000000015	0.8609137055837564	57.764508132139845
194	19400	986	1000	33626277.847503625	2.973864591247327e-08	0	986	0.8134500000000014	0.8569979716024341	58.03355029821396
195	19500	984	1000	25931549.728819665	3.856306205739657e-08	0	984	0.8138500000000014	0.8465447154471545	58.31364603439967
196	19600	981	1000	28220125.520490933	3.543570222032454e-08	0	981	0.8145500000000012	0.8399592252803262	58.58699418306351
197	19700	981	1000	32761487.07740139	3.052364403098625e-08	0	981	0.8144000000000008	0.8470948012232415	58.87987000147502
198	19800	981	1000	30493570.55428086	3.2793797152292395e-08	0	981	0.8140500000000005	0.8470948012232415	59.15290985107422
199	19900	980	1000	19965421379.542976	5.0086596267611764e-11	0	980	0.8134500000000002	0.8326530612244898	59.48559700250625
200	20000	981	1000	30647774.423560712	3.2628795603587014e-08	0	981	0.8121500000000004	0.8277268093781855	59.81618253389994
201	20100	981	1000	27119719.903659765	3.6873535813749897e-08	0	981	0.8114500000000006	0.836901121304791	60.11330900192261
202	20200	981	1000	35679041.272149116	2.8027658152152672e-08	0	981	0.8112000000000008	0.8521916411824668	60.40037911732991
203	20300	979	1000	32469712.904750496	3.079793074042745e-08	0	979	0.812150000000001	0.8518896833503575	60.68902709881465
204	20400	979	1000	33511232.11344315	2.984074016658153e-08	0	979	0.8123000000000014	0.8610827374872319	60.95962139765422
205	20500	979	1000	25946634.555105526	3.854064230702272e-08	0	979	0.8123500000000012	0.8774259448416751	61.20125910043716
206	20600	979	1000	27805835.04057897	3.596367318503322e-08	0	979	0.8129500000000015	0.8712972420837589	61.46764581600825
207	20700	979	1000	32799370.50897668	3.048838907557468e-08	0	979	0.8129500000000016	0.8886618998978549	61.70643341938655
208	20800	981	1000	29451489.16544186	3.395413931120511e-08	0	981	0.8127000000000006	0.8858307849133538	61.99514036575953
209	20900	982	1000	32478727.86391159	3.078938231203807e-08	0	982	0.8121000000000002	0.8940936863543788	62.2616844534874
210	21000	984	1000	30620701.784251932	3.265764365520359e-08	0	984	0.8109999999999996	0.8882113821138211	62.56861996650696
211	21100	984	1000	27292184.604694426	3.664052467194103e-08	0	984	0.8095999999999998	0.8729674796747967	62.895121252536775
212	21200	986	1000	132858769262016.6	7.526789579300173e-15	0	986	0.8084000000000001	0.8569979716024341	63.23439248402914
213	21300	984	1000	7434902493077.671	1.3450075517882366e-13	0	984	0.80825	0.8567073170731707	63.58484015067418
214	21400	985	1000	645374179.261175	1.5494887006407852e-09	0	985	0.8097000000000008	0.8355329949238579	63.94170393149058
215	21500	985	1000	183857731.92686066	5.438987983158718e-09	0	985	0.8108000000000012	0.8192893401015229	64.2980354030927
216	21600	987	1000	28043110.57217165	3.565938100079956e-08	0	987	0.811650000000002	0.8004052684903749	64.70269933541616
217	21700	987	1000	12170810880.92772	8.216379415482391e-11	0	987	0.811700000000002	0.7993920972644377	65.0609740694364
218	21800	984	1000	30485145.160567965	3.280286060407621e-08	0	984	0.8117500000000016	0.801829268292683	65.44142874876658
219	21900	985	1000	32865072.407947272	3.042743850248589e-08	0	985	0.8116000000000014	0.8030456852791878	65.78400053580602
220	22000	988	1000	8939508655658344.0	1.1186297127941597e-16	0	988	0.811650000000001	0.7904858299595142	66.21645091772079
221	22100	988	1000	27345565.381662592	3.656899937792404e-08	0	988	0.810950000000001	0.798582995951417	66.61764386892318
222	22200	987	1000	35593181.514406756	2.8095267951811793e-08	0	987	0.810200000000001	0.795339412360689	67.01566671530405
223	22300	985	1000	32594054.59069512	3.068044101530826e-08	0	985	0.8083000000000019	0.7807106598984772	67.42837501764298
224	22400	983	1000	33729736.48559814	2.9647429080258276e-08	0	983	0.8083000000000025	0.7914547304170906	67.80741955041886
225	22500	982	1000	25955496.920191225	3.8527482812112915e-08	0	982	0.8091000000000028	0.7861507128309573	68.17784039974212
226	22600	980	1000	28277623.296006225	3.536364970169133e-08	0	980	0.8105000000000034	0.8051020408163265	68.55035080115
227	22700	978	1000	32686572.21513543	3.059360164243074e-08	0	978	0.8107500000000035	0.8016359918200409	68.88619064887365
228	22800	977	1000	30232280.337092035	3.307722592449874e-08	0	977	0.8106500000000024	0.8034800409416581	69.25121278365454
229	22900	982	1000	1176779384.9443285	8.497769522003748e-10	0	982	0.8103000000000026	0.7912423625254582	69.64932083288828
230	23000	982	1000	394240042.6961465	2.536525692886571e-09	0	982	0.8110000000000026	0.7932790224032586	70.06606334845225
231	23100	985	1000	27786095.84245327	3.598922172012802e-08	0	985	0.8095000000000011	0.7695431472081218	70.52651776472727
232	23200	986	1000	35810755.49544877	2.7924570655944987e-08	0	986	0.8074000000000007	0.7677484787018256	71.00460927089055
233	23300	988	1000	32493174.313752785	3.077569336773155e-08	0	988	0.8064500000000003	0.770242914979757	71.47113791704177
234	23400	988	1000	1024729957.0779973	9.758668536202638e-10	0	988	0.8071500000000004	0.7540485829959515	71.91194223562876
235	23500	986	1000	5035572868.774568	1.9858713712641954e-10	0	986	0.8077500000000007	0.7616632860040567	72.35368608633677
236	23600	985	1000	28912566.912341718	3.458703505796649e-08	0	985	0.8087500000000015	0.7624365482233503	72.75441218217215
237	23700	986	1000	34491449.90712817	2.8992691629372285e-08	0	986	0.8090500000000019	0.7626774847870182	73.14403105179468
238	23800	988	1000	3366666202.293688	2.970297438521457e-10	0	988	0.8090500000000005	0.7489878542510121	73.66886333227157
239	23900	988	1000	33051447.89357508	3.0255859681673185e-08	0	988	0.8090500000000002	0.7591093117408907	74.1030580163002
240	24000	988	1000	30574746.765115608	3.270672934678972e-08	0	988	0.8091500000000004	0.7864372469635628	74.47785110076269
241	24100	988	1000	27551528.14588689	3.629562608684781e-08	0	988	0.8089	0.8107287449392713	74.86216379801432
242	24200	986	1000	35904843.601230785	2.785139473812737e-08	0	986	0.8077999999999997	0.8235294117647058	75.2550053358078
243	24300	986	1000	33249815.527333718	3.0075353924973656e-08	0	986	0.8069999999999995	0.8326572008113591	75.64511476755142
244	24400	984	1000	33831178.83359625	2.9558531653895915e-08	0	984	0.8059499999999992	0.8363821138211383	76.10889528592428
245	24500	983	1000	87122277.00631413	1.1478120440417384e-08	0	983	0.8069499999999993	0.8311291963377416	76.47449975013733
246	24600	983	1000	41793275.38279132	2.39272937311935e-08	0	983	0.8079999999999999	0.8219735503560529	76.87994221846263
247	24700	984	1000	145003656.95530334	6.896377747299623e-09	0	984	0.8088500000000007	0.8170731707317073	77.2814080675443
248	24800	984	1000	422647789.2533965	2.366036267220171e-09	0	984	0.8093000000000011	0.8353658536585366	77.68672673304876
249	24900	981	1000	32488733.13939732	3.077990037129069e-08	0	981	0.8094500000000007	0.8236493374108053	78.08495875199635
250	25000	981	1000	31037026.903245587	3.2219579887526166e-08	0	981	0.8094000000000008	0.8246687054026504	78.42706722021103
251	25100	984	1000	44312677114125.2	2.256690557026209e-14	0	984	0.8077000000000011	0.7977642276422764	81.73024446964264
252	25200	985	1000	35621010.057384886	2.807331881706041e-08	0	985	0.806950000000001	0.7939086294416243	82.21508433421452
253	25300	986	1000	32823886.954488423	3.0465617034354316e-08	0	986	0.805900000000001	0.7870182555780934	82.68334339857101
254	25400	986	1000	33841079.50178023	2.9549883903600374e-08	0	986	0.8050000000000009	0.7961460446247465	83.13663435379664
255	25500	986	1000	26108245.38990128	3.830207456548295e-08	0	986	0.8037500000000006	0.783975659229209	83.61660841703414
256	25600	984	1000	37372373.35537239	2.6757732609949813e-08	0	984	0.805000000000001	0.7957317073170732	84.031307665507
257	25700	984	1000	54038635.22807328	1.850527825645785e-08	0	984	0.8054000000000012	0.7967479674796748	84.44721099932988
258	25800	984	1000	30822091.182882126	3.2444260891393247e-08	0	984	0.8055000000000009	0.8130081300813008	84.82745351791382
259	25900	981	1000	149242552.97184694	6.700501789782019e-09	0	981	0.8058500000000005	0.8195718654434251	85.25346821546555
260	26000	981	1000	51582997.98811209	1.9386232278399745e-08	0	981	0.8061500000000005	0.8093781855249745	85.67663793166479
261	26100	981	1000	30862325.80664895	3.24019639304889e-08	0	981	0.8062000000000005	0.8256880733944955	86.20037149985632
262	26200	981	1000	36339838.69051795	2.7518008018646465e-08	0	981	0.8057000000000007	0.8338430173292558	86.62449569702149
263	26300	985	1000	32913181.781186532	3.0382962554797616e-08	0	985	0.8050500000000007	0.8304568527918782	87.1044762690862
264	26400	985	1000	33843928.39249965	2.9547396474051737e-08	0	985	0.8030500000000003	0.8162436548223351	87.61351761817932
265	26500	984	1000	26154120.742744267	3.823489122808806e-08	0	984	0.8025500000000002	0.8201219512195121	88.06556905110678
266	26600	982	1000	5529191686.344796	1.8085826221015237e-10	0	982	0.8027500000000004	0.814663951120163	88.51371943553289
267	26700	983	1000	2335201160.4172006	4.2822863251451716e-10	0	983	0.8046000000000011	0.7945066124109867	89.01646358172098
268	26800	983	1000	108809332.03049031	9.19038810503307e-09	0	983	0.8056000000000014	0.7782299084435402	89.51231614748637
269	26900	983	1000	176391830.033946	5.669196777074974e-09	0	983	0.8057500000000011	0.7863682604272635	89.97899513244629
270	27000	985	1000	31032121.75571128	3.222467273257856e-08	0	985	0.806000000000001	0.7786802030456853	90.43691555261611
271	27100	985	1000	28089850.170769736	3.5600046220273276e-08	0	985	0.8064500000000011	0.7868020304568528	90.86550598541895
272	27200	985	1000	36340997.24580012	2.7517130741326527e-08	0	985	0.8062000000000009	0.7776649746192893	91.3409194668134
273	27300	985	1000	5388179786034.955	1.8559143156128662e-13	0	985	0.8047500000000007	0.7786802030456853	91.95352683067321
274	27400	986	1000	3135693583.09041	3.189087113210636e-10	0	986	0.8045500000000003	0.7809330628803245	92.52704418500265
275	27500	986	1000	26168329.059029855	3.821413127028837e-08	0	986	0.8038000000000001	0.7849898580121704	93.01103739738464
276	27600	984	1000	28317261.817427017	3.531414764369739e-08	0	984	0.8025499999999997	0.7672764227642277	93.56551180283229
277	27700	981	1000	32556953.31475068	3.071540385296197e-08	0	981	0.8027999999999996	0.7981651376146789	93.9941779534022
278	27800	981	1000	30652847.065620445	3.262339596827147e-08	0	981	0.8032500000000002	0.8114169215086646	94.421504398187
279	27900	977	1000	5193369693.509695	1.9255320896125993e-10	0	977	0.8045500000000011	0.7952917093142272	94.93459330002467
280	28000	977	1000	33133376.26781282	3.0181046499338984e-08	0	977	0.8046000000000011	0.7983623336745138	95.40247200330099
281	28100	977	1000	28362687.38990621	3.525758864085263e-08	0	977	0.8045000000000009	0.797338792221085	95.85656531651814
282	28200	977	1000	36504298.73731911	2.739403322884945e-08	0	977	0.8044000000000011	0.7983623336745138	96.36035115321478
283	28300	977	1000	33098840.932622183	3.02125374064644e-08	0	977	0.8042000000000012	0.8219037871033776	96.79160616795222
284	28400	978	1000	1123175443404.3296	8.90332855718536e-13	0	978	0.8038500000000011	0.8261758691206544	97.35622905095418
285	28500	978	1000	26298449.773560274	3.802505359005299e-08	0	978	0.8032000000000005	0.8282208588957055	97.82458031574885
286	28600	978	1000	22453392981.771454	4.453669878611676e-11	0	978	0.8026500000000003	0.84560327198364	98.29662448565165
287	28700	980	1000	32550602.539189085	3.072139657244931e-08	0	980	0.8019499999999998	0.826530612244898	98.79016163746516
288	28800	979	1000	30352516.799780194	3.29461959827017e-08	0	979	0.8022499999999999	0.8304392236976507	99.21350781520208
289	28900	980	1000	361492676.9911989	2.7663077591417952e-09	0	980	0.80305	0.8326530612244898	99.67309243281683
290	29000	981	1000	32130382.886739694	3.112318867788888e-08	0	981	0.8031999999999995	0.8256880733944955	100.17509198188782
291	29100	982	1000	30614769.86168718	3.266397140510527e-08	0	982	0.8032999999999991	0.814663951120163	100.68757770061492
292	29200	983	1000	63020602.47436231	1.5867826470541726e-08	0	983	0.8033999999999997	0.8199389623601221	101.163345515728
293	29300	983	1000	32828335.126028523	3.046148900635669e-08	0	983	0.8024999999999994	0.8046795523906409	101.64608961741129
294	29400	984	1000	34469077.84660506	2.9011509255881732e-08	0	984	0.8019499999999996	0.8099593495934959	102.16497416893641
295	29500	984	1000	26388626.59955835	3.789511206019431e-08	0	984	0.8014499999999997	0.8079268292682927	102.67657245000204
296	29600	984	1000	28759032.5540662	3.4771683065080304e-08	0	984	0.80045	0.801829268292683	103.20031739870707
297	29700	988	1000	9828002582.989965	1.0175007499784567e-10	0	988	0.7992500000000002	0.791497975708502	103.82214061816534
298	29800	989	1000	30705337.23790766	3.2567626913988444e-08	0	989	0.7993500000000003	0.788675429726997	104.31603070100148
299	29900	989	1000	15062081316.675789	6.639188694503137e-11	0	989	0.8007000000000005	0.7846309403437816	104.890012717247
300	30000	989	1000	31215934.241630584	3.203492037830626e-08	0	989	0.8008500000000002	0.7997977755308392	105.3589905500412
301	30100	988	1000	28580126.23316835	3.4989347382591817e-08	0	988	0.8008999999999994	0.8178137651821862	109.80717196464539
302	30200	988	1000	36138762.01167902	2.7671118673232627e-08	0	988	0.8016499999999999	0.7854251012145749	110.41203653415045
303	30300	988	1000	35651849.65723098	2.8049034806477234e-08	0	988	0.8015499999999999	0.7803643724696356	111.01368616819381
304	30400	988	1000	33985860.21809487	2.9424000574320492e-08	0	988	0.8011999999999999	0.7904858299595142	111.50783306757609
305	30500	986	1000	26466557.687975053	3.778352946408348e-08	0	986	0.8009500000000002	0.8093306288032455	111.97389545043309
306	30600	987	1000	14538807551.717499	6.878143179033184e-11	0	987	0.7990500000000004	0.7963525835866262	112.69920245011647
307	30700	987	1000	32472152.22425833	3.079561718909819e-08	0	987	0.7977500000000003	0.790273556231003	113.3561365365982
308	30800	986	1000	30529359.766188115	3.275535336814259e-08	0	986	0.7965000000000005	0.7565922920892495	114.04857951800028
309	30900	987	1000	33140303.814827733	3.017473754654716e-08	0	987	0.797200000000001	0.7619047619047619	114.57976859807968
310	31000	987	1000	31241720.002729494	3.200847993977774e-08	0	987	0.7980000000000012	0.7527862208713273	115.14571820100149
311	31100	987	1000	74111211.48743837	1.3493234915964937e-08	0	987	0.798300000000001	0.75177304964539	115.7428046186765
312	31200	988	1000	35901159.00901085	2.7854253170343508e-08	0	988	0.7987500000000003	0.7540485829959515	239.75339713493983
313	31300	988	1000	263856644.40039414	3.789936760859411e-09	0	988	0.7985000000000003	0.7661943319838057	329.74646929899853
314	31400	986	1000	416859893.96791446	2.398887520894687e-09	0	986	0.79845	0.7616632860040567	330.41348628203076
315	31500	986	1000	26859648.054806184	3.723056835029879e-08	0	986	0.7985499999999998	0.7494929006085193	331.0092067837715
316	31600	987	1000	28856008.388180837	3.465482654055384e-08	0	987	0.7974999999999997	0.7649442755825735	331.61842841704686
317	31700	987	1000	5252960447.546818	1.903688424451474e-10	0	987	0.7964999999999995	0.7781155015197568	332.2610589146614
318	31800	989	1000	11351429875.48335	8.809462868388858e-11	0	989	0.7956499999999993	0.7967644084934277	332.83914238611857
319	31900	988	1000	7451264284.10251	1.3420541289876455e-10	0	988	0.7955999999999993	0.7925101214574899	333.4469410339991
320	32000	988	1000	10043588014.926504	9.956601151045439e-11	0	988	0.7956499999999994	0.8157894736842105	333.9746971646945
321	32100	988	1000	28821569.029295225	3.4696236151728235e-08	0	988	0.7962499999999987	0.7894736842105263	334.6260928829511
322	32200	990	1000	36815280.486461446	2.716263354845576e-08	0	990	0.7962499999999979	0.8010101010101011	335.22678791681926
323	32300	991	1000	33120904.572605513	3.0192411188995555e-08	0	991	0.7960999999999974	0.7951564076690212	335.81212473313013
324	32400	992	1000	34149543.46629617	2.928296747814449e-08	0	992	0.7967499999999972	0.7832661290322581	336.40501476923623
325	32500	992	1000	26428062.950398244	3.783856440929079e-08	0	992	0.7967999999999973	0.7963709677419355	336.91493451595306
326	32600	990	1000	28506718.148495108	3.507944898151462e-08	0	990	0.7970499999999974	0.804040404040404	337.5047936002413
327	32700	988	1000	187762279.31797585	5.325883336666437e-09	0	988	0.7955999999999971	0.8016194331983806	338.1720138867696
328	32800	988	1000	193657130124.64215	5.163765461933746e-12	0	988	0.7957999999999973	0.8076923076923077	338.7773006637891
329	32900	986	1000	33286564.917247124	3.004214981161091e-08	0	986	0.7953499999999969	0.7941176470588235	339.4263722697894
330	33000	986	1000	31092915.374423083	3.2161666276586274e-08	0	986	0.795649999999997	0.783975659229209	339.99854906797407
331	33100	986	1000	28632861.120003078	3.492490536953323e-08	0	986	0.795899999999997	0.8154158215010142	340.5436645507813
332	33200	986	1000	35937345.70070519	2.7826205655310027e-08	0	986	0.7957999999999964	0.8062880324543611	341.17925411462784
333	33300	984	1000	33123851.300550647	3.018972524471063e-08	0	984	0.7957999999999964	0.8130081300813008	341.71707338492075
334	33400	986	1000	34307980.16043436	2.9147736654153493e-08	0	986	0.7959999999999964	0.8255578093306288	342.23543055057524
335	33500	984	1000	26967511.366225373	3.708165537924881e-08	0	984	0.7955499999999966	0.8079268292682927	342.83620256582896
336	33600	985	1000	28949004.699040245	3.454350074735566e-08	0	985	0.7953999999999969	0.8030456852791878	343.44189468224846
337	33700	985	1000	578877644.8810545	1.7274807675082967e-09	0	985	0.7949499999999968	0.8060913705583757	344.09401136636734
338	33800	985	1000	30601793.46498399	3.267782224811186e-08	0	985	0.7951499999999967	0.7959390862944162	344.7117937326431
339	33900	986	1000	98703840574.10867	1.0131318033557672e-11	0	986	0.7949999999999967	0.8032454361054767	345.33701978127164
340	34000	984	1000	22094936328.855515	4.525923881702986e-11	0	984	0.7950499999999968	0.8140243902439024	345.8956775983175
341	34100	984	1000	29238075.66074173	3.420197612870721e-08	0	984	0.7951999999999968	0.8130081300813008	346.45009763638177
342	34200	985	1000	40079367.53693257	2.4950492897075316e-08	0	985	0.7959999999999966	0.8131979695431472	347.0682827671369
343	34300	984	1000	34189252.176430665	2.9248957116424482e-08	0	984	0.7961999999999964	0.7967479674796748	347.72681240240735
344	34400	982	1000	35951856.30846076	2.7814974659589125e-08	0	982	0.7959999999999965	0.7983706720977597	348.27472670078276
345	34500	982	1000	28107515.96158352	3.557767131713445e-08	0	982	0.7960499999999966	0.8054989816700611	348.8385996858279
346	34600	983	1000	425575548.14413184	2.3497590545581954e-09	0	983	0.7949999999999966	0.8046795523906409	349.5389474829038
347	34700	983	1000	78480983.39714041	1.2741940072255729e-08	0	983	0.7937499999999971	0.8077314343845371	350.2265536467234
348	34800	984	1000	4559586230.9622	2.1931814623662768e-10	0	984	0.7937999999999966	0.8160569105691057	350.82672506570816
349	34900	984	1000	33638332.32460131	2.9727988909267766e-08	0	984	0.7947499999999965	0.7987804878048781	351.5862717827161
350	35000	984	1000	31290960.84394036	3.195810998036338e-08	0	984	0.7948999999999966	0.7835365853658537	352.2604445656141
351	35100	986	1000	29126126.77533682	3.433343449268157e-08	0	986	0.7942999999999968	0.781947261663286	352.9381176352501
352	35200	987	1000	35924631.88977337	2.783605341405365e-08	0	987	0.7943999999999968	0.7983789260385005	353.56640383402504
353	35300	985	1000	33237065.90903968	3.0086890721636576e-08	0	985	0.7944999999999962	0.7949238578680203	354.4014636516571
354	35400	981	1000	34329910.45426324	2.912911678587553e-08	0	981	0.7949999999999962	0.7889908256880734	355.0634793837865
355	35500	982	1000	26561981.84794311	3.764779179794695e-08	0	982	0.7948999999999959	0.7912423625254582	355.7305827856064
356	35600	981	1000	28749886.26519179	3.478274508612509e-08	0	981	0.7954999999999962	0.7828746177370031	356.48083175023396
357	35700	982	1000	32527831.83078435	3.074290270741922e-08	0	982	0.7939499999999969	0.7861507128309573	357.6394016504288
358	35800	982	1000	30718544.167427886	3.2553625002408655e-08	0	982	0.7929999999999974	0.7647657841140529	358.95054326852164
359	35900	981	1000	33191931.549149327	3.012780284845538e-08	0	981	0.793599999999997	0.7533129459734964	360.4817210872968
360	36000	982	1000	8213580320382397.0	1.2174958556361243e-16	0	982	0.7941999999999968	0.7566191446028513	361.7427486817042
361	36100	979	1000	29601970.56044415	3.3781533704878535e-08	0	979	0.7940999999999967	0.7620020429009193	362.9207344174385
362	36200	981	1000	236261338.1365848	4.232601083420979e-09	0	981	0.7939499999999959	0.7471967380224261	364.36495234966276
363	36300	981	1000	33253842.011809565	3.007171230239062e-08	0	981	0.7942499999999958	0.7747196738022426	365.5554334362348
364	36400	981	1000	34765966.31141043	2.8763761728320822e-08	0	981	0.7949499999999955	0.762487257900102	366.9019035657247
365	36500	979	1000	26688886.406234413	3.746877810149569e-08	0	979	0.7952999999999955	0.7650663942798774	368.229286134243
366	36600	979	1000	28735191.560908474	3.480053240918267e-08	0	979	0.7952499999999957	0.7824310520939735	369.2768773833911
367	36700	980	1000	32516865.967940938	3.0753270325395155e-08	0	980	0.796049999999996	0.7826530612244897	370.4327849348386
368	36800	980	1000	30676360.80282926	3.259838980996015e-08	0	980	0.7956999999999967	0.7928571428571428	371.5403592864672
369	36900	984	1000	33437645.41626409	2.9906411101757435e-08	0	984	0.7946999999999966	0.7967479674796748	372.81125946442285
370	37000	985	1000	31257051.189781282	3.19927801869597e-08	0	985	0.7947499999999967	0.8081218274111676	373.8064575513204
371	37100	984	1000	29346444.968956653	3.407567652511732e-08	0	984	0.7946999999999972	0.7916666666666666	375.12050168514253
372	37200	985	1000	35761926.92250743	2.7962698268586117e-08	0	985	0.7945499999999975	0.8060913705583757	376.1802496671677
373	37300	985	1000	33246696.111102466	3.007817578564994e-08	0	985	0.793999999999997	0.7918781725888325	377.4683040817579
374	37400	985	1000	34444625.71483339	2.9032104434720302e-08	0	985	0.7940499999999971	0.8071065989847716	378.2266053676605
375	37500	987	1000	73281649.96928726	1.36459807710815e-08	0	987	0.7950499999999964	0.795339412360689	379.19862330357233
376	37600	987	1000	29988175.903991982	3.3346475285961164e-08	0	987	0.7950999999999961	0.7983789260385005	379.97210595210396
377	37700	987	1000	70169660.61855932	1.425117318416009e-08	0	987	0.7955999999999964	0.8156028368794326	380.7457867304484
378	37800	987	1000	30532347.799305413	3.27521477817897e-08	0	987	0.7961499999999968	0.8237082066869301	381.51494172016777
379	37900	987	1000	33682565.57486684	2.9688948963472908e-08	0	987	0.7961499999999968	0.8652482269503546	382.20948135058086
380	38000	986	1000	31320782.17175817	3.192768183720566e-08	0	986	0.7960499999999981	0.8306288032454361	383.2722219824791
381	38100	986	1000	29110192.076473366	3.4352228354273345e-08	0	986	0.7958499999999983	0.8367139959432048	384.2073755025864
382	38200	986	1000	717832462824.6237	1.3930827202543508e-12	0	986	0.7960999999999988	0.8225152129817445	385.21119311650597
383	38300	988	1000	4398607664.651894	2.2734466813415956e-10	0	988	0.7957999999999993	0.8259109311740891	386.1444011847178
384	38400	988	1000	4190188583.718647	2.386527431359383e-10	0	988	0.7961499999999991	0.8026315789473685	387.06945491631825
385	38500	988	1000	418418771.68702835	2.389950129575058e-09	0	988	0.796599999999999	0.8137651821862348	387.82010326782864
386	38600	988	1000	1623576066.0916066	6.159243291824018e-10	0	988	0.796849999999999	0.8046558704453441	388.6094255169233
387	38700	989	1000	32464707.934846684	3.080267874900393e-08	0	989	0.7977999999999996	0.7795753286147624	389.51467785040535
388	38800	989	1000	30418954.354155213	3.287423872244845e-08	0	989	0.7978999999999996	0.7856420626895855	390.19673683245975
389	38900	987	1000	33358455.848014	2.9977405866109034e-08	0	987	0.7985999999999998	0.7801418439716312	390.8915456652641
390	39000	987	1000	30995211.813207354	3.226304674939643e-08	0	987	0.7977000000000004	0.7801418439716312	391.81733001470565
391	39100	987	1000	31264895.05710715	3.198475370503205e-08	0	987	0.7974500000000008	0.7852077001013171	392.5702908356985
392	39200	989	1000	36149676.26179257	2.766276425535127e-08	0	989	0.797500000000001	0.7957532861476239	393.35858000119526
393	39300	989	1000	33601034.39394594	2.9760987668260212e-08	0	989	0.7962500000000015	0.7876643073811931	394.21186341842014
394	39400	989	1000	34226406.45507737	2.9217206080203236e-08	0	989	0.7962500000000012	0.8038422649140546	394.88672826687497
395	39500	986	1000	26613578.75442084	3.7574802383880275e-08	0	986	0.7959000000000014	0.8073022312373225	395.58396949768064
396	39600	987	1000	28736422.65887054	3.479904151856119e-08	0	987	0.795950000000001	0.8105369807497467	396.25188898245494
397	39700	989	1000	32517722.98445372	3.0752459811704117e-08	0	989	0.7962000000000016	0.8291203235591507	397.0512025197347
398	39800	989	1000	30988528.51337151	3.227000492451574e-08	0	989	0.7972500000000018	0.8200202224469161	397.78228256702425
399	39900	987	1000	33965903.569642164	2.9441288629591623e-08	0	987	0.7985000000000024	0.8085106382978723	398.49185345172884
400	40000	987	1000	30872567.293663785	3.239121509062263e-08	0	987	0.7974500000000024	0.8115501519756839	399.2568951646487
401	40100	988	1000	29408267.28444072	3.40040423437336e-08	0	988	0.7967000000000027	0.7955465587044535	400.0656999349594
402	40200	988	1000	36100267.716557585	2.7700624830566554e-08	0	988	0.796150000000003	0.7995951417004049	400.7976958990097
403	40300	986	1000	33044283.05193584	3.0262419921953694e-08	0	986	0.7960000000000031	0.8265720081135902	401.4509662826856
404	40400	986	1000	34146589.5838932	2.9285500628332003e-08	0	986	0.7948000000000034	0.808316430020284	402.3338128646215
405	40500	986	1000	26596811.171164423	3.7598490885466876e-08	0	986	0.7943500000000032	0.8093306288032455	403.0440606355667
406	40600	986	1000	28782789.554786656	3.4742982897942026e-08	0	986	0.7951000000000025	0.7941176470588235	403.90331630309424
407	40700	986	1000	32481248.724174578	3.078699275710865e-08	0	986	0.795050000000002	0.7961460446247465	404.69157429933546
408	40800	987	1000	30624587.50651107	3.265349997396343e-08	0	987	0.7949500000000019	0.8034447821681864	405.3978147188822
409	40900	987	1000	33338390.753493786	2.999544811261636e-08	0	987	0.7964000000000024	0.7983789260385005	406.18484431505203
410	41000	987	1000	31219044.315997522	3.2031729025601294e-08	0	987	0.7970000000000026	0.8156028368794326	406.87170205116274
411	41100	988	1000	29464006.837437708	3.3939714023880175e-08	0	988	0.7967500000000026	0.8340080971659919	407.58866564830146
412	41200	986	1000	247389809.5761254	4.042203669064557e-09	0	986	0.7962500000000027	0.8296146044624746	408.35091036955515
413	41300	985	1000	87033862.25810936	1.1489780673464764e-08	0	985	0.7956500000000027	0.8192893401015229	409.11435925165813
414	41400	983	1000	34918590.33731727	2.8638039557205918e-08	0	983	0.7953500000000027	0.8413021363173957	409.81477896769843
415	41500	983	1000	26676308.377080318	3.748644484004888e-08	0	983	0.795000000000002	0.8290946083418108	410.6228820681572
416	41600	981	1000	28866279.433310896	3.464249584598463e-08	0	981	0.7950500000000017	0.8440366972477065	411.3598521987597
417	41700	982	1000	32513469.645727083	3.075648277897456e-08	0	982	0.7956500000000011	0.8319755600814664	412.1923634648323
418	41800	981	1000	30635398.3236766	3.26419769964333e-08	0	981	0.7960500000000013	0.8399592252803262	412.8627773006757
419	41900	980	1000	33442886.43342663	2.990172430507559e-08	0	980	0.7960000000000016	0.8561224489795919	413.5486489335696
420	42000	980	1000	31330674.837734118	3.1917600666488576e-08	0	980	0.7966000000000019	0.8408163265306122	414.3056402643522
421	42100	980	1000	29574282.30234134	3.3813160906618894e-08	0	980	0.7966000000000022	0.8418367346938775	415.0214335680008
422	42200	980	1000	36005745.61962331	2.7773344365396246e-08	0	980	0.7960000000000018	0.8428571428571429	415.7641852180163
423	42300	980	1000	33183369.8906544	3.013557613827699e-08	0	980	0.7960500000000019	0.8448979591836735	416.48209220170975
424	42400	982	1000	34074611.27038363	2.9347362548543573e-08	0	982	0.7956000000000018	0.8360488798370672	417.21526875098544
425	42500	982	1000	26707792.424634397	3.7442254554718575e-08	0	982	0.7950000000000018	0.8421588594704684	417.95319043397905
426	42600	982	1000	28955194.79090899	3.4536115977981686e-08	0	982	0.7946000000000016	0.840122199592668	418.699374683698
427	42700	985	1000	32522412.08993398	3.0748025899391524e-08	0	985	0.7951500000000011	0.8467005076142132	419.472637116909
428	42800	985	1000	30681412.90086666	3.259302205664495e-08	0	985	0.7955000000000009	0.8385786802030457	420.22422235012056
429	42900	986	1000	33522917.66295365	2.983033816518802e-08	0	986	0.795350000000001	0.8367139959432048	420.9827475865682
430	43000	984	1000	31254731.038370676	3.199515512634452e-08	0	984	0.7953000000000016	0.8384146341463414	421.7645823319753
431	43100	982	1000	29436109.061284788	3.3971880045224746e-08	0	982	0.7957500000000025	0.8258655804480651	422.64310453335446
432	43200	984	1000	36323417.372933164	2.7530448531384978e-08	0	984	0.7953500000000026	0.8282520325203252	423.4248153209686
433	43300	984	1000	32766080.486315243	3.0519364984722084e-08	0	984	0.7949000000000023	0.8282520325203252	424.19613622029624
434	43400	984	1000	653717748603.6722	1.5297121764468685e-12	0	984	0.7946500000000019	0.8262195121951219	424.9682865341504
435	43500	984	1000	26662735.418405317	3.750552772631765e-08	0	984	0.7943000000000018	0.8272357723577236	425.7372319499652
436	43600	984	1000	28976074.63428759	3.451122963030553e-08	0	984	0.7936500000000013	0.8252032520325203	426.54539908568063
437	43700	984	1000	32461367.41931627	3.080584857306712e-08	0	984	0.7936500000000011	0.8353658536585366	427.2662070830663
438	43800	983	1000	30255785.61191747	3.305152871504287e-08	0	983	0.7942500000000001	0.8290946083418108	428.2190966685613
439	43900	981	1000	33471399.054704778	2.987625251305969e-08	0	981	0.7939500000000004	0.8205912334352702	429.11076096693677
440	44000	983	1000	31010723.588884525	3.224690855364404e-08	0	983	0.793350000000001	0.8199389623601221	430.03987170060475
441	44100	982	1000	38151927.908149704	2.6210994532084803e-08	0	982	0.7934000000000013	0.8411405295315683	430.8098092993101
442	44200	981	1000	170859899.7167117	5.852748338289246e-09	0	981	0.7934000000000013	0.8409785932721713	431.60833348433175
443	44300	981	1000	33128812.326518714	3.018520434595607e-08	0	981	0.7929500000000013	0.8419979612640163	432.37846360206606
444	44400	981	1000	34067729.60969693	2.9353290697777303e-08	0	981	0.7930500000000013	0.8491335372069317	433.1125812013944
445	44500	984	1000	26699539.99315262	3.745382739937217e-08	0	984	0.7924500000000003	0.8079268292682927	434.19191531737647
446	44600	985	1000	28692896.62377186	3.485183034185809e-08	0	985	0.7923000000000002	0.8152284263959391	434.92595210075376
447	44700	986	1000	32499441.960326605	3.076975815310868e-08	0	986	0.7923499999999999	0.8154158215010142	435.69140044848126
448	44800	986	1000	30587089.313437108	3.269353147856282e-08	0	986	0.7926499999999986	0.8113590263691683	436.67753825187685
449	44900	985	1000	33437190.14071648	2.990681830275808e-08	0	985	0.7915499999999993	0.7979695431472081	437.71037960449854
450	45000	985	1000	10620658914.810822	9.415611667100188e-11	0	985	0.7911999999999995	0.8101522842639594	438.61433673699696
451	45100	986	1000	29453827.044664215	3.3951444222584085e-08	0	986	0.7908999999999993	0.7991886409736308	439.5145222345988
452	45200	988	1000	47077459.80022597	2.1241587439125435e-08	0	988	0.7903999999999992	0.7763157894736842	440.5135524829229
453	45300	986	1000	33982604.02210275	2.9426819967144553e-08	0	986	0.7901499999999991	0.7768762677484787	441.39453613360723
454	45400	986	1000	34358947.48537967	2.9104499528718618e-08	0	986	0.7901499999999997	0.7667342799188641	442.2910324851672
455	45500	986	1000	26889804.799231153	3.718881450711676e-08	0	986	0.7898499999999998	0.8032454361054767	443.11446213324865
456	45600	984	1000	28934395.36220072	3.456094219080992e-08	0	984	0.7894999999999998	0.8048780487804879	443.9143424193064
457	45700	986	1000	32517410.293350346	3.07527555308345e-08	0	986	0.7882500000000006	0.7758620689655172	444.92006863355635
458	45800	987	1000	30645576.8248153	3.2631135419161476e-08	0	987	0.787800000000001	0.7821681864235056	445.852361035347
459	45900	984	1000	33582312.02416911	2.977757962294921e-08	0	984	0.7873000000000009	0.7896341463414634	446.8627748847008
460	46000	984	1000	31559081.273341905	3.1686599481528786e-08	0	984	0.7864500000000008	0.7794715447154471	447.84422463178635
461	46100	982	1000	29517381.042286314	3.387834322730281e-08	0	982	0.7865000000000006	0.7932790224032586	448.6621274511019
462	46200	984	1000	36063543.487973385	2.772883293081422e-08	0	984	0.7856500000000008	0.8079268292682927	449.5584788997968
463	46300	985	1000	33010972.381219327	3.029295708586776e-08	0	985	0.7846000000000011	0.7979695431472081	450.5340231180191
464	46400	987	1000	34393632.07211106	2.90751488190666e-08	0	987	0.7842500000000009	0.8014184397163121	451.39413350025814
465	46500	985	1000	26483686.869288538	3.7759091744909024e-08	0	985	0.7835500000000011	0.7817258883248731	452.40661309957505
466	46600	989	1000	29391707.950649984	3.402320027321465e-08	0	989	0.7830000000000013	0.7785642062689585	453.28943806886673
467	46700	987	1000	32600331.474526625	3.0674533788309796e-08	0	987	0.7825500000000017	0.7892603850050659	454.21774617036186
468	46800	987	1000	31058015.57707346	3.2197806241696205e-08	0	987	0.782700000000002	0.7872340425531915	455.22498705387113
469	46900	988	1000	33655506.764844105	2.9712818685938257e-08	0	988	0.7826000000000021	0.8026315789473685	456.0449348171552
470	47000	989	1000	31655759.58892688	3.158982698238493e-08	0	989	0.781750000000002	0.7805864509605662	457.2427580157916
471	47100	989	1000	29600799.300682522	3.3782870390059774e-08	0	989	0.781300000000002	0.7735085945399394	458.1917189995448
472	47200	988	1000	36094211.97696332	2.7705272328232715e-08	0	988	0.7809500000000017	0.7834008097165992	459.0820296843847
473	47300	989	1000	33071735.752791	3.023729922244279e-08	0	989	0.7811500000000017	0.7967644084934277	459.9577680826187
474	47400	991	1000	35013451.59656185	2.8560451079257323e-08	0	991	0.7813000000000011	0.7820383451059536	460.96677769819894
475	47500	992	1000	28434357.6415344	3.5168720089901674e-08	0	992	0.781100000000001	0.8004032258064516	461.8147602995237
476	47600	988	1000	29219155.098299723	3.422412326474379e-08	0	988	0.780800000000001	0.7995951417004049	462.77775891621906
477	47700	988	1000	33090837.81995067	3.02198443938234e-08	0	988	0.780800000000001	0.812753036437247	463.561565832297
478	47800	988	1000	31255436.694545206	3.1994432769518475e-08	0	988	0.7808500000000012	0.8380566801619433	464.3766203681628
479	47900	988	1000	33819112.59435998	2.9569077770470314e-08	0	988	0.7801000000000015	0.8228744939271255	465.30715693235396
480	48000	988	1000	31273932.836550772	3.197551050745239e-08	0	988	0.7806500000000017	0.8461538461538461	466.2228983004888
481	48100	986	1000	29612223.54723598	3.3769837129420945e-08	0	986	0.7808500000000015	0.8367139959432048	467.1571533004443
482	48200	987	1000	43318086.93610043	2.3085044784874264e-08	0	987	0.7807000000000015	0.8368794326241135	468.06911115249
483	48300	987	1000	33101818.058956712	3.0209820137646466e-08	0	987	0.7805500000000013	0.8389057750759878	468.9315913995107
484	48400	985	1000	34392518.325825356	2.9076090370881893e-08	0	985	0.7801000000000012	0.8477157360406091	469.87570966879525
485	48500	986	1000	26630147.357497286	3.755142429458025e-08	0	986	0.7802500000000006	0.8387423935091278	470.80117906332015
486	48600	987	1000	28805344.13644652	3.4715779146653257e-08	0	987	0.7802500000000004	0.8571428571428571	471.5605452020963
487	48700	988	1000	465505055.73560256	2.1482043761513418e-09	0	988	0.7798500000000006	0.8441295546558705	472.4535186648369
488	48800	989	1000	30198736.498416588	3.311396710052641e-08	0	989	0.7799000000000007	0.8432760364004045	473.2505578160286
489	48900	989	1000	33717847.151274785	2.9657883133986192e-08	0	989	0.7797000000000008	0.8574317492416582	474.0290322303772
490	49000	990	1000	31625650.05605999	3.161990240856666e-08	0	990	0.7806500000000011	0.8535353535353535	474.8524367173513
491	49100	990	1000	29219336.067969598	3.422391129798101e-08	0	990	0.7815000000000015	0.8444444444444444	475.76076495250067
492	49200	990	1000	36023434.609103024	2.7759706510261413e-08	0	990	0.7812500000000014	0.8424242424242424	476.6508974194527
493	49300	990	1000	32986476.342903357	3.0315452893157685e-08	0	990	0.7807000000000014	0.8424242424242424	477.51269853512446
494	49400	988	1000	34294319.877884164	2.915934692396499e-08	0	988	0.7806000000000015	0.8502024291497976	478.39855496883393
495	49500	986	1000	26601684.05515379	3.7591603611826866e-08	0	986	0.7801500000000012	0.859026369168357	479.28825622002284
496	49600	987	1000	28864827.383616384	3.46442385421421e-08	0	987	0.780100000000001	0.8520770010131712	480.0855159521103
497	49700	985	1000	32515214.50973817	3.075483229383807e-08	0	985	0.7800000000000008	0.8426395939086294	481.0078329205513
498	49800	984	1000	30520137.64515182	3.2765250893080454e-08	0	984	0.7798000000000008	0.8414634146341463	481.74851938486097
499	49900	983	1000	33526546.403683428	2.9827109483099773e-08	0	983	0.7796500000000012	0.832146490335707	482.58337013324103
500	50000	981	1000	31596660.029343903	3.164891375931455e-08	0	981	0.7794000000000014	0.8460754332313966	483.33356966574985
