Epoch	Explore_Iteration	MacroPopSize	MicroPopSize	RMSE	Accuracy_Estimate	RuleCount	TreeCount	AveGenerality	ExpRules	Time(min)
1	100	1000	1000	0	0.5	0	1000	0.8688499999999996	0.0	0.11444434722264608
2	200	1000	1000	0	0.5	0	1000	0.8689999999999998	0.0	0.23576029936472576
3	300	998	1000	0	0.5	0	998	0.8680999999999993	0.0	0.3632352153460185
4	400	996	1000	0	0.5	0	996	0.8671999999999995	0.0	0.48581295013427733
5	500	996	1000	0	0.51	0	996	0.8662999999999995	0.0	0.6007063309351603
6	600	996	1000	0	0.5	0	996	0.8654499999999995	0.0	0.7155019998550415
7	700	996	1000	0	0.5264423076923077	0	996	0.8652999999999993	0.0	0.833021632830302
8	800	995	1000	0	0.5213365539452496	0	995	0.865449999999999	0.0	0.9697210152943929
9	900	994	1000	0	0.5112199102407181	0	994	0.8651999999999987	0.0	1.1017652829488118
10	1000	994	1000	0	0.48479391756702683	0	994	0.8654999999999983	0.0	1.225903566678365
11	1100	994	1000	0	0.4965986394557823	0	994	0.8652999999999984	0.0	1.3576766808827718
12	1200	994	1000	0	0.4689954526663911	0	994	0.865349999999998	0.0	1.4992207686106365
13	1300	994	1000	0	0.5787878787878787	0	994	0.8650499999999981	0.0	1.6373870174090068
14	1400	993	1000	0	0.5869565217391304	0	993	0.8645499999999983	0.0	1.781225848197937
15	1500	991	1000	0	0.53	0	991	0.8646499999999985	0.0	1.9223100185394286
16	1600	986	1000	0	0.6420454545454546	0	986	0.8641499999999986	0.0	2.0626853466033936
17	1700	983	1000	0	0.601018675721562	0	983	0.8642999999999985	0.8341810783316378	2.1788188656171164
18	1800	979	1000	0	0.6073717948717948	0	979	0.8639999999999983	0.832482124616956	2.297543299198151
19	1900	975	1000	0	0.6503412284223203	0	975	0.8637999999999982	0.8338461538461538	2.415232519308726
20	2000	971	1000	0	0.6356682769726247	0	971	0.8640499999999983	0.8383110195674562	2.5304336309432984
21	2100	969	1000	0	0.66	0	969	0.8640499999999983	0.8410732714138287	2.6441739161809283
22	2200	966	1000	0	0.5713141025641025	0	966	0.8636999999999982	0.8302277432712215	2.7644896308581033
23	2300	964	1000	0	0.6690705128205128	0	964	0.8634999999999983	0.8350622406639004	2.8782810012499493
24	2400	963	1000	0	0.6662640901771336	0	963	0.8631999999999981	0.8369678089304258	2.993128232161204
25	2500	960	1000	0	0.5995512035903713	0	960	0.8631999999999983	0.8364583333333333	3.1056496302286782
26	2600	959	1000	0	0.5466186474589836	0	959	0.8635999999999985	0.8435870698644421	3.2187740524609882
27	2700	957	1000	0	0.5878351340536214	0	957	0.8644499999999985	0.8411703239289446	3.333342699209849
28	2800	957	1000	0	0.5603555188094254	0	957	0.8643499999999984	0.8401253918495298	3.4468377312024434
29	2900	956	1000	0	0.5272727272727272	0	956	0.8644999999999985	0.8315899581589958	3.5653156836827598
30	3000	954	1000	0	0.5740740740740741	0	954	0.8644999999999986	0.8333333333333334	3.682163918018341
31	3100	950	1000	0	0.53	0	950	0.8648499999999987	0.8421052631578947	3.7950897336006166
32	3200	951	1000	0	0.5795454545454546	0	951	0.8648499999999987	0.8412197686645636	3.912799831231435
33	3300	945	1000	0	0.5921052631578947	0	945	0.8649499999999989	0.8423280423280424	4.029613169034322
34	3400	940	1000	0	0.5769230769230769	0	940	0.8649499999999988	0.8489361702127659	4.14264398018519
35	3500	941	1000	0	0.5863107185869129	0	941	0.8648999999999989	0.8459086078639745	4.258235883712769
36	3600	939	1000	0	0.5543478260869565	0	939	0.8647999999999988	0.8413205537806177	4.376953097184499
37	3700	937	1000	0	0.58	0	937	0.864549999999999	0.8292422625400213	4.498239731788635
38	3800	933	1000	0	0.5576923076923077	0	933	0.8640999999999991	0.842443729903537	4.609964716434479
39	3900	929	1000	0	0.5208333333333334	0	929	0.8641499999999991	0.8406889128094726	4.72654629945755
40	4000	928	1000	0	0.5978260869565217	0	928	0.8635999999999994	0.8297413793103449	4.847408298651377
41	4100	927	1000	0	0.5701754385964912	0	927	0.8629999999999997	0.8187702265372169	4.986603685220083
42	4200	925	1000	0	0.5388155262104842	0	925	0.8627	0.8118918918918919	5.1525850335756935
43	4300	920	1000	0	0.5882352941176471	0	920	0.8624000000000007	0.816304347826087	5.28537681500117
44	4400	916	1000	0	0.5810252170318313	0	916	0.8617500000000008	0.8187772925764192	5.434646650155385
45	4500	916	1000	0	0.5545454545454546	0	916	0.8617000000000012	0.824235807860262	5.56247653166453
46	4600	917	1000	0	0.5740740740740741	0	917	0.8617000000000015	0.8200654307524536	5.689818783601125
47	4700	915	1000	0	0.5700000000000001	0	915	0.8618500000000014	0.8142076502732241	5.817978382110596
48	4800	912	1000	0	0.5681818181818181	0	912	0.8620500000000014	0.819078947368421	5.965166584650675
49	4900	911	1000	0	0.5526315789473684	0	911	0.8620000000000017	0.8133918770581778	6.104216798146566
50	5000	910	1000	0	0.5769230769230769	0	910	0.8616000000000019	0.8	6.239209401607513
51	5100	906	1000	0	0.5851063829787234	0	906	0.8610000000000017	0.7958057395143487	6.365457797050476
52	5200	905	1000	0	0.5652173913043478	0	905	0.8606500000000019	0.7966850828729282	6.492263050874074
53	5300	904	1000	0	0.56	0	904	0.859750000000002	0.7964601769911505	6.625834914048513
54	5400	904	1000	0	0.5769230769230769	0	904	0.8597500000000021	0.7876106194690266	6.7674176295598345
55	5500	902	1000	0	0.5208333333333334	0	902	0.8598500000000023	0.7838137472283814	6.9044006824493405
56	5600	899	1000	0	0.6086956521739131	0	899	0.8593000000000027	0.7897664071190211	7.031182813644409
57	5700	898	1000	0	0.5789473684210527	0	898	0.8588000000000029	0.7861915367483296	7.1663491527239485
58	5800	896	1000	0	0.5588235294117647	0	896	0.8588000000000032	0.7868303571428571	7.309365483125051
59	5900	894	1000	0	0.607843137254902	0	894	0.8584500000000036	0.7762863534675615	7.457882301012675
60	6000	893	1000	0	0.5932203389830508	0	893	0.8584000000000036	0.7648376259798432	7.617083815733592
61	6100	895	1000	0	0.6181818181818182	0	895	0.8577500000000038	0.7653631284916201	7.747688563664754
62	6200	892	1000	0	0.6481481481481481	0	892	0.8567500000000037	0.7679372197309418	7.898985767364502
63	6300	889	1000	0	0.61	0	889	0.8563500000000037	0.7716535433070866	8.03692581653595
64	6400	883	1000	0	0.6818181818181819	0	883	0.8557500000000037	0.7746319365798414	8.166534614562988
65	6500	876	1000	0	0.6842105263157895	0	876	0.8551000000000034	0.773972602739726	8.30177606344223
66	6600	873	1000	0	0.6923076923076923	0	873	0.8546000000000037	0.7754868270332188	8.442335498332977
67	6700	868	1000	0	0.6914893617021276	0	868	0.8545000000000038	0.782258064516129	8.57976030111313
68	6800	867	1000	0	0.7608695652173914	0	867	0.8543500000000038	0.7843137254901961	8.709350430965424
69	6900	861	1000	0	0.75	0	861	0.8539500000000037	0.7921022067363531	8.850969167550405
70	7000	856	1000	0	0.6826923076923077	0	856	0.8538000000000039	0.794392523364486	8.985673264662426
71	7100	848	1000	0	0.7604166666666667	0	848	0.8533500000000038	0.7983490566037735	9.129833968480428
72	7200	844	1000	0	0.7391304347826086	0	844	0.8531500000000037	0.7985781990521327	9.262140381336213
73	7300	840	1000	0	0.7017543859649122	0	840	0.8527500000000038	0.805952380952381	9.395855033397675
74	7400	838	1000	0	0.7254901960784313	0	838	0.852550000000004	0.8042959427207638	9.519711164633433
75	7500	833	1000	0	0.7745098039215687	0	833	0.8520000000000038	0.8127250900360145	9.653947814305623
76	7600	831	1000	0	0.728813559322034	0	831	0.852150000000004	0.8206979542719615	9.782211414972942
77	7700	827	1000	0	0.7454545454545455	0	827	0.8521500000000038	0.8307134220072552	9.911114100615183
78	7800	826	1000	0	0.8425925925925926	0	826	0.8519500000000038	0.8486682808716707	10.032177964846293
79	7900	823	1000	0	0.81	0	823	0.8522000000000038	0.8541919805589308	10.164757319291432
80	8000	820	1000	0	0.8181818181818181	0	820	0.852100000000004	0.8548780487804878	10.294773948192596
81	8100	819	1000	0	0.881578947368421	0	819	0.8523000000000039	0.8522588522588522	10.424471664428712
82	8200	814	1000	0	0.8365384615384616	0	814	0.8528500000000039	0.8513513513513513	10.560199697812399
83	8300	813	1000	0	0.851063829787234	0	813	0.8530000000000039	0.8536285362853628	10.690415664513905
84	8400	816	1000	0	0.8369565217391304	0	816	0.8533500000000038	0.8504901960784313	10.816520229975383
85	8500	811	1000	0	0.8400000000000001	0	811	0.8536500000000036	0.840937114673243	10.948238297303517
86	8600	805	1000	0	0.8269230769230769	0	805	0.8542000000000038	0.8422360248447205	11.084790098667145
87	8700	806	1000	0	0.84375	0	806	0.8543500000000036	0.8399503722084367	11.213355616728466
88	8800	800	1000	0	0.8478260869565217	0	800	0.8544000000000035	0.8325	11.344446317354839
89	8900	799	1000	0	0.763157894736842	0	799	0.8544000000000034	0.8397997496871089	11.470014850298563
90	9000	796	1000	0	0.7450980392156863	0	796	0.8543000000000034	0.8417085427135679	11.598468848069508
91	9100	795	1000	0	0.8235294117647058	0	795	0.8547000000000033	0.8528301886792453	11.724992247422536
92	9200	790	1000	0	0.788135593220339	0	790	0.8546000000000036	0.8544303797468354	11.862518115838368
93	9300	789	1000	0	0.7818181818181817	0	789	0.8546500000000035	0.8580481622306717	11.99828381538391
94	9400	789	1000	0	0.8518518518518519	0	789	0.8546500000000038	0.8555133079847909	12.121677466233571
95	9500	788	1000	0	0.87	0	788	0.8547000000000037	0.8578680203045685	12.259255297978719
96	9600	786	1000	0	0.8181818181818181	0	786	0.8550500000000039	0.861323155216285	12.38494838476181
97	9700	782	1000	0	0.9078947368421053	0	782	0.8551500000000037	0.8631713554987213	12.510554913679758
98	9800	782	1000	0	0.8846153846153846	0	782	0.8555500000000036	0.8644501278772379	12.64043821891149
99	9900	776	1000	0	0.8936170212765957	0	776	0.8556000000000036	0.8762886597938144	12.76615918080012
100	10000	774	1000	0	0.8369565217391304	0	774	0.8558000000000036	0.8695090439276486	12.891312249501546
101	10100	769	1000	0	0.87	0	769	0.8561500000000035	0.881664499349805	15.286640485127768
102	10200	764	1000	0	0.8365384615384616	0	764	0.8567500000000033	0.8795811518324608	15.413146567344665
103	10300	759	1000	0	0.8958333333333333	0	759	0.8573000000000035	0.8840579710144928	15.534140463670095
104	10400	762	1000	0	0.8586956521739131	0	762	0.8582500000000027	0.8569553805774278	15.671135433514912
105	10500	759	1000	0	0.7543859649122807	0	759	0.8582000000000027	0.8656126482213439	15.789036663373311
106	10600	758	1000	0	0.7941176470588236	0	758	0.8585000000000025	0.8614775725593667	15.911505881945292
107	10700	756	1000	0	0.8333333333333333	0	756	0.8583000000000026	0.8677248677248677	16.02760399977366
108	10800	750	1000	0	0.7966101694915254	0	750	0.8587500000000025	0.8706666666666667	16.14988669951757
109	10900	748	1000	0	0.7909090909090909	0	748	0.8594000000000025	0.8689839572192514	16.272504464785257
110	11000	747	1000	0	0.8703703703703703	0	747	0.859650000000002	0.8634538152610441	16.39598106543223
111	11100	746	1000	0	0.86	0	746	0.8599500000000021	0.868632707774799	16.517369584242502
112	11200	744	1000	0	0.8068181818181819	0	744	0.8599500000000019	0.8696236559139785	16.63552343050639
113	11300	741	1000	0	0.9078947368421053	0	741	0.860300000000002	0.8704453441295547	16.75917633374532
114	11400	735	1000	0	0.8461538461538461	0	735	0.860850000000002	0.8693877551020408	16.880024615923563
115	11500	731	1000	0	0.8617021276595744	0	731	0.8610500000000019	0.8632010943912448	16.999599468708038
116	11600	734	1000	0	0.8260869565217391	0	734	0.861050000000002	0.8664850136239782	17.118632765611014
117	11700	730	1000	0	0.8400000000000001	0	730	0.8616000000000018	0.8616438356164383	17.24104966719945
118	11800	724	1000	0	0.7884615384615384	0	724	0.8621000000000019	0.8687845303867403	17.3622883160909
119	11900	724	1000	0	0.8854166666666667	0	724	0.8628000000000018	0.8577348066298343	17.490323030948637
120	12000	722	1000	0	0.8478260869565217	0	722	0.8628500000000016	0.8864265927977839	17.606899615128835
121	12100	717	1000	0	0.7456140350877193	0	717	0.8634000000000014	0.8828451882845189	17.72741108338038
122	12200	720	1000	0	0.7843137254901961	0	720	0.8638500000000018	0.8763888888888889	17.847292482852936
123	12300	715	1000	0	0.8529411764705883	0	715	0.8644000000000017	0.8741258741258742	17.96864854892095
124	12400	718	1000	0	0.7542372881355932	0	718	0.8645500000000017	0.8704735376044568	18.092857015132903
125	12500	718	1000	0	0.7818181818181817	0	718	0.8645000000000015	0.8732590529247911	18.214506284395853
126	12600	717	1000	0	0.8703703703703703	0	717	0.8645500000000016	0.8786610878661087	18.333066733678184
127	12700	715	1000	0	0.86	0	715	0.8650500000000013	0.8657342657342657	18.455462551116945
128	12800	711	1000	0	0.8295454545454546	0	711	0.865050000000001	0.8677918424753868	18.572840352853138
129	12900	710	1000	0	0.9342105263157895	0	710	0.8652500000000007	0.8718309859154929	18.69089814821879
130	13000	708	1000	0	0.8653846153846154	0	708	0.8656500000000014	0.8686440677966102	18.81341014703115
131	13100	707	1000	0	0.8829787234042553	0	707	0.8657500000000011	0.8628005657708628	18.936640580495197
132	13200	704	1000	0	0.8695652173913043	0	704	0.8659000000000009	0.859375	19.052858082453408
133	13300	704	1000	0	0.89	0	704	0.8663000000000011	0.8551136363636364	19.17675129969915
134	13400	703	1000	0	0.8365384615384616	0	703	0.8665500000000009	0.8492176386913229	19.298910613854726
135	13500	704	1000	0	0.9166666666666667	0	704	0.8667500000000007	0.8565340909090909	19.412319449583688
136	13600	706	1000	0	0.8586956521739131	0	706	0.8672500000000003	0.8484419263456091	19.527076148986815
137	13700	704	1000	0	0.8157894736842105	0	704	0.8674500000000005	0.8536931818181818	19.644054130713144
138	13800	704	1000	0	0.8333333333333333	0	704	0.8677500000000001	0.8494318181818182	19.758392298221587
139	13900	701	1000	0	0.8627450980392157	0	701	0.8679499999999998	0.8487874465049928	19.87653924624125
140	14000	697	1000	0	0.8389830508474576	0	697	0.8678999999999999	0.8536585365853658	19.994549135367077
141	14100	699	1000	0	0.8272727272727273	0	699	0.8682499999999999	0.8512160228898427	20.114916598796846
142	14200	696	1000	0	0.8703703703703703	0	696	0.8681999999999999	0.8577586206896551	20.232928518454234
143	14300	691	1000	0	0.88	0	691	0.8687499999999996	0.8639652677279306	20.35144591331482
144	14400	692	1000	0	0.8409090909090908	0	692	0.8692999999999992	0.8511560693641619	20.479879717032116
145	14500	695	1000	0	0.9473684210526316	0	695	0.8694499999999991	0.8402877697841726	20.59616106748581
146	14600	700	1000	0	0.8846153846153846	0	700	0.8701999999999988	0.8371428571428572	20.717221983273824
147	14700	700	1000	0	0.8936170212765957	0	700	0.8702499999999987	0.84	20.834987397988638
148	14800	704	1000	0	0.8804347826086957	0	704	0.8703499999999985	0.8366477272727273	20.95521366596222
149	14900	703	1000	0	0.9	0	703	0.8703499999999984	0.8506401137980085	21.06645280122757
150	15000	705	1000	0	0.8461538461538461	0	705	0.8705999999999982	0.851063829787234	21.18084226846695
151	15100	703	1000	0	0.9270833333333333	0	703	0.8710999999999979	0.8506401137980085	21.301432168483736
152	15200	702	1000	0	0.8695652173913043	0	702	0.8711999999999978	0.8589743589743589	21.413554680347442
153	15300	705	1000	0	0.8333333333333333	0	705	0.8716499999999975	0.851063829787234	21.53358794848124
154	15400	700	1000	0	0.8333333333333333	0	700	0.8720999999999973	0.8471428571428572	21.66400210062663
155	15500	704	1000	0	0.8627450980392157	0	704	0.8721999999999974	0.8451704545454546	21.801348479588828
156	15600	701	1000	0	0.8389830508474576	0	701	0.8722499999999975	0.8502139800285307	21.913708500067393
157	15700	700	1000	0	0.8272727272727273	0	700	0.8721999999999974	0.8571428571428571	22.025493117173514
158	15800	700	1000	0	0.8703703703703703	0	700	0.8721999999999972	0.8585714285714285	22.13863956530889
159	15900	698	1000	0	0.87	0	698	0.8723999999999973	0.8638968481375359	22.251051215330758
160	16000	694	1000	0	0.8409090909090908	0	694	0.8727999999999971	0.8688760806916427	22.37512501478195
161	16100	692	1000	0	0.9473684210526316	0	692	0.8728999999999972	0.8728323699421965	22.48717844883601
162	16200	692	1000	0	0.8846153846153846	0	692	0.8730499999999971	0.8786127167630058	22.59337224960327
163	16300	692	1000	0	0.8936170212765957	0	692	0.8732499999999972	0.8815028901734104	22.695414733886718
164	16400	698	1000	0	0.8804347826086957	0	698	0.8733499999999972	0.8782234957020058	22.800384616851808
165	16500	698	1000	0	0.9	0	698	0.873749999999997	0.8653295128939829	22.909476999441782
166	16600	700	1000	0	0.8461538461538461	0	700	0.873649999999997	0.8671428571428571	23.012499650319416
167	16700	697	1000	0	0.9270833333333333	0	697	0.8740499999999967	0.8694404591104734	23.12454156478246
168	16800	702	1000	0	0.8695652173913043	0	702	0.8747999999999967	0.8589743589743589	23.242438566684722
169	16900	698	1000	0	0.8333333333333333	0	698	0.8745999999999967	0.8767908309455588	23.34875316619873
170	17000	699	1000	0	0.8333333333333333	0	699	0.8746999999999967	0.871244635193133	23.466574597358704
171	17100	698	1000	0	0.8627450980392157	0	698	0.8747999999999968	0.8839541547277937	23.570383365948995
172	17200	700	1000	0	0.8389830508474576	0	700	0.8748499999999967	0.8714285714285714	23.6984535018603
173	17300	700	1000	0	0.8272727272727273	0	700	0.8748999999999965	0.8685714285714285	23.810823313395183
174	17400	703	1000	0	0.8703703703703703	0	703	0.8755999999999965	0.8520625889046942	23.927614299456277
175	17500	706	1000	0	0.87	0	706	0.8758499999999965	0.8456090651558074	24.042985900243124
176	17600	704	1000	0	0.8409090909090908	0	704	0.8757499999999967	0.8536931818181818	24.15470491250356
177	17700	706	1000	0	0.9473684210526316	0	706	0.8758499999999966	0.8526912181303116	24.263215549786885
178	17800	704	1000	0	0.8846153846153846	0	704	0.8759499999999967	0.8565340909090909	24.377791567643484
179	17900	702	1000	0	0.8936170212765957	0	702	0.8761499999999967	0.8547008547008547	24.49445289770762
180	18000	711	1000	0	0.8804347826086957	0	711	0.8766499999999965	0.8410689170182841	24.619311145941417
181	18100	709	1000	0	0.9	0	709	0.8768499999999964	0.842031029619182	24.736452933152517
182	18200	714	1000	0	0.8461538461538461	0	714	0.877249999999996	0.8235294117647058	24.863079166412355
183	18300	709	1000	0	0.9270833333333333	0	709	0.877099999999996	0.8335684062059239	24.978813683986665
184	18400	706	1000	0	0.8695652173913043	0	706	0.877049999999996	0.8441926345609065	25.09046371380488
185	18500	711	1000	0	0.8333333333333333	0	711	0.8772999999999956	0.8354430379746836	25.209790833791097
186	18600	712	1000	0	0.8333333333333333	0	712	0.8775499999999956	0.8342696629213483	25.337517547607423
187	18700	715	1000	0	0.8627450980392157	0	715	0.8778999999999956	0.820979020979021	25.46937781572342
188	18800	715	1000	0	0.8389830508474576	0	715	0.8777499999999955	0.8363636363636363	25.581497716903687
189	18900	720	1000	0	0.8272727272727273	0	720	0.8782499999999952	0.8319444444444445	25.7198846300443
190	19000	720	1000	0	0.8703703703703703	0	720	0.8783499999999953	0.8375	25.84278166691462
191	19100	722	1000	0	0.87	0	722	0.8786499999999949	0.8296398891966759	25.97029538154602
192	19200	722	1000	0	0.8409090909090908	0	722	0.8788499999999946	0.817174515235457	26.102131247520447
193	19300	719	1000	0	0.9473684210526316	0	719	0.8788499999999948	0.8178025034770514	26.219237196445466
194	19400	720	1000	0	0.8846153846153846	0	720	0.8789499999999948	0.8180555555555555	26.338751331965128
195	19500	720	1000	0	0.8936170212765957	0	720	0.8788499999999949	0.8194444444444444	26.452139230569205
196	19600	724	1000	0	0.8804347826086957	0	724	0.8789999999999945	0.8162983425414365	26.577925213178
197	19700	721	1000	0	0.9	0	721	0.8790499999999944	0.8224687933425797	26.696230415503184
198	19800	720	1000	0	0.8461538461538461	0	720	0.8792999999999944	0.8277777777777777	26.815910402933756
199	19900	718	1000	0	0.90625	0	718	0.8795499999999946	0.8272980501392758	26.938042465845744
200	20000	715	1000	0	0.8695652173913043	0	715	0.8794999999999946	0.8377622377622378	27.048165067036948
201	20100	719	1000	0	0.763157894736842	0	719	0.8797999999999949	0.827538247566064	27.171357417106627
202	20200	716	1000	0	0.7941176470588236	0	716	0.8797999999999949	0.8421787709497207	27.282925697167716
203	20300	718	1000	0	0.8627450980392157	0	718	0.8800499999999951	0.8384401114206128	27.4135436018308
204	20400	715	1000	0	0.8305084745762712	0	715	0.8802999999999952	0.8307692307692308	27.54429183403651
205	20500	715	1000	0	0.8272727272727273	0	715	0.8803999999999952	0.8377622377622378	27.66943264802297
206	20600	718	1000	0	0.8703703703703703	0	718	0.8804999999999951	0.8370473537604457	27.79504644870758
207	20700	717	1000	0	0.87	0	717	0.880599999999995	0.8451882845188284	27.914156349500022
208	20800	721	1000	0	0.8409090909090908	0	721	0.8810999999999948	0.8307905686546463	28.041986485322315
209	20900	721	1000	0	0.9473684210526316	0	721	0.8811499999999948	0.8238557558945908	28.167129298051197
210	21000	721	1000	0	0.8846153846153846	0	721	0.8810499999999947	0.8252427184466019	28.28124036391576
211	21100	721	1000	0	0.8936170212765957	0	721	0.8812499999999946	0.8280166435506241	28.406247146924336
212	21200	720	1000	0	0.8804347826086957	0	720	0.8812499999999944	0.8402777777777778	28.528909333546956
213	21300	721	1000	0	0.86	0	721	0.8814999999999944	0.8377253814147018	28.649437431494395
214	21400	722	1000	0	0.8461538461538461	0	722	0.8813999999999944	0.8351800554016621	28.77355536619822
215	21500	723	1000	0	0.9270833333333333	0	723	0.8813499999999945	0.8354080221300139	28.90571601788203
216	21600	728	1000	0	0.8695652173913043	0	728	0.8815499999999943	0.8228021978021978	29.03709553082784
217	21700	729	1000	0	0.8333333333333333	0	729	0.8816999999999947	0.821673525377229	29.168877013524373
218	21800	728	1000	0	0.8333333333333333	0	728	0.8816499999999945	0.8214285714285714	29.28995094696681
219	21900	734	1000	0	0.8627450980392157	0	734	0.8821999999999943	0.8188010899182562	29.437703084945678
220	22000	733	1000	0	0.8389830508474576	0	733	0.8823499999999943	0.8321964529331515	29.56652865012487
221	22100	733	1000	0	0.8272727272727273	0	733	0.8826999999999943	0.8335607094133697	29.707473965485892
222	22200	730	1000	0	0.8703703703703703	0	730	0.8828499999999943	0.8452054794520548	29.836589284737904
223	22300	731	1000	0	0.87	0	731	0.8832999999999942	0.8276333789329685	29.982322136561077
224	22400	733	1000	0	0.8409090909090908	0	733	0.883349999999994	0.834924965893588	30.1177561322848
225	22500	732	1000	0	0.9473684210526316	0	732	0.8834499999999941	0.8387978142076503	30.258335332075756
226	22600	737	1000	0	0.8846153846153846	0	737	0.8841999999999938	0.8168249660786974	30.41487973133723
227	22700	736	1000	0	0.8936170212765957	0	736	0.8842999999999935	0.8152173913043478	30.542838815848032
228	22800	742	1000	0	0.8804347826086957	0	742	0.8845499999999934	0.7991913746630728	30.684544233481088
229	22900	740	1000	0	0.9	0	740	0.8845999999999933	0.8054054054054054	30.809787929058075
230	23000	740	1000	0	0.8461538461538461	0	740	0.885099999999993	0.7851351351351351	30.961951863765716
231	23100	741	1000	0	0.9270833333333333	0	741	0.8855499999999925	0.7678812415654521	31.11525100072225
232	23200	748	1000	0	0.8695652173913043	0	748	0.8858999999999925	0.7513368983957219	31.27376631498337
233	23300	742	1000	0	0.8333333333333333	0	742	0.8859499999999928	0.7654986522911051	31.42340336640676
234	23400	743	1000	0	0.8333333333333333	0	743	0.8859499999999927	0.7577388963660835	31.57268364826838
235	23500	738	1000	0	0.8627450980392157	0	738	0.8858499999999925	0.7804878048780488	31.70325648387273
236	23600	738	1000	0	0.8389830508474576	0	738	0.8858499999999925	0.7696476964769647	31.84433589776357
237	23700	744	1000	0	0.8272727272727273	0	744	0.8855999999999926	0.7741935483870968	31.979372278849283
238	23800	746	1000	0	0.8703703703703703	0	746	0.8858999999999928	0.7680965147453083	32.117761548360185
239	23900	745	1000	0	0.87	0	745	0.8860999999999928	0.7825503355704698	32.25380984942118
240	24000	745	1000	0	0.8409090909090908	0	745	0.8859999999999925	0.7785234899328859	32.39262541929881
241	24100	752	1000	0	0.9473684210526316	0	752	0.8862499999999924	0.7686170212765957	32.53452148040136
242	24200	755	1000	0	0.8846153846153846	0	755	0.8861999999999923	0.776158940397351	32.66671320199966
243	24300	754	1000	0	0.8936170212765957	0	754	0.8862499999999923	0.7785145888594165	32.79218045075734
244	24400	756	1000	0	0.8804347826086957	0	756	0.8863999999999921	0.7751322751322751	32.93064581553141
245	24500	762	1000	0	0.9	0	762	0.8864999999999922	0.7690288713910761	33.07013740142187
246	24600	759	1000	0	0.8461538461538461	0	759	0.8864999999999922	0.7944664031620553	33.19983449776967
247	24700	770	1000	0	0.9166666666666667	0	770	0.8868999999999919	0.7779220779220779	33.365709666411085
248	24800	767	1000	0	0.8152173913043479	0	767	0.8870499999999918	0.7835723598435462	33.50909966627757
249	24900	764	1000	0	0.7456140350877193	0	764	0.8870999999999918	0.7958115183246073	33.64591766595841
250	25000	763	1000	0	0.8333333333333333	0	763	0.8871499999999919	0.7981651376146789	33.78918353319168
251	25100	766	1000	0	0.8627450980392157	0	766	0.8874999999999919	0.7872062663185379	36.521641933918
252	25200	769	1000	0	0.8389830508474576	0	769	0.887749999999992	0.7841352405721717	36.665778529644015
253	25300	769	1000	0	0.8272727272727273	0	769	0.887649999999992	0.7984395318595578	36.801928083101906
254	25400	768	1000	0	0.8703703703703703	0	768	0.8877499999999919	0.7877604166666666	36.9455836335818
255	25500	771	1000	0	0.87	0	771	0.8876999999999919	0.7937743190661478	37.08629621267319
256	25600	774	1000	0	0.8409090909090908	0	774	0.887749999999992	0.789405684754522	37.22509229580562
257	25700	778	1000	0	0.9473684210526316	0	778	0.8879999999999921	0.794344473007712	37.37248982985815
258	25800	783	1000	0	0.8846153846153846	0	783	0.8878499999999919	0.7803320561941252	37.527714284261066
259	25900	780	1000	0	0.8936170212765957	0	780	0.8879499999999919	0.7717948717948718	37.673288631439206
260	26000	777	1000	0	0.8695652173913043	0	777	0.887999999999992	0.7747747747747747	37.81094494660695
261	26100	771	1000	0	0.9	0	771	0.8879999999999922	0.7795071335927367	37.949110464255014
262	26200	767	1000	0	0.7980769230769231	0	767	0.8880999999999923	0.7744458930899609	38.08554941415787
263	26300	772	1000	0	0.84375	0	772	0.8880999999999926	0.7901554404145078	38.230713999271394
264	26400	776	1000	0	0.7826086956521738	0	776	0.8880499999999925	0.7835051546391752	38.38195445140203
265	26500	783	1000	0	0.7017543859649122	0	783	0.8881999999999921	0.768837803320562	38.540486081441244
266	26600	778	1000	0	0.7254901960784313	0	778	0.8880999999999921	0.7853470437017995	38.67637339830399
267	26700	781	1000	0	0.7941176470588236	0	781	0.8882999999999921	0.7861715749039693	38.821893163522084
268	26800	780	1000	0	0.788135593220339	0	780	0.8880499999999919	0.7974358974358975	38.95568480094274
269	26900	784	1000	0	0.8	0	784	0.8880499999999916	0.7895408163265306	39.104806848367055
270	27000	784	1000	0	0.8240740740740741	0	784	0.8879999999999916	0.798469387755102	39.25333594878514
271	27100	781	1000	0	0.87	0	781	0.8880999999999917	0.8079385403329066	39.38935458262761
272	27200	784	1000	0	0.8409090909090908	0	784	0.8880999999999916	0.8112244897959183	39.52364176909129
273	27300	786	1000	0	0.9473684210526316	0	786	0.8881999999999917	0.8155216284987278	39.66477906306584
274	27400	792	1000	0	0.8461538461538461	0	792	0.8883499999999916	0.8169191919191919	39.8184551636378
275	27500	791	1000	0	0.8829787234042553	0	791	0.8883999999999916	0.8128950695322377	39.966585079828896
276	27600	792	1000	0	0.8804347826086957	0	792	0.8884499999999915	0.8131313131313131	40.110706782341005
277	27700	791	1000	0	0.9	0	791	0.8884499999999916	0.8217446270543616	40.24530450105667
278	27800	796	1000	0	0.8173076923076923	0	796	0.8885999999999916	0.8115577889447236	40.396724967161816
279	27900	798	1000	0	0.9270833333333333	0	798	0.8887999999999913	0.818295739348371	40.537112732728325
280	28000	797	1000	0	0.8478260869565217	0	797	0.8889499999999914	0.8255959849435383	40.67603673140208
281	28100	793	1000	0	0.7368421052631579	0	793	0.8889499999999915	0.849936948297604	40.812929316361746
282	28200	799	1000	0	0.8333333333333333	0	799	0.8890499999999913	0.83729662077597	40.96796214580536
283	28300	798	1000	0	0.8333333333333333	0	798	0.8889499999999912	0.8333333333333334	41.122558216253914
284	28400	797	1000	0	0.8389830508474576	0	797	0.8889999999999912	0.8368883312421581	41.259588348865506
285	28500	797	1000	0	0.8272727272727273	0	797	0.8889499999999912	0.8318695106649937	41.415294464429216
286	28600	799	1000	0	0.8703703703703703	0	799	0.8889999999999914	0.8260325406758448	41.572466015815735
287	28700	802	1000	0	0.87	0	802	0.8890999999999912	0.8129675810473815	41.729580068588255
288	28800	804	1000	0	0.8409090909090908	0	804	0.8892499999999912	0.7860696517412935	41.888038500150046
289	28900	804	1000	0	0.9473684210526316	0	804	0.8892499999999912	0.7860696517412935	42.025081666310626
290	29000	806	1000	0	0.8846153846153846	0	806	0.8895999999999912	0.7841191066997518	42.18451702992122
291	29100	805	1000	0	0.8936170212765957	0	805	0.8895999999999912	0.7962732919254658	42.32182051340739
292	29200	805	1000	0	0.8804347826086957	0	805	0.889799999999991	0.7888198757763976	42.469423679510754
293	29300	799	1000	0	0.9	0	799	0.8896499999999912	0.772215269086358	42.62426553169886
294	29400	800	1000	0	0.8461538461538461	0	800	0.8898499999999911	0.785	42.7600818157196
295	29500	801	1000	0	0.9270833333333333	0	801	0.890099999999991	0.7765293383270911	42.908577199776964
296	29600	803	1000	0	0.8586956521739131	0	803	0.890549999999991	0.7646326276463262	43.06759994824727
297	29700	798	1000	0	0.8333333333333333	0	798	0.890649999999991	0.7631578947368421	43.21463787953059
298	29800	797	1000	0	0.8431372549019608	0	797	0.8906499999999911	0.7703889585947302	43.3710297981898
299	29900	795	1000	0	0.8725490196078431	0	795	0.8907999999999908	0.7735849056603774	43.52708765268326
300	30000	796	1000	0	0.8389830508474576	0	796	0.8908499999999909	0.7663316582914573	43.68080404996872
301	30100	796	1000	0	0.8454545454545455	0	796	0.890649999999991	0.7776381909547738	46.59295421441396
302	30200	796	1000	0	0.8796296296296297	0	796	0.8907499999999909	0.7826633165829145	46.73871766726176
303	30300	794	1000	0	0.88	0	794	0.890899999999991	0.7959697732997482	46.88369833230972
304	30400	799	1000	0	0.8409090909090908	0	799	0.891349999999991	0.7909887359198998	47.04556751648585
305	30500	798	1000	0	0.9473684210526316	0	798	0.891549999999991	0.7819548872180451	47.197025366624196
306	30600	799	1000	0	0.8942307692307692	0	799	0.891599999999991	0.7834793491864831	47.34843378464381
307	30700	806	1000	0	0.9042553191489362	0	806	0.8916999999999907	0.7630272952853598	47.51763236920039
308	30800	804	1000	0	0.8804347826086957	0	804	0.8917999999999907	0.7761194029850746	47.661515581607816
309	30900	808	1000	0	0.9	0	808	0.8919499999999908	0.775990099009901	47.82747031450272
310	31000	806	1000	0	0.8461538461538461	0	806	0.8918499999999908	0.7741935483870968	47.97843608458837
311	31100	801	1000	0	0.9270833333333333	0	801	0.8920499999999908	0.784019975031211	48.126934317747754
312	31200	802	1000	0	0.8695652173913043	0	802	0.8922999999999909	0.7768079800498753	48.28295248349507
313	31300	800	1000	0	0.8333333333333333	0	800	0.8922499999999908	0.76875	48.449670199553175
314	31400	800	1000	0	0.8431372549019608	0	800	0.8920999999999908	0.78125	48.597454082965854
315	31500	802	1000	0	0.8725490196078431	0	802	0.8922499999999909	0.7793017456359103	48.75734618107478
316	31600	802	1000	0	0.8389830508474576	0	802	0.8921499999999908	0.7805486284289277	48.900312185287476
317	31700	800	1000	0	0.8454545454545455	0	800	0.8921999999999908	0.785	49.05183356602986
318	31800	802	1000	0	0.8796296296296297	0	802	0.8922499999999908	0.7743142144638404	49.21320328315099
319	31900	805	1000	0	0.88	0	805	0.8923999999999908	0.7726708074534161	49.364770452181496
320	32000	814	1000	0	0.8409090909090908	0	814	0.8923499999999907	0.7678132678132679	49.53043509721756
321	32100	817	1000	0	0.9473684210526316	0	817	0.8922999999999907	0.7515299877600979	49.70358568429947
322	32200	828	1000	0	0.8942307692307692	0	828	0.8925499999999903	0.7330917874396136	49.88169691562653
323	32300	823	1000	0	0.9042553191489362	0	823	0.8926499999999903	0.7424058323207776	50.04537073373795
324	32400	823	1000	0	0.8804347826086957	0	823	0.8926999999999902	0.732685297691373	50.214508716265364
325	32500	821	1000	0	0.9	0	821	0.8926999999999902	0.730816077953715	50.390290319919586
326	32600	819	1000	0	0.8461538461538461	0	819	0.8928499999999902	0.7191697191697192	50.56356691916783
327	32700	817	1000	0	0.9270833333333333	0	817	0.89289999999999	0.7148102815177478	50.723937014738716
328	32800	815	1000	0	0.8695652173913043	0	815	0.8929999999999898	0.694478527607362	50.92593911488851
329	32900	812	1000	0	0.8333333333333333	0	812	0.8929499999999898	0.7105911330049262	51.070622849464414
330	33000	811	1000	0	0.8431372549019608	0	811	0.8930499999999897	0.718865598027127	51.21531188090642
331	33100	814	1000	0	0.8725490196078431	0	814	0.8932999999999898	0.7235872235872236	51.37307724952698
332	33200	817	1000	0	0.8389830508474576	0	817	0.8931999999999898	0.7123623011015912	51.538434966405234
333	33300	821	1000	0	0.8454545454545455	0	821	0.8932499999999898	0.7137637028014616	51.704723715782166
334	33400	822	1000	0	0.8796296296296297	0	822	0.8931999999999899	0.7226277372262774	51.86136291424433
335	33500	825	1000	0	0.88	0	825	0.8936499999999898	0.7127272727272728	52.02849428256353
336	33600	826	1000	0	0.8409090909090908	0	826	0.8934999999999896	0.7179176755447942	52.2012441833814
337	33700	825	1000	0	0.9473684210526316	0	825	0.8933499999999898	0.730909090909091	52.354606751600905
338	33800	829	1000	0	0.8942307692307692	0	829	0.8933499999999898	0.7334137515078407	52.52558919986089
339	33900	832	1000	0	0.9042553191489362	0	832	0.89329999999999	0.7283653846153846	52.69077191750208
340	34000	829	1000	0	0.8804347826086957	0	829	0.8931499999999902	0.7237635705669482	52.86721381743749
341	34100	831	1000	0	0.9	0	831	0.8933499999999899	0.7304452466907341	53.01926749944687
342	34200	832	1000	0	0.8461538461538461	0	832	0.8933999999999898	0.7319711538461539	53.18982991377513
343	34300	831	1000	0	0.9270833333333333	0	831	0.8934499999999896	0.7364620938628159	53.34338531494141
344	34400	831	1000	0	0.8695652173913043	0	831	0.8936499999999894	0.7412755716004813	53.51755504608154
345	34500	829	1000	0	0.8333333333333333	0	829	0.8935499999999892	0.7406513872135102	53.675020750363664
346	34600	831	1000	0	0.8431372549019608	0	831	0.893499999999989	0.7304452466907341	53.83960019747416
347	34700	829	1000	0	0.8725490196078431	0	829	0.8936499999999891	0.7334137515078407	53.99925299882889
348	34800	831	1000	0	0.8389830508474576	0	831	0.8936999999999892	0.7376654632972323	54.16252414782842
349	34900	831	1000	0	0.8454545454545455	0	831	0.8939999999999891	0.7460890493381468	54.32252509991328
350	35000	835	1000	0	0.8796296296296297	0	835	0.8940499999999888	0.7317365269461078	54.50341529846192
351	35100	834	1000	0	0.88	0	834	0.8940499999999889	0.7422062350119905	54.663020714124045
352	35200	841	1000	0	0.8409090909090908	0	841	0.8940499999999886	0.7431629013079667	54.83912725051244
353	35300	842	1000	0	0.9473684210526316	0	842	0.8941499999999888	0.7327790973871734	55.01422794659933
354	35400	836	1000	0	0.8942307692307692	0	836	0.8941499999999887	0.7296650717703349	55.20698939959208
355	35500	839	1000	0	0.9042553191489362	0	839	0.8943499999999883	0.7306317044100119	55.37649173339208
356	35600	839	1000	0	0.8804347826086957	0	839	0.8943499999999884	0.7485101311084624	55.539290066560106
357	35700	839	1000	0	0.9	0	839	0.8942999999999883	0.7437425506555423	55.70627046426137
358	35800	841	1000	0	0.8461538461538461	0	841	0.8942499999999884	0.7538644470868014	55.86830829779307
359	35900	838	1000	0	0.9270833333333333	0	838	0.8943499999999884	0.7517899761336515	56.03046325047811
360	36000	842	1000	0	0.8695652173913043	0	842	0.8945499999999887	0.7505938242280285	56.20263998508453
361	36100	845	1000	0	0.8421052631578947	0	845	0.8945999999999885	0.7384615384615385	56.38199248313904
362	36200	842	1000	0	0.8823529411764706	0	842	0.8945499999999886	0.7494061757719715	56.53556063175201
363	36300	840	1000	0	0.9607843137254901	0	840	0.8944999999999885	0.7523809523809524	56.69909708102544
364	36400	842	1000	0	0.9830508474576272	0	842	0.8946999999999885	0.7589073634204275	56.85328259865443
365	36500	843	1000	0	0.9636363636363636	0	843	0.8947499999999887	0.741399762752076	57.03874113559723
366	36600	840	1000	0	0.962962962962963	0	840	0.8946999999999888	0.7559523809523809	57.19178700049718
367	36700	840	1000	0	0.96	0	840	0.8946999999999888	0.7488095238095238	57.367361795902255
368	36800	843	1000	0	0.9886363636363636	0	843	0.8944999999999887	0.7651245551601423	57.52351743380229
369	36900	844	1000	0	0.9736842105263157	0	844	0.8945999999999887	0.7654028436018957	57.692607231934865
370	37000	843	1000	0	0.9903846153846154	0	843	0.8947499999999887	0.7651245551601423	57.86920281648636
371	37100	842	1000	0	0.9893617021276595	0	842	0.8948999999999887	0.7743467933491687	58.03471105098724
372	37200	844	1000	0	1.0	0	844	0.8948499999999889	0.7701421800947867	58.20524813334147
373	37300	845	1000	0	0.99	0	845	0.8950999999999889	0.7633136094674556	58.383543034394584
374	37400	844	1000	0	0.9230769230769231	0	844	0.8950999999999888	0.7760663507109005	58.53856871922811
375	37500	848	1000	0	0.96875	0	848	0.8950999999999887	0.7641509433962265	58.7136856675148
376	37600	851	1000	0	0.9891304347826086	0	851	0.8953499999999885	0.754406580493537	58.8905375679334
377	37700	848	1000	0	1.0	0	848	0.8951999999999886	0.7735849056603774	59.0549779176712
378	37800	848	1000	0	1.0	0	848	0.8952499999999886	0.777122641509434	59.214164332548776
379	37900	846	1000	0	1.0	0	846	0.8952999999999884	0.7836879432624113	59.376059265931445
380	38000	849	1000	0	1.0	0	849	0.8953999999999882	0.7620730270906949	59.56143143574397
381	38100	849	1000	0	1.0	0	849	0.8953999999999882	0.7856301531213192	59.72155106862386
382	38200	852	1000	0	1.0	0	852	0.8955999999999881	0.778169014084507	59.89306575059891
383	38300	848	1000	0	1.0	0	848	0.8954999999999881	0.7924528301886793	60.05431425174077
384	38400	854	1000	0	1.0	0	854	0.8956499999999882	0.7822014051522248	60.227614001433054
385	38500	855	1000	0	1.0	0	855	0.8957499999999881	0.7742690058479532	60.40510071516037
386	38600	855	1000	0	0.9903846153846154	0	855	0.8958499999999882	0.7812865497076024	60.58390146493912
387	38700	855	1000	0	0.9893617021276595	0	855	0.8957999999999882	0.7906432748538011	60.74706528186798
388	38800	858	1000	0	0.9239130434782609	0	858	0.8958999999999882	0.7855477855477856	60.930006814002994
389	38900	860	1000	0	0.97	0	860	0.8960499999999884	0.7686046511627908	61.132045634587605
390	39000	860	1000	0	0.9230769230769231	0	860	0.8962499999999883	0.7604651162790698	61.31096574862798
391	39100	857	1000	0	0.9791666666666667	0	857	0.8962999999999883	0.7747957992998833	61.4743603626887
392	39200	861	1000	0	0.9782608695652174	0	861	0.8963499999999882	0.7723577235772358	61.65191495021184
393	39300	858	1000	0	0.9473684210526316	0	858	0.8963499999999879	0.7587412587412588	61.84077068169912
394	39400	857	1000	0	1.0	0	857	0.8963999999999879	0.7479579929988331	62.02565508286158
395	39500	858	1000	0	1.0	0	858	0.8963999999999881	0.7365967365967366	62.21338731447856
396	39600	856	1000	0	1.0	0	856	0.8964999999999881	0.7406542056074766	62.388009516398114
397	39700	858	1000	0	0.990909090909091	0	858	0.896449999999988	0.7354312354312355	62.55676311651866
398	39800	857	1000	0	0.9907407407407407	0	857	0.896649999999988	0.7304550758459744	62.73827054897944
399	39900	855	1000	0	1.0	0	855	0.8966499999999878	0.735672514619883	62.903477517763775
400	40000	854	1000	0	1.0	0	854	0.8968499999999876	0.7377049180327869	63.07924261490504
401	40100	857	1000	0	1.0	0	857	0.8968999999999875	0.7421236872812136	63.257579517364505
402	40200	862	1000	0	1.0	0	862	0.8968499999999874	0.7389791183294664	63.44734209775925
403	40300	860	1000	0	1.0	0	860	0.8969999999999875	0.7383720930232558	63.61730902989705
404	40400	860	1000	0	1.0	0	860	0.8969999999999875	0.7430232558139535	63.79886311690013
405	40500	858	1000	0	1.0	0	858	0.8969999999999876	0.7680652680652681	63.9703228354454
406	40600	856	1000	0	1.0	0	856	0.8969999999999877	0.7850467289719626	64.13709601561229
407	40700	857	1000	0	1.0	0	857	0.8970999999999878	0.7841306884480747	64.30360879898072
408	40800	855	1000	0	1.0	0	855	0.8970499999999877	0.7894736842105263	64.47219516833623
409	40900	857	1000	0	0.9912280701754386	0	857	0.8969499999999873	0.7911318553092183	64.66042019923528
410	41000	856	1000	0	1.0	0	856	0.8970999999999871	0.7955607476635514	64.84329938491186
411	41100	858	1000	0	1.0	0	858	0.8970999999999871	0.8053613053613053	65.02050326665243
412	41200	859	1000	0	1.0	0	859	0.8970999999999871	0.8079161816065192	65.19008035262426
413	41300	859	1000	0	1.0	0	859	0.8970499999999872	0.8114086146682189	65.35739014943441
414	41400	856	1000	0	1.0	0	856	0.8969499999999871	0.8235981308411215	65.5297125339508
415	41500	854	1000	0	1.0	0	854	0.8969499999999871	0.8255269320843092	65.69328046639761
416	41600	857	1000	0	1.0	0	857	0.897049999999987	0.8179696616102684	65.87437851428986
417	41700	859	1000	0	1.0	0	859	0.8969999999999869	0.8160651920838184	66.05808010101319
418	41800	855	1000	0	1.0	0	855	0.896999999999987	0.8304093567251462	66.22954766750335
419	41900	861	1000	0	1.0	0	861	0.8970499999999869	0.8164924506387921	66.41642425060272
420	42000	862	1000	0	1.0	0	862	0.897199999999987	0.8178654292343387	66.59855351448059
421	42100	861	1000	0	1.0	0	861	0.897199999999987	0.8246225319396051	66.76089028517406
422	42200	863	1000	0	1.0	0	863	0.8973499999999868	0.7995365005793743	66.96665779749553
423	42300	862	1000	0	1.0	0	862	0.8973999999999868	0.8004640371229699	67.13911596536636
424	42400	856	1000	0	1.0	0	856	0.8973499999999868	0.7967289719626168	67.3234238465627
425	42500	857	1000	0	1.0	0	857	0.8974999999999868	0.7829638273045507	67.52276539802551
426	42600	857	1000	0	1.0	0	857	0.8974499999999868	0.7829638273045507	67.70564716657003
427	42700	862	1000	0	1.0	0	862	0.8975499999999867	0.7726218097447796	67.89810333251953
428	42800	862	1000	0	1.0	0	862	0.8974499999999868	0.7726218097447796	68.07746173143387
429	42900	862	1000	0	1.0	0	862	0.8973999999999867	0.7621809744779582	68.25898531675338
430	43000	862	1000	0	1.0	0	862	0.8975499999999865	0.7482598607888631	68.45811344782511
431	43100	862	1000	0	1.0	0	862	0.8976499999999866	0.7459396751740139	68.64157376686732
432	43200	864	1000	0	1.0	0	864	0.8977499999999866	0.7407407407407407	68.83307751814525
433	43300	862	1000	0	1.0	0	862	0.8977999999999866	0.7470997679814385	69.01514259576797
434	43400	861	1000	0	1.0	0	861	0.8978999999999867	0.7386759581881533	69.19855223099391
435	43500	862	1000	0	1.0	0	862	0.8978999999999866	0.7470997679814385	69.37358785072962
436	43600	864	1000	0	1.0	0	864	0.8978999999999867	0.7453703703703703	69.56307543118795
437	43700	864	1000	0	1.0	0	864	0.8978999999999868	0.7303240740740741	69.75960011482239
438	43800	865	1000	0	1.0	0	865	0.8978499999999867	0.7456647398843931	69.93965148131052
439	43900	861	1000	0	1.0	0	861	0.8978499999999867	0.7502903600464577	70.11609674692154
440	44000	861	1000	0	1.0	0	861	0.8978999999999868	0.7584204413472706	70.28407839934032
441	44100	863	1000	0	1.0	0	863	0.8979499999999867	0.7717265353418308	70.47032550175985
442	44200	866	1000	0	1.0	0	866	0.8980499999999868	0.7448036951501155	70.68237089713415
443	44300	863	1000	0	1.0	0	863	0.8979999999999869	0.7508690614136733	70.88591349919638
444	44400	863	1000	0	1.0	0	863	0.8980999999999867	0.7555040556199305	71.0643586675326
445	44500	863	1000	0	1.0	0	863	0.8980499999999866	0.7520278099652375	71.25915844837824
446	44600	868	1000	0	1.0	0	868	0.8979999999999866	0.7419354838709677	71.46827271779378
447	44700	865	1000	0	1.0	0	865	0.8979999999999864	0.7341040462427746	71.66572363376618
448	44800	866	1000	0	1.0	0	866	0.8979999999999864	0.7367205542725174	71.86335008144378
449	44900	864	1000	0	1.0	0	864	0.8980999999999862	0.7268518518518519	72.07245151599248
450	45000	866	1000	0	1.0	0	866	0.8981499999999862	0.7274826789838337	72.2493151664734
451	45100	865	1000	0	1.0	0	865	0.8982499999999861	0.7248554913294798	72.43243686358134
452	45200	866	1000	0	1.0	0	866	0.8982999999999862	0.7297921478060047	72.61746400197347
453	45300	866	1000	0	1.0	0	866	0.8982999999999864	0.7390300230946882	72.79500691890716
454	45400	872	1000	0	1.0	0	872	0.8982999999999863	0.7259174311926605	72.9949852347374
455	45500	873	1000	0	1.0	0	873	0.8983499999999863	0.7239404352806414	73.17546628316244
456	45600	875	1000	0	1.0	0	875	0.8983999999999863	0.7085714285714285	73.39258663256963
457	45700	875	1000	0	1.0	0	875	0.8983999999999865	0.7062857142857143	73.59936745166779
458	45800	881	1000	0	1.0	0	881	0.8983499999999863	0.7014755959137344	73.830433066686
459	45900	880	1000	0	1.0	0	880	0.8982999999999863	0.7170454545454545	74.01910419861476
460	46000	881	1000	0	1.0	0	881	0.898349999999986	0.6935300794551645	74.24825636943181
461	46100	881	1000	0	1.0	0	881	0.898399999999986	0.6969353007945517	74.45517038106918
462	46200	875	1000	0	1.0	0	875	0.8984499999999861	0.7142857142857143	74.64761818250021
463	46300	882	1000	0	1.0	0	882	0.898449999999986	0.7006802721088435	74.86160490115483
464	46400	884	1000	0	1.0	0	884	0.898549999999986	0.7058823529411765	75.0701989809672
465	46500	888	1000	0	1.0	0	888	0.8984999999999861	0.6846846846846847	75.322132452329
466	46600	888	1000	0	1.0	0	888	0.8984499999999859	0.6779279279279279	75.53666598002116
467	46700	893	1000	0	1.0	0	893	0.898699999999986	0.6550951847704367	75.76172503232957
468	46800	893	1000	0	1.0	0	893	0.8985999999999859	0.6595744680851063	75.96212368408838
469	46900	895	1000	0	1.0	0	895	0.8987499999999858	0.6502793296089385	76.17856313387553
470	47000	896	1000	0	1.0	0	896	0.8986999999999856	0.6495535714285714	76.382271250089
471	47100	895	1000	0	1.0	0	895	0.8986999999999857	0.6536312849162011	76.57716503143311
472	47200	897	1000	0	1.0	0	897	0.8986999999999857	0.6655518394648829	76.78057546615601
473	47300	895	1000	0	1.0	0	895	0.8986999999999857	0.6759776536312849	76.96601676543554
474	47400	892	1000	0	1.0	0	892	0.8986999999999857	0.7051569506726457	77.15704378286998
475	47500	888	1000	0	1.0	0	888	0.898749999999986	0.7004504504504504	77.3672602335612
476	47600	885	1000	0	1.0	0	885	0.898699999999986	0.7254237288135593	77.55615746577581
477	47700	888	1000	0	1.0	0	888	0.8987999999999859	0.7128378378378378	77.79821854829788
478	47800	889	1000	0	1.0	0	889	0.8987999999999859	0.7255343082114736	78.03226915200551
479	47900	896	1000	0	1.0	0	896	0.8988499999999859	0.7310267857142857	78.34645586411158
480	48000	899	1000	0	1.0	0	899	0.8987999999999859	0.7341490545050056	78.67203586498896
481	48100	902	1000	0	1.0	0	902	0.8987999999999859	0.7694013303769401	85.07197653452555
482	48200	901	1000	0	1.0	0	901	0.8987999999999859	0.7702552719200888	85.4059733470281
483	48300	898	1000	0	1.0	0	898	0.8988999999999862	0.767260579064588	85.74575695196788
484	48400	893	1000	0	1.0	0	893	0.8988999999999862	0.7693169092945129	86.06171224912008
485	48500	896	1000	0	1.0	0	896	0.8988999999999859	0.7600446428571429	86.4559581319491
486	48600	895	1000	0	1.0	0	895	0.8990499999999859	0.7519553072625699	86.79566931724548
487	48700	896	1000	0	1.0	0	896	0.8989999999999859	0.7488839285714286	87.11869773467382
488	48800	897	1000	0	1.0	0	897	0.8990499999999859	0.750278706800446	87.42554528315863
489	48900	895	1000	0	1.0	0	895	0.8990499999999858	0.7497206703910615	87.73370229800543
490	49000	897	1000	0	1.0	0	897	0.8990999999999859	0.7435897435897436	88.05018479824066
491	49100	899	1000	0	1.0	0	899	0.899149999999986	0.7497219132369299	88.34853546619415
492	49200	895	1000	0	1.0	0	895	0.8990999999999859	0.7608938547486034	88.64031253655752
493	49300	894	1000	0	1.0	0	894	0.8991499999999861	0.7874720357941835	88.99489080111185
494	49400	895	1000	0	1.0	0	895	0.8991499999999861	0.7798882681564245	89.32261253197989
495	49500	899	1000	0	1.0	0	899	0.899149999999986	0.7753058954393771	89.63726632992426
496	49600	901	1000	0	1.0	0	901	0.899149999999986	0.7835738068812431	89.95032913287481
497	49700	903	1000	0	1.0	0	903	0.8991499999999859	0.7751937984496124	90.27798088391621
498	49800	904	1000	0	1.0	0	904	0.8991499999999858	0.7643805309734514	90.63370203574499
499	49900	904	1000	0	1.0	0	904	0.8993499999999858	0.7533185840707964	90.97568771441777
500	50000	904	1000	0	1.0	0	904	0.8993499999999858	0.7577433628318584	91.15228865146636
