Epoch	Explore_Iteration	MacroPopSize	MicroPopSize	RMSE	Accuracy_Estimate	RuleCount	TreeCount	AveGenerality	ExpRules	Time(min)
1	100	998	1000	0	0.5	0	998	0.8688499999999997	0.0	0.12490004698435465
2	200	998	1000	0	0.5	0	998	0.8684499999999996	0.0	0.254253617922465
3	300	998	1000	0	0.5	0	998	0.8682499999999995	0.0	0.38111143112182616
4	400	998	1000	0	0.49838969404186795	0	998	0.8674999999999995	0.0	0.506316598256429
5	500	998	1000	0	0.5	0	998	0.8665499999999994	0.0	0.6348999659220378
6	600	995	1000	0	0.4943910256410256	0	995	0.8655499999999993	0.0	0.7583674987157186
7	700	995	1000	0	0.5032051282051282	0	995	0.8651499999999991	0.0	0.8777622620264689
8	800	995	1000	0	0.5962157809983897	0	995	0.8647999999999992	0.0	0.9974138657251994
9	900	994	1000	0	0.507547939616483	0	994	0.8637499999999991	0.0	1.1206406354904175
10	1000	993	1000	0	0.5508203281312525	0	993	0.8637999999999991	0.0	1.2401341795921326
11	1100	993	1000	0	0.5136054421768708	0	993	0.8626499999999988	0.0	1.378235932191213
12	1200	993	1000	0	0.5878462174452252	0	993	0.8617499999999988	0.0	1.5152499159177144
13	1300	992	1000	0	0.5666666666666667	0	992	0.8612999999999988	0.0	1.6541145324707032
14	1400	989	1000	0	0.5305958132045088	0	989	0.8610499999999989	0.0	1.794460948308309
15	1500	986	1000	0	0.56	0	986	0.8605999999999986	0.0	1.939870282014211
16	1600	984	1000	0	0.575487012987013	0	984	0.8603999999999984	0.0	2.0861286520957947
17	1700	985	1000	0	0.6205432937181664	0	985	0.8595999999999979	0.8213197969543147	2.2106312195460003
18	1800	980	1000	0	0.6049679487179487	0	980	0.8592999999999976	0.8255102040816327	2.359147318204244
19	1900	978	1000	0	0.5662384584504215	0	978	0.8586999999999976	0.820040899795501	2.5155640641848245
20	2000	978	1000	0	0.5700483091787439	0	978	0.8585499999999973	0.8231083844580777	2.69746710062027
21	2100	976	1000	0	0.61	0	976	0.8573499999999973	0.8227459016393442	2.877332814534505
22	2200	975	1000	0	0.5849358974358975	0	975	0.856749999999997	0.8256410256410256	3.0755510171254477
23	2300	975	1000	0	0.5416666666666666	0	975	0.8557999999999968	0.8235897435897436	3.2753705660502117
24	2400	973	1000	0	0.5450885668276972	0	973	0.8549499999999964	0.8201438848920863	3.4455344160397847
25	2500	969	1000	0	0.5350877192982456	0	969	0.8534999999999964	0.8204334365325078	3.6513101696968078
26	2600	968	1000	0	0.5980392156862745	0	968	0.8523499999999962	0.8119834710743802	3.8082032839457196
27	2700	968	1000	0	0.6470588235294118	0	968	0.8506499999999961	0.8119834710743802	3.975244919459025
28	2800	965	1000	0	0.6610169491525424	0	965	0.849999999999996	0.81139896373057	4.14092261393865
29	2900	963	1000	0	0.6272727272727272	0	963	0.8491999999999958	0.8130841121495327	4.295141315460205
30	3000	960	1000	0	0.6018518518518519	0	960	0.8485999999999956	0.815625	4.4472226858139035
31	3100	960	1000	0	0.65	0	960	0.8479499999999957	0.815625	4.606491899490356
32	3200	957	1000	0	0.7045454545454546	0	957	0.8465999999999954	0.819226750261233	4.766160782178243
33	3300	958	1000	0	0.618421052631579	0	958	0.8462499999999952	0.8162839248434238	4.920491250356038
34	3400	954	1000	0	0.7403846153846154	0	954	0.8458999999999954	0.8186582809224319	5.084631216526032
35	3500	951	1000	0	0.6300682456844641	0	951	0.8462499999999948	0.8191377497371188	5.248787566026052
36	3600	952	1000	0	0.7065217391304348	0	952	0.8458499999999949	0.8119747899159664	5.563083398342132
37	3700	952	1000	0	0.72	0	952	0.845699999999995	0.8151260504201681	5.848698262373606
38	3800	949	1000	0	0.7019230769230769	0	949	0.8451499999999951	0.8177028451001054	6.0006754159927365
39	3900	947	1000	0	0.75	0	947	0.844699999999995	0.8204857444561774	6.151174032688141
40	4000	940	1000	0	0.6956521739130435	0	940	0.843749999999995	0.8212765957446808	6.306484448909759
41	4100	941	1000	0	0.6578947368421053	0	941	0.8433999999999952	0.822529224229543	6.45946706533432
42	4200	938	1000	0	0.7352941176470589	0	938	0.8424499999999956	0.8198294243070362	6.6199299136797585
43	4300	931	1000	0	0.803921568627451	0	931	0.8418499999999953	0.8270676691729323	6.769061847527822
44	4400	925	1000	0	0.7372881355932204	0	925	0.8413999999999956	0.8248648648648649	6.921742633978526
45	4500	919	1000	0	0.6909090909090909	0	919	0.8404999999999959	0.8171926006528836	7.0755674004554745
46	4600	917	1000	0	0.712962962962963	0	917	0.8400999999999963	0.8135223555070883	7.231768635908763
47	4700	912	1000	0	0.76	0	912	0.840399999999997	0.8048245614035088	7.388981401920319
48	4800	910	1000	0	0.7727272727272727	0	910	0.8408999999999972	0.8076923076923077	7.538224200407664
49	4900	906	1000	0	0.6842105263157895	0	906	0.8407999999999971	0.8167770419426048	7.708159081141154
50	5000	903	1000	0	0.7884615384615384	0	903	0.8403499999999969	0.8205980066445183	7.951827951272329
51	5100	902	1000	0	0.6914893617021276	0	902	0.8403999999999973	0.8215077605321508	8.154450567563375
52	5200	900	1000	0	0.75	0	900	0.8400999999999972	0.8288888888888889	8.319883767763773
53	5300	894	1000	0	0.75	0	894	0.8398499999999977	0.8232662192393736	8.494288015365601
54	5400	892	1000	0	0.7115384615384616	0	892	0.8391499999999981	0.8082959641255605	8.693492412567139
55	5500	891	1000	0	0.7708333333333333	0	891	0.8384499999999988	0.8069584736251403	8.889045417308807
56	5600	889	1000	0	0.7391304347826086	0	889	0.8387999999999992	0.813273340832396	9.075558614730834
57	5700	888	1000	0	0.6929824561403508	0	888	0.8387999999999992	0.8265765765765766	9.264618567625682
58	5800	887	1000	0	0.7745098039215687	0	887	0.8388499999999995	0.826381059751973	9.4912686308225
59	5900	885	1000	0	0.8333333333333333	0	885	0.83915	0.8214689265536723	9.70165415207545
60	6000	882	1000	0	0.7627118644067796	0	882	0.8394000000000003	0.8174603174603174	9.874489414691926
61	6100	877	1000	0	0.7272727272727273	0	877	0.8400500000000001	0.8050171037628279	10.02900644938151
62	6200	871	1000	0	0.7314814814814815	0	871	0.8397500000000006	0.799081515499426	10.171463183561961
63	6300	866	1000	0	0.78	0	866	0.8396000000000006	0.812933025404157	10.310341330369313
64	6400	863	1000	0	0.7727272727272727	0	863	0.8394500000000006	0.8180764774044033	10.444347548484803
65	6500	860	1000	0	0.7105263157894737	0	860	0.8398500000000005	0.8162790697674419	10.576741882165273
66	6600	853	1000	0	0.7980769230769231	0	853	0.8399500000000002	0.8147713950762017	10.719134398301442
67	6700	850	1000	0	0.7340425531914894	0	850	0.8400500000000001	0.8176470588235294	10.851741699377696
68	6800	845	1000	0	0.7608695652173914	0	845	0.8402000000000002	0.821301775147929	10.975381863117217
69	6900	844	1000	0	0.77	0	844	0.8401000000000005	0.8270142180094787	11.097783517837524
70	7000	840	1000	0	0.7403846153846154	0	840	0.8405000000000004	0.8369047619047619	11.225044230620066
71	7100	837	1000	0	0.78125	0	837	0.8411500000000005	0.8363201911589009	11.353707698980967
72	7200	835	1000	0	0.75	0	835	0.8415000000000002	0.837125748502994	11.48021851380666
73	7300	831	1000	0	0.7105263157894737	0	831	0.8419000000000003	0.8399518652226233	11.612524930636088
74	7400	830	1000	0	0.7941176470588236	0	830	0.8423500000000002	0.844578313253012	11.736803817749024
75	7500	826	1000	0	0.8333333333333333	0	826	0.8431000000000004	0.847457627118644	11.857329281171163
76	7600	826	1000	0	0.7627118644067796	0	826	0.8433000000000002	0.8523002421307506	16.73879963159561
77	7700	823	1000	0	0.7272727272727273	0	823	0.8441499999999997	0.8566221142162819	17.329143063227335
78	7800	820	1000	0	0.7407407407407407	0	820	0.8442999999999996	0.8634146341463415	75.69131210247676
79	7900	822	1000	0	0.78	0	822	0.8444999999999995	0.8698296836982968	131.4328117330869
80	8000	819	1000	0	0.7840909090909092	0	819	0.8450499999999994	0.8681318681318682	131.59738518397015
81	8100	816	1000	0	0.7236842105263158	0	816	0.8454999999999994	0.8651960784313726	131.70939576625824
82	8200	815	1000	0	0.7980769230769231	0	815	0.846449999999999	0.8576687116564418	131.82759379943212
83	8300	812	1000	0	0.7553191489361701	0	812	0.8471499999999987	0.8460591133004927	131.94439704815548
84	8400	806	1000	0	0.7608695652173914	0	806	0.8472999999999986	0.8523573200992556	132.05502063035965
85	8500	803	1000	0	0.78	0	803	0.8486999999999982	0.8405977584059776	132.18080148299535
86	8600	801	1000	0	0.7596153846153846	0	801	0.8498999999999977	0.8252184769038702	132.30623118480045
87	8700	800	1000	0	0.8020833333333333	0	800	0.8508999999999977	0.8225	132.42799598375956
88	8800	798	1000	0	0.7717391304347826	0	798	0.8514499999999976	0.8208020050125313	132.54821376800538
89	8900	793	1000	0	0.7280701754385965	0	793	0.8518499999999976	0.819672131147541	132.66481570005416
90	9000	789	1000	0	0.8137254901960784	0	789	0.8528999999999973	0.8212927756653993	132.78377968470255
91	9100	788	1000	0	0.8725490196078431	0	788	0.8533999999999973	0.8210659898477157	132.90249228080114
92	9200	786	1000	0	0.788135593220339	0	786	0.853949999999997	0.811704834605598	133.034716796875
93	9300	782	1000	0	0.7818181818181817	0	782	0.8544499999999968	0.8158567774936062	133.16063688198724
94	9400	779	1000	0	0.7962962962962963	0	779	0.8549499999999963	0.8125802310654685	133.28728915055592
95	9500	776	1000	0	0.8400000000000001	0	776	0.8557999999999962	0.8079896907216495	133.40461064974468
96	9600	776	1000	0	0.8295454545454546	0	776	0.8564999999999957	0.7976804123711341	133.52893023490907
97	9700	775	1000	0	0.8026315789473684	0	775	0.8571499999999957	0.7948387096774193	133.64720744689305
98	9800	772	1000	0	0.8653846153846154	0	772	0.8577999999999957	0.8031088082901554	133.76524613300958
99	9900	771	1000	0	0.8191489361702128	0	771	0.8590999999999952	0.8028534370946823	133.88875826597214
100	10000	769	1000	0	0.8913043478260869	0	769	0.8596499999999951	0.7958387516254877	134.011798230807
101	10100	772	1000	0	0.9199999999999999	0	772	0.8596999999999948	0.8069948186528497	136.42946751515072
102	10200	772	1000	0	0.875	0	772	0.8606999999999944	0.8095854922279793	136.55566691557567
103	10300	776	1000	0	0.9270833333333333	0	776	0.8614499999999942	0.8041237113402062	136.68258308172227
104	10400	773	1000	0	0.9239130434782609	0	773	0.8618999999999942	0.7981888745148771	136.81355475187303
105	10500	774	1000	0	0.9035087719298245	0	774	0.8628499999999939	0.789405684754522	136.94359964927037
106	10600	771	1000	0	0.9705882352941176	0	771	0.8632999999999937	0.7846952010376135	137.06588170131047
107	10700	773	1000	0	0.9901960784313726	0	773	0.8643999999999934	0.7787839586028461	137.19718329906465
108	10800	775	1000	0	0.9915254237288136	0	775	0.8647499999999932	0.7819354838709678	137.32213719685873
109	10900	773	1000	0	0.9727272727272727	0	773	0.8647499999999932	0.7930142302716688	137.43738026618956
110	11000	766	1000	0	0.9907407407407407	0	766	0.8653499999999933	0.7989556135770235	137.56187506516775
111	11100	763	1000	0	1.0	0	763	0.8663999999999928	0.7942332896461337	137.69219789902368
112	11200	769	1000	0	1.0	0	769	0.8673499999999923	0.7906371911573472	137.8234027504921
113	11300	769	1000	0	1.0	0	769	0.8676499999999921	0.7893368010403121	137.94984013239542
114	11400	770	1000	0	1.0	0	770	0.868499999999992	0.787012987012987	138.07766208251317
115	11500	770	1000	0	1.0	0	770	0.8694999999999916	0.7818181818181819	138.20799083312352
116	11600	770	1000	0	1.0	0	770	0.8698499999999915	0.7896103896103897	138.33020401795704
117	11700	770	1000	0	1.0	0	770	0.8699999999999913	0.7922077922077922	138.44824539820354
118	11800	771	1000	0	1.0	0	771	0.8702499999999913	0.7976653696498055	138.5678651849429
119	11900	766	1000	0	1.0	0	766	0.8707499999999915	0.8015665796344648	138.6946666320165
120	12000	760	1000	0	1.0	0	760	0.8709499999999916	0.8131578947368421	138.81676763296127
121	12100	759	1000	0	1.0	0	759	0.8709499999999917	0.8326745718050066	138.93391058047612
122	12200	756	1000	0	1.0	0	756	0.8718499999999916	0.8253968253968254	139.06136764685314
123	12300	755	1000	0	1.0	0	755	0.8724499999999913	0.833112582781457	139.18607509930928
124	12400	758	1000	0	1.0	0	758	0.8725499999999912	0.8337730870712401	139.3084296186765
125	12500	760	1000	0	1.0	0	760	0.8728499999999909	0.8223684210526315	139.43280389706294
126	12600	765	1000	0	1.0	0	765	0.8732499999999906	0.8156862745098039	139.5574693163236
127	12700	768	1000	0	1.0	0	768	0.8736999999999906	0.82421875	139.6831113497416
128	12800	769	1000	0	1.0	0	769	0.8743499999999905	0.8335500650195059	139.81172303358713
129	12900	768	1000	0	1.0	0	768	0.8743499999999907	0.83984375	139.93401089906692
130	13000	771	1000	0	1.0	0	771	0.8744999999999907	0.8274967574578469	140.0727640469869
131	13100	770	1000	0	1.0	0	770	0.8751499999999905	0.8363636363636363	140.1948060830434
132	13200	773	1000	0	1.0	0	773	0.8762499999999902	0.8201811125485123	140.33789178133011
133	13300	771	1000	0	1.0	0	771	0.8763499999999902	0.8223086900129701	140.4610365509987
134	13400	769	1000	0	1.0	0	769	0.8767999999999901	0.8166449934980494	140.59074768225352
135	13500	769	1000	0	1.0	0	769	0.8768999999999904	0.8218465539661899	140.7123969992002
136	13600	771	1000	0	1.0	0	771	0.8770499999999904	0.8223086900129701	140.83746024767558
137	13700	771	1000	0	1.0	0	771	0.8772499999999901	0.8158236057068742	140.96596821546555
138	13800	774	1000	0	1.0	0	774	0.8776999999999902	0.8087855297157622	141.10012247959773
139	13900	774	1000	0	1.0	0	774	0.8781499999999899	0.8010335917312662	141.2396396835645
140	14000	776	1000	0	1.0	0	776	0.8783499999999896	0.7976804123711341	141.37180364926655
141	14100	774	1000	0	1.0	0	774	0.8785999999999897	0.7984496124031008	141.4988891005516
142	14200	775	1000	0	1.0	0	775	0.8786999999999897	0.8	141.62838116486867
143	14300	777	1000	0	1.0	0	777	0.8789999999999896	0.7966537966537967	141.76150344610215
144	14400	778	1000	0	1.0	0	778	0.8789999999999896	0.7994858611825193	141.892130001386
145	14500	777	1000	0	1.0	0	777	0.8790499999999896	0.8018018018018018	142.01942613124848
146	14600	779	1000	0	1.0	0	779	0.8793499999999898	0.810012836970475	142.15643356243768
147	14700	780	1000	0	1.0	0	780	0.8796999999999897	0.8051282051282052	142.28992859919865
148	14800	778	1000	0	1.0	0	778	0.8800999999999897	0.8136246786632391	142.42405073245365
149	14900	787	1000	0	1.0	0	787	0.8807999999999893	0.7852604828462516	142.58084220091501
150	15000	789	1000	0	1.0	0	789	0.881299999999989	0.7731305449936628	142.72450021505355
151	15100	791	1000	0	1.0	0	791	0.8818499999999887	0.7673830594184576	142.86946126619975
152	15200	795	1000	0	1.0	0	795	0.8819499999999886	0.7647798742138365	143.01515208482743
153	15300	800	1000	0	1.0	0	800	0.882649999999988	0.75125	143.16648088296253
154	15400	798	1000	0	1.0	0	798	0.883049999999988	0.7543859649122807	143.30949731667837
155	15500	796	1000	0	1.0	0	796	0.883799999999988	0.7437185929648241	143.47444633245468
156	15600	794	1000	0	1.0	0	794	0.883949999999988	0.7443324937027708	143.62374708255132
157	15700	798	1000	0	1.0	0	798	0.8843499999999875	0.7180451127819549	143.79569914738337
158	15800	795	1000	0	1.0	0	795	0.8843999999999876	0.7169811320754716	143.94004468123117
159	15900	798	1000	0	1.0	0	798	0.8844499999999875	0.7167919799498746	144.0872085491816
160	16000	799	1000	0	1.0	0	799	0.8846499999999875	0.7096370463078848	144.23156666755676
161	16100	803	1000	0	1.0	0	803	0.8851499999999872	0.6973848069738481	144.38768103122712
162	16200	805	1000	0	1.0	0	805	0.8851499999999874	0.7018633540372671	144.53585598071416
163	16300	806	1000	0	1.0	0	806	0.8858499999999875	0.6947890818858561	144.69484579960505
164	16400	805	1000	0	1.0	0	805	0.8860499999999876	0.698136645962733	144.84247894684475
165	16500	805	1000	0	1.0	0	805	0.8860999999999876	0.7118012422360248	144.9811827023824
166	16600	805	1000	0	1.0	0	805	0.8863499999999875	0.724223602484472	145.12818928559622
167	16700	808	1000	0	1.0	0	808	0.8865499999999872	0.7116336633663366	145.28315711418787
168	16800	807	1000	0	1.0	0	807	0.8867499999999873	0.7273853779429987	145.42377721468608
169	16900	808	1000	0	1.0	0	808	0.8868499999999873	0.7339108910891089	145.56738856633504
170	17000	813	1000	0	1.0	0	813	0.8875999999999873	0.7146371463714637	145.7406097650528
171	17100	812	1000	0	1.0	0	812	0.8875999999999872	0.7352216748768473	145.8768188158671
172	17200	819	1000	0	1.0	0	819	0.8878499999999869	0.7216117216117216	146.04056998093924
173	17300	822	1000	0	1.0	0	822	0.8880499999999867	0.7347931873479319	146.19552408059437
174	17400	821	1000	0	1.0	0	821	0.8881499999999867	0.7356881851400731	146.34810349941253
175	17500	821	1000	0	1.0	0	821	0.8882999999999867	0.7454323995127893	146.49099006652833
176	17600	825	1000	0	1.0	0	825	0.8885999999999866	0.7393939393939394	146.64859496752422
177	17700	829	1000	0	1.0	0	829	0.8889499999999867	0.7346200241254524	146.81646621624628
178	17800	832	1000	0	1.0	0	832	0.8892499999999867	0.7295673076923077	146.97661043405532
179	17900	835	1000	0	1.0	0	835	0.8892999999999868	0.7425149700598802	147.12029790083568
180	18000	836	1000	0	1.0	0	836	0.8898499999999867	0.7165071770334929	147.2987873474757
181	18100	837	1000	0	1.0	0	837	0.8899499999999866	0.7108721624850657	147.45711821317673
182	18200	836	1000	0	1.0	0	836	0.8901499999999867	0.7081339712918661	147.62819060087205
183	18300	836	1000	0	1.0	0	836	0.8902999999999868	0.7129186602870813	147.7778207182884
184	18400	835	1000	0	1.0	0	835	0.8907499999999866	0.7053892215568862	147.9469372987747
185	18500	835	1000	0	1.0	0	835	0.8907499999999866	0.7089820359281437	148.09888510306675
186	18600	837	1000	0	1.0	0	837	0.8911999999999866	0.7335722819593787	148.2563168168068
187	18700	838	1000	0	1.0	0	838	0.8912499999999864	0.7243436754176611	148.41255291700364
188	18800	838	1000	0	1.0	0	838	0.8915499999999865	0.7398568019093079	148.56523356437683
189	18900	839	1000	0	1.0	0	839	0.8915499999999865	0.7508939213349225	148.7104442834854
190	19000	841	1000	0	1.0	0	841	0.8919499999999864	0.7360285374554102	148.88134881655375
191	19100	840	1000	0	1.0	0	840	0.8919499999999864	0.7476190476190476	149.02904173135758
192	19200	838	1000	0	1.0	0	838	0.8919499999999865	0.766109785202864	149.17441591819127
193	19300	844	1000	0	1.0	0	844	0.8922499999999862	0.7677725118483413	149.36370401382447
194	19400	852	1000	0	1.0	0	852	0.8926499999999858	0.7511737089201878	149.58411319653194
195	19500	851	1000	0	1.0	0	851	0.892899999999986	0.7379553466509988	149.75924843549728
196	19600	852	1000	0	1.0	0	852	0.8930499999999859	0.7546948356807511	149.93316601514817
197	19700	856	1000	0	1.0	0	856	0.893149999999986	0.7523364485981309	150.0926819483439
198	19800	858	1000	0	1.0	0	858	0.8932499999999858	0.7622377622377622	150.26088933547337
199	19900	863	1000	0	1.0	0	863	0.893399999999986	0.7450753186558516	150.45622778336207
200	20000	857	1000	0	1.0	0	857	0.893649999999986	0.7526254375729288	150.61526721715927
201	20100	858	1000	0	1.0	0	858	0.8941499999999859	0.7331002331002331	150.79175951480866
202	20200	863	1000	0	1.0	0	863	0.894349999999986	0.7207415990730012	150.96880743106206
203	20300	859	1000	0	1.0	0	859	0.894349999999986	0.729918509895227	151.13187483151754
204	20400	858	1000	0	1.0	0	858	0.8948499999999859	0.6806526806526807	151.3508230527242
205	20500	857	1000	0	1.0	0	857	0.8949999999999858	0.6744457409568262	151.52149263223012
206	20600	859	1000	0	1.0	0	859	0.8949999999999856	0.6775320139697323	151.6887017687162
207	20700	858	1000	0	1.0	0	858	0.8949999999999856	0.6724941724941725	151.85059141715368
208	20800	854	1000	0	1.0	0	854	0.8950499999999856	0.6744730679156908	152.00497161547344
209	20900	852	1000	0	1.0	0	852	0.8950999999999857	0.6807511737089202	152.1956067999204
210	21000	854	1000	0	1.0	0	854	0.8951999999999856	0.7014051522248244	152.36662888526917
211	21100	858	1000	0	1.0	0	858	0.8952999999999857	0.710955710955711	152.54105791250865
212	21200	862	1000	0	1.0	0	862	0.8953499999999855	0.7157772621809745	152.703910168012
213	21300	872	1000	0	1.0	0	872	0.8954499999999856	0.6972477064220184	152.88266063133875
214	21400	868	1000	0	1.0	0	868	0.8957999999999856	0.684331797235023	153.081643084685
215	21500	873	1000	0	1.0	0	873	0.8957999999999858	0.6964490263459335	153.2511376818021
216	21600	872	1000	0	1.0	0	872	0.8957999999999858	0.6892201834862385	153.43615622917812
217	21700	874	1000	0	1.0	0	874	0.8961999999999858	0.6922196796338673	153.616368329525
218	21800	874	1000	0	1.0	0	874	0.8962999999999859	0.7093821510297483	153.77848054965338
219	21900	873	1000	0	1.0	0	873	0.8964499999999861	0.6918671248568156	153.98030988375345
220	22000	873	1000	0	1.0	0	873	0.8966999999999861	0.7308132875143184	154.14021850029627
221	22100	879	1000	0	1.0	0	879	0.8968499999999859	0.7372013651877133	154.31673996448518
222	22200	876	1000	0	1.0	0	876	0.896849999999986	0.7465753424657534	154.4774171511332
223	22300	874	1000	0	1.0	0	874	0.8971499999999862	0.7402745995423341	154.65533403158187
224	22400	875	1000	0	1.0	0	875	0.8971499999999861	0.736	154.82600643237433
225	22500	875	1000	0	1.0	0	875	0.8971499999999861	0.7622857142857142	154.98130173285801
226	22600	877	1000	0	1.0	0	877	0.8971999999999862	0.7537058152793614	155.16807524760563
227	22700	884	1000	0	1.0	0	884	0.8972499999999859	0.7239819004524887	155.3927412668864
228	22800	884	1000	0	1.0	0	884	0.8972499999999858	0.7205882352941176	155.58090743223826
229	22900	879	1000	0	1.0	0	879	0.8972499999999858	0.7315130830489193	155.76020534833273
230	23000	878	1000	0	1.0	0	878	0.8972499999999858	0.7334851936218679	155.950270930926
231	23100	885	1000	0	1.0	0	885	0.8973999999999858	0.7096045197740113	156.1667941490809
232	23200	884	1000	0	1.0	0	884	0.8975499999999859	0.7115384615384616	156.36106731891633
233	23300	886	1000	0	1.0	0	886	0.897549999999986	0.7144469525959368	156.54525492986042
234	23400	885	1000	0	1.0	0	885	0.897749999999986	0.7129943502824859	156.72570745150247
235	23500	887	1000	0	1.0	0	887	0.8977499999999861	0.7158962795941376	156.91470863024395
236	23600	883	1000	0	1.0	0	883	0.8977499999999863	0.7066817667044167	157.10240168174107
237	23700	876	1000	0	1.0	0	876	0.8977499999999865	0.70662100456621	157.28542004823686
238	23800	876	1000	0	1.0	0	876	0.8979999999999865	0.6929223744292238	157.46827350060144
239	23900	888	1000	0	1.0	0	888	0.8980499999999866	0.6745495495495496	157.68794529835384
240	24000	884	1000	0	1.0	0	884	0.8980499999999866	0.6787330316742082	157.88580726385118
241	24100	883	1000	0	1.0	0	883	0.8980499999999867	0.6704416761041903	158.07020514806112
242	24200	883	1000	0	1.0	0	883	0.8980499999999866	0.6772366930917327	158.25350261529286
243	24300	884	1000	0	1.0	0	884	0.8981999999999865	0.6945701357466063	158.45501008033753
244	24400	886	1000	0	1.0	0	886	0.8981999999999865	0.7054176072234764	158.63124485015868
245	24500	879	1000	0	1.0	0	879	0.8982999999999864	0.6973833902161547	158.82350028355916
246	24600	882	1000	0	1.0	0	882	0.8982999999999863	0.6972789115646258	159.00833441416424
247	24700	880	1000	0	1.0	0	880	0.8982999999999862	0.6977272727272728	159.2232284982999
248	24800	878	1000	0	1.0	0	878	0.8982999999999862	0.7038724373576309	159.40554446776707
249	24900	883	1000	0	1.0	0	883	0.8982999999999861	0.6942242355605889	159.6056820511818
250	25000	884	1000	0	1.0	0	884	0.8982999999999861	0.6990950226244343	159.78324441512424
251	25100	887	1000	0	1.0	0	887	0.898499999999986	0.685456595264938	163.52716631889342
252	25200	888	1000	0	1.0	0	888	0.8984999999999861	0.6824324324324325	163.7157184322675
253	25300	892	1000	0	1.0	0	892	0.8986999999999861	0.6737668161434978	163.90921658277512
254	25400	893	1000	0	1.0	0	893	0.8986999999999861	0.6875699888017918	164.07768005132675
255	25500	895	1000	0	1.0	0	895	0.8986999999999861	0.7083798882681565	164.26620563268662
256	25600	900	1000	0	1.0	0	900	0.8988499999999859	0.6933333333333334	164.49732006788253
257	25700	900	1000	0	1.0	0	900	0.8988499999999859	0.7022222222222222	164.67249794801077
258	25800	900	1000	0	1.0	0	900	0.8988999999999859	0.6866666666666666	164.88180924654006
259	25900	897	1000	0	1.0	0	897	0.8988999999999859	0.7146042363433668	165.05756880044936
260	26000	900	1000	0	1.0	0	900	0.898899999999986	0.71	165.2512834350268
261	26100	901	1000	0	1.0	0	901	0.8988999999999862	0.7269700332963374	165.42999114990235
262	26200	901	1000	0	1.0	0	901	0.8989499999999861	0.7125416204217536	165.65275071461994
263	26300	898	1000	0	1.0	0	898	0.8989499999999861	0.7115812917594655	165.87374216715494
264	26400	904	1000	0	1.0	0	904	0.898949999999986	0.6946902654867256	166.09640174706777
265	26500	904	1000	0	1.0	0	904	0.898949999999986	0.7057522123893806	166.28881636460622
266	26600	907	1000	0	1.0	0	907	0.8989499999999858	0.6901874310915105	166.50597275098164
267	26700	904	1000	0	1.0	0	904	0.8989499999999858	0.7035398230088495	166.70437801678975
268	26800	907	1000	0	1.0	0	907	0.8989999999999859	0.701212789415656	166.91243935028712
269	26900	905	1000	0	1.0	0	905	0.8989999999999859	0.7182320441988951	167.09128348429996
270	27000	907	1000	0	1.0	0	907	0.8993499999999859	0.6725468577728776	167.34653456608456
271	27100	907	1000	0	1.0	0	907	0.8993499999999859	0.6714443219404631	167.54040910005568
272	27200	906	1000	0	1.0	0	906	0.8993499999999858	0.6920529801324503	167.74639396667482
273	27300	907	1000	0	1.0	0	907	0.899449999999986	0.6692392502756339	167.97862023115158
274	27400	908	1000	0	1.0	0	908	0.899449999999986	0.6718061674008811	168.1718939344088
275	27500	907	1000	0	1.0	0	907	0.8994499999999861	0.6626240352811467	168.37082988023758
276	27600	903	1000	0	1.0	0	903	0.8994499999999862	0.654485049833887	168.6855457464854
277	27700	906	1000	0	1.0	0	906	0.899449999999986	0.6434878587196468	169.03684846957523
278	27800	905	1000	0	1.0	0	905	0.899549999999986	0.6475138121546962	169.3908586025238
279	27900	901	1000	0	1.0	0	901	0.8995499999999861	0.655937846836848	169.74817409912745
280	28000	901	1000	0	1.0	0	901	0.8995499999999862	0.6648168701442841	170.10026746590933
281	28100	904	1000	0	1.0	0	904	0.8995499999999861	0.6504424778761062	170.46447039842604
282	28200	910	1000	0	1.0	0	910	0.899549999999986	0.634065934065934	170.85951230128606
283	28300	911	1000	0	1.0	0	911	0.8995499999999859	0.6421514818880352	171.19032811721166
284	28400	911	1000	0	1.0	0	911	0.8995499999999859	0.6553238199780461	171.50373266537983
285	28500	908	1000	0	1.0	0	908	0.899549999999986	0.6519823788546255	171.8163857460022
286	28600	908	1000	0	1.0	0	908	0.899699999999986	0.6696035242290749	172.16292693217596
287	28700	909	1000	0	1.0	0	909	0.8996999999999861	0.6721672167216721	172.49658377965292
288	28800	911	1000	0	1.0	0	911	0.8996999999999858	0.6695938529088913	172.8639283657074
289	28900	914	1000	0	1.0	0	914	0.8996999999999857	0.6816192560175055	173.21268153587977
290	29000	913	1000	0	1.0	0	913	0.8996999999999857	0.6725082146768894	173.58041081428527
291	29100	915	1000	0	1.0	0	915	0.899699999999986	0.6710382513661202	173.94122476577758
292	29200	915	1000	0	1.0	0	915	0.899699999999986	0.6765027322404371	174.279738732179
293	29300	914	1000	0	1.0	0	914	0.8996999999999861	0.6914660831509847	174.609159219265
294	29400	913	1000	0	1.0	0	913	0.899699999999986	0.6987951807228916	174.9655055642128
295	29500	915	1000	0	1.0	0	915	0.899749999999986	0.7060109289617487	175.3515603820483
296	29600	910	1000	0	1.0	0	910	0.8997499999999861	0.7197802197802198	175.66718999544779
297	29700	915	1000	0	1.0	0	915	0.8997999999999858	0.7300546448087432	176.02020153601964
298	29800	916	1000	0	1.0	0	916	0.8997999999999859	0.7358078602620087	176.40539764563243
299	29900	916	1000	0	1.0	0	916	0.899849999999986	0.7237991266375546	176.78141123056412
300	30000	917	1000	0	1.0	0	917	0.8998499999999858	0.707742639040349	177.19212713241578
301	30100	918	1000	0	1.0	0	918	0.8998499999999858	0.6993464052287581	181.99423031806947
302	30200	918	1000	0	1.0	0	918	0.8998499999999858	0.7004357298474946	182.26607156594594
303	30300	921	1000	0	1.0	0	921	0.899849999999986	0.6894679695982627	182.5326186498006
304	30400	924	1000	0	1.0	0	924	0.8998999999999859	0.6731601731601732	182.81506696939468
305	30500	930	1000	0	1.0	0	930	0.8998999999999856	0.6634408602150538	183.09949474732082
306	30600	930	1000	0	1.0	0	930	0.8998999999999857	0.6709677419354839	183.3450911362966
307	30700	929	1000	0	1.0	0	929	0.8998999999999857	0.6835306781485468	183.55446820259095
308	30800	931	1000	0	1.0	0	931	0.8998999999999856	0.6831364124597207	183.7734242161115
309	30900	928	1000	0	1.0	0	928	0.8998999999999856	0.6821120689655172	183.97940783103306
310	31000	929	1000	0	1.0	0	929	0.8998999999999856	0.6932185145317545	184.1901555498441
311	31100	931	1000	0	1.0	0	931	0.8998999999999856	0.686358754027927	184.43053526480992
312	31200	933	1000	0	1.0	0	933	0.8998999999999856	0.6580921757770632	184.7152885834376
313	31300	933	1000	0	1.0	0	933	0.8998999999999856	0.6559485530546624	184.95917895237605
314	31400	933	1000	0	1.0	0	933	0.8998999999999856	0.6709539121114684	185.18206375042598
315	31500	937	1000	0	1.0	0	937	0.8998999999999854	0.6787620064034151	185.40311634937922
316	31600	937	1000	0	1.0	0	937	0.8998999999999855	0.6734258271077909	185.6386018514633
317	31700	937	1000	0	1.0	0	937	0.8998999999999854	0.6627534685165422	185.88691460291545
318	31800	934	1000	0	1.0	0	934	0.8998999999999854	0.6788008565310493	186.11495803197224
319	31900	930	1000	0	1.0	0	930	0.8998999999999854	0.6806451612903226	186.3672211488088
320	32000	930	1000	0	1.0	0	930	0.8998999999999854	0.710752688172043	186.57886321942013
321	32100	933	1000	0	1.0	0	933	0.8998999999999853	0.7031082529474812	186.84142024914425
322	32200	934	1000	0	1.0	0	934	0.8998999999999852	0.7077087794432548	187.07695448001226
323	32300	935	1000	0	1.0	0	935	0.8998999999999852	0.7037433155080214	187.29912038246792
324	32400	934	1000	0	1.0	0	934	0.8998999999999853	0.7109207708779444	187.52876330216725
325	32500	934	1000	0	1.0	0	934	0.8998999999999853	0.7205567451820128	187.73795708417893
326	32600	931	1000	0	1.0	0	931	0.8998999999999854	0.7121374865735768	187.9758759498596
327	32700	928	1000	0	1.0	0	928	0.8998999999999854	0.7241379310344828	188.2099777817726
328	32800	934	1000	0	1.0	0	934	0.8998999999999855	0.7473233404710921	188.43787675301235
329	32900	936	1000	0	1.0	0	936	0.8998999999999855	0.7489316239316239	188.69838308095933
330	33000	940	1000	0	1.0	0	940	0.8998999999999854	0.7148936170212766	189.00416878461837
331	33100	942	1000	0	1.0	0	942	0.8998999999999854	0.7133757961783439	189.23539505004882
332	33200	939	1000	0	1.0	0	939	0.8998999999999855	0.6954206602768903	189.50254503091176
333	33300	941	1000	0	1.0	0	941	0.8999499999999855	0.7003188097768331	189.76137483517329
334	33400	942	1000	0	1.0	0	942	0.8999499999999855	0.6953290870488322	190.00349520047504
335	33500	939	1000	0	1.0	0	939	0.8999499999999855	0.6890308839190629	190.26322796742122
336	33600	939	1000	0	1.0	0	939	0.8999499999999855	0.6656017039403621	190.5744151155154
337	33700	935	1000	0	1.0	0	935	0.8999499999999855	0.6919786096256685	190.855126730601
338	33800	936	1000	0	1.0	0	936	0.8999499999999856	0.6901709401709402	191.11889141400655
339	33900	934	1000	0	1.0	0	934	0.8999499999999857	0.6937901498929336	191.3480808655421
340	34000	935	1000	0	1.0	0	935	0.8999499999999857	0.6983957219251337	191.59274484713873
341	34100	935	1000	0	1.0	0	935	0.8999499999999856	0.6844919786096256	191.89633191426594
342	34200	936	1000	0	1.0	0	936	0.8999499999999855	0.6848290598290598	192.1696996172269
343	34300	931	1000	0	1.0	0	931	0.8999499999999855	0.682062298603652	192.47381446758905
344	34400	931	1000	0	1.0	0	931	0.8999499999999855	0.686358754027927	192.7743739962578
345	34500	928	1000	0	1.0	0	928	0.8999499999999855	0.6885775862068966	193.10580023129782
346	34600	929	1000	0	1.0	0	929	0.8999499999999856	0.71259418729817	193.3676316658656
347	34700	927	1000	0	1.0	0	927	0.8999499999999857	0.7087378640776699	193.65527268250784
348	34800	928	1000	0	1.0	0	928	0.8999499999999856	0.7144396551724138	193.9689524491628
349	34900	929	1000	0	1.0	0	929	0.8999499999999856	0.7158234660925726	194.23495461543402
350	35000	929	1000	0	1.0	0	929	0.8999499999999855	0.7168998923573735	194.48042548497517
351	35100	928	1000	0	1.0	0	928	0.8999499999999857	0.740301724137931	194.70279521544774
352	35200	927	1000	0	1.0	0	927	0.8999499999999857	0.749730312837109	194.95949185291926
353	35300	931	1000	0	1.0	0	931	0.8999499999999855	0.7207303974221267	195.24939551353455
354	35400	929	1000	0	1.0	0	929	0.8999499999999855	0.71259418729817	195.51279621918997
355	35500	928	1000	0	1.0	0	928	0.8999499999999856	0.6939655172413793	195.75810358524322
356	35600	928	1000	0	1.0	0	928	0.8999499999999856	0.6799568965517241	195.993208082517
357	35700	927	1000	0	1.0	0	927	0.8999999999999858	0.6871628910463862	196.2214586655299
358	35800	931	1000	0	1.0	0	931	0.8999999999999857	0.673469387755102	196.4791187842687
359	35900	935	1000	0	1.0	0	935	0.8999999999999858	0.6716577540106952	196.7574489156405
360	36000	936	1000	0	1.0	0	936	0.8999999999999857	0.6752136752136753	197.06491501331328
361	36100	936	1000	0	1.0	0	936	0.8999999999999857	0.6848290598290598	197.3213887969653
362	36200	939	1000	0	1.0	0	939	0.8999999999999855	0.6815761448349308	197.60615990161895
363	36300	935	1000	0	1.0	0	935	0.8999999999999855	0.6919786096256685	197.84165876706442
364	36400	934	1000	0	1.0	0	934	0.8999999999999855	0.7012847965738758	198.06664746602377
365	36500	938	1000	0	1.0	0	938	0.8999999999999854	0.7004264392324094	198.29536021550496
366	36600	938	1000	0	1.0	0	938	0.8999999999999854	0.7036247334754797	198.57535014947254
367	36700	937	1000	0	1.0	0	937	0.8999999999999854	0.6979722518676628	198.84738988081614
368	36800	942	1000	0	1.0	0	942	0.8999999999999853	0.6878980891719745	199.13994106849034
369	36900	943	1000	0	1.0	0	943	0.8999999999999854	0.7104984093319194	199.37438235282897
370	37000	939	1000	0	1.0	0	939	0.8999999999999855	0.739084132055378	199.59506194988887
371	37100	939	1000	0	1.0	0	939	0.8999999999999855	0.7220447284345048	199.91168071428936
372	37200	938	1000	0	1.0	0	938	0.8999999999999856	0.7366737739872068	200.16592174768448
373	37300	939	1000	0	1.0	0	939	0.8999999999999855	0.7060702875399361	200.48444516658782
374	37400	937	1000	0	1.0	0	937	0.8999999999999855	0.7246531483457844	200.7369696855545
375	37500	939	1000	0	1.0	0	939	0.8999999999999855	0.7348242811501597	200.98037421305975
376	37600	939	1000	0	1.0	0	939	0.8999999999999855	0.7476038338658147	201.20854413112005
377	37700	939	1000	0	1.0	0	939	0.8999999999999854	0.7433439829605963	201.4418933669726
378	37800	940	1000	0	1.0	0	940	0.8999999999999854	0.7585106382978724	201.66757003466287
379	37900	942	1000	0	1.0	0	942	0.8999999999999854	0.7515923566878981	201.91620851357777
380	38000	944	1000	0	1.0	0	944	0.8999999999999854	0.7447033898305084	202.16646103461582
381	38100	942	1000	0	1.0	0	942	0.8999999999999855	0.7441613588110403	202.3919722000758
382	38200	940	1000	0	1.0	0	940	0.8999999999999854	0.7457446808510638	202.63163657983145
383	38300	939	1000	0	1.0	0	939	0.8999999999999855	0.7476038338658147	202.87821222941082
384	38400	939	1000	0	1.0	0	939	0.8999999999999855	0.7582534611288605	203.1335136850675
385	38500	935	1000	0	1.0	0	935	0.8999999999999856	0.7486631016042781	203.3778647303581
386	38600	933	1000	0	1.0	0	933	0.8999999999999856	0.7277599142550911	203.6483493844668
387	38700	933	1000	0	1.0	0	933	0.8999999999999856	0.7438370846730975	203.9019931991895
388	38800	936	1000	0	1.0	0	936	0.8999999999999856	0.7393162393162394	204.1498769481977
389	38900	933	1000	0	1.0	0	933	0.8999999999999856	0.7642015005359056	204.43123734792073
390	39000	937	1000	0	1.0	0	937	0.8999999999999854	0.7459978655282817	204.79549204905828
391	39100	937	1000	0	1.0	0	937	0.8999999999999854	0.7513340448239061	205.05883021354674
392	39200	936	1000	0	1.0	0	936	0.8999999999999853	0.7403846153846154	205.35739784638088
393	39300	936	1000	0	1.0	0	936	0.8999999999999854	0.7361111111111112	205.6211538831393
394	39400	936	1000	0	1.0	0	936	0.8999999999999855	0.7094017094017094	205.93368353048962
395	39500	937	1000	0	1.0	0	937	0.8999999999999855	0.7086446104589115	206.2169785141945
396	39600	937	1000	0	1.0	0	937	0.8999999999999856	0.7107790821771611	206.50023115078608
397	39700	935	1000	0	1.0	0	935	0.8999999999999856	0.7090909090909091	206.77530826330184
398	39800	935	1000	0	1.0	0	935	0.8999999999999856	0.7155080213903743	207.01309005022048
399	39900	937	1000	0	1.0	0	937	0.8999999999999856	0.695837780149413	207.31060873270036
400	40000	938	1000	0	1.0	0	938	0.8999999999999856	0.6897654584221748	207.58648784955344
401	40100	938	1000	0	1.0	0	938	0.8999999999999855	0.6918976545842217	207.83597534894943
402	40200	938	1000	0	1.0	0	938	0.8999999999999855	0.7057569296375267	208.12059524854024
403	40300	940	1000	0	1.0	0	940	0.8999999999999855	0.6819148936170213	208.49336966673533
404	40400	938	1000	0	1.0	0	938	0.8999999999999855	0.685501066098081	208.7936490972837
405	40500	938	1000	0	1.0	0	938	0.8999999999999854	0.6567164179104478	209.1794690489769
406	40600	938	1000	0	1.0	0	938	0.8999999999999855	0.67590618336887	209.46308884620666
407	40700	935	1000	0	1.0	0	935	0.8999999999999856	0.6663101604278074	209.76117358207702
408	40800	935	1000	0	1.0	0	935	0.8999999999999856	0.6598930481283423	210.08428601423898
409	40900	938	1000	0	1.0	0	938	0.8999999999999855	0.6577825159914712	210.3493678331375
410	41000	935	1000	0	1.0	0	935	0.8999999999999855	0.6770053475935829	210.61280914942424
411	41100	936	1000	0	1.0	0	936	0.8999999999999854	0.6805555555555556	210.84098920027415
412	41200	937	1000	0	1.0	0	937	0.8999999999999855	0.6574172892209178	211.18324423233668
413	41300	936	1000	0	1.0	0	936	0.8999999999999855	0.6591880341880342	211.41842163403828
414	41400	934	1000	0	1.0	0	934	0.8999999999999856	0.6541755888650964	211.67577540079753
415	41500	937	1000	0	1.0	0	937	0.8999999999999855	0.6659551760939167	211.9596920967102
416	41600	936	1000	0	1.0	0	936	0.8999999999999855	0.6688034188034188	212.2427083492279
417	41700	937	1000	0	1.0	0	937	0.8999999999999855	0.6670224119530416	212.50004904667537
418	41800	939	1000	0	1.0	0	939	0.8999999999999856	0.6517571884984026	212.7786406159401
419	41900	939	1000	0	1.0	0	939	0.8999999999999856	0.6656017039403621	213.0186308979988
420	42000	935	1000	0	1.0	0	935	0.8999999999999857	0.6705882352941176	213.26440866390865
421	42100	936	1000	0	1.0	0	936	0.8999999999999857	0.6816239316239316	213.54991858005525
422	42200	938	1000	0	1.0	0	938	0.8999999999999856	0.6812366737739872	213.78769926627476
423	42300	935	1000	0	1.0	0	935	0.8999999999999857	0.6866310160427808	214.03977986574174
424	42400	933	1000	0	1.0	0	933	0.8999999999999856	0.7063236870310825	214.2826381802559
425	42500	933	1000	0	1.0	0	933	0.8999999999999857	0.6806002143622722	214.59487306674322
426	42600	931	1000	0	1.0	0	931	0.8999999999999856	0.6788399570354458	214.86208068132402
427	42700	931	1000	0	1.0	0	931	0.8999999999999856	0.682062298603652	215.10736476580303
428	42800	927	1000	0	1.0	0	927	0.8999999999999856	0.7303128371089536	215.3439206322034
429	42900	929	1000	0	1.0	0	929	0.8999999999999855	0.7330462863293864	215.58537661631902
430	43000	929	1000	0	1.0	0	929	0.8999999999999855	0.7459634015069968	215.81186206738155
431	43100	930	1000	0	1.0	0	930	0.8999999999999856	0.7612903225806451	216.04601336717604
432	43200	929	1000	0	1.0	0	929	0.8999999999999855	0.7728740581270183	216.31011024713516
433	43300	932	1000	0	1.0	0	932	0.8999999999999855	0.7832618025751072	216.55455865065258
434	43400	930	1000	0	1.0	0	930	0.8999999999999856	0.7903225806451613	216.81200511455535
435	43500	930	1000	0	1.0	0	930	0.8999999999999856	0.7838709677419354	217.0684535821279
436	43600	931	1000	0	1.0	0	931	0.8999999999999855	0.7744360902255639	217.3480136156082
437	43700	930	1000	0	1.0	0	930	0.8999999999999855	0.7709677419354839	217.64788001378378
438	43800	932	1000	0	1.0	0	932	0.8999999999999855	0.7714592274678111	217.88863190015158
439	43900	931	1000	0	1.0	0	931	0.8999999999999855	0.7765843179377014	218.14335120121638
440	44000	936	1000	0	1.0	0	936	0.8999999999999856	0.7596153846153846	218.45059971809388
441	44100	938	1000	0	1.0	0	938	0.8999999999999857	0.7761194029850746	218.72196331818898
442	44200	940	1000	0	1.0	0	940	0.8999999999999857	0.7531914893617021	219.0416364312172
443	44300	939	1000	0	1.0	0	939	0.8999999999999856	0.7422790202342918	219.34125276406607
444	44400	940	1000	0	1.0	0	940	0.8999999999999856	0.7308510638297873	219.6343256990115
445	44500	940	1000	0	1.0	0	940	0.8999999999999857	0.7276595744680852	219.93658203283945
446	44600	940	1000	0	1.0	0	940	0.8999999999999857	0.7244680851063829	220.2176354845365
447	44700	942	1000	0	1.0	0	942	0.8999999999999857	0.7186836518046709	220.5019265294075
448	44800	941	1000	0	1.0	0	941	0.8999999999999858	0.6992561105207227	220.84214870134988
449	44900	947	1000	0	1.0	0	947	0.8999999999999856	0.6884899683210137	221.15488083362578
450	45000	950	1000	0	1.0	0	950	0.8999999999999855	0.6831578947368421	221.47220569849014
451	45100	949	1000	0	1.0	0	949	0.8999999999999855	0.684931506849315	221.7661754488945
452	45200	948	1000	0	1.0	0	948	0.8999999999999855	0.6845991561181435	222.07505789995193
453	45300	952	1000	0	1.0	0	952	0.8999999999999856	0.6712184873949579	222.44469906489056
454	45400	952	1000	0	1.0	0	952	0.8999999999999856	0.6764705882352942	222.73762106895447
455	45500	953	1000	0	1.0	0	953	0.8999999999999854	0.6516264428121721	223.0962042649587
456	45600	952	1000	0	1.0	0	952	0.8999999999999854	0.6691176470588235	223.39016209840776
457	45700	954	1000	0	1.0	0	954	0.8999999999999854	0.660377358490566	223.73236171801884
458	45800	951	1000	0	1.0	0	951	0.8999999999999854	0.6593059936908517	224.0866917490959
459	45900	949	1000	0	1.0	0	949	0.8999999999999855	0.6701791359325606	224.36543111403782
460	46000	947	1000	0	1.0	0	947	0.8999999999999855	0.675818373812038	224.66233381430308
461	46100	947	1000	0	1.0	0	947	0.8999999999999855	0.6863780359028511	224.94694178501766
462	46200	945	1000	0	1.0	0	945	0.8999999999999856	0.6783068783068783	225.2493571480115
463	46300	945	1000	0	1.0	0	945	0.8999999999999856	0.6867724867724868	225.53563678264618
464	46400	946	1000	0	1.0	0	946	0.8999999999999855	0.7040169133192389	225.85442613363267
465	46500	946	1000	0	1.0	0	946	0.8999999999999855	0.7124735729386892	226.1679958820343
466	46600	947	1000	0	1.0	0	947	0.8999999999999855	0.7106652587117213	226.5096422155698
467	46700	947	1000	0	1.0	0	947	0.8999999999999854	0.7053854276663146	226.88662329912185
468	46800	951	1000	0	1.0	0	951	0.8999999999999854	0.6961093585699264	227.34713291724523
469	46900	951	1000	0	1.0	0	951	0.8999999999999854	0.7087276550998949	227.65727063417435
470	47000	952	1000	0	1.0	0	952	0.8999999999999853	0.7037815126050421	227.93199784755706
471	47100	953	1000	0	1.0	0	953	0.8999999999999851	0.7124868835257083	228.27606045007707
472	47200	953	1000	0	1.0	0	953	0.8999999999999851	0.7030430220356768	228.66698923508326
473	47300	952	1000	0	1.0	0	952	0.899999999999985	0.7153361344537815	229.043550546964
474	47400	952	1000	0	1.0	0	952	0.8999999999999851	0.7216386554621849	229.4443546017011
475	47500	952	1000	0	1.0	0	952	0.8999999999999851	0.7132352941176471	229.82097899913788
476	47600	950	1000	0	1.0	0	950	0.8999999999999851	0.7242105263157895	230.17095756530762
477	47700	951	1000	0	1.0	0	951	0.8999999999999853	0.722397476340694	230.4959768652916
478	47800	952	1000	0	1.0	0	952	0.8999999999999853	0.7184873949579832	230.86263123353322
479	47900	950	1000	0	1.0	0	950	0.8999999999999855	0.7094736842105264	231.30072156588236
480	48000	954	1000	0	1.0	0	954	0.8999999999999854	0.7075471698113207	231.74521152973176
481	48100	954	1000	0	1.0	0	954	0.8999999999999854	0.709643605870021	240.5877209822337
482	48200	959	1000	0	1.0	0	959	0.8999999999999855	0.708029197080292	241.02014377911885
483	48300	960	1000	0	1.0	0	960	0.8999999999999855	0.6979166666666666	241.69294103384019
484	48400	962	1000	0	1.0	0	962	0.8999999999999855	0.6995841995841996	242.14849820137024
485	48500	960	1000	0	1.0	0	960	0.8999999999999856	0.6947916666666667	242.47485536734263
486	48600	956	1000	0	1.0	0	956	0.8999999999999857	0.6861924686192469	242.7982608318329
487	48700	959	1000	0	1.0	0	959	0.8999999999999855	0.6694473409801877	243.21533555189768
488	48800	957	1000	0	1.0	0	957	0.8999999999999855	0.6802507836990596	243.5217489004135
489	48900	956	1000	0	1.0	0	956	0.8999999999999856	0.6893305439330544	243.8007741491
490	49000	953	1000	0	1.0	0	953	0.8999999999999856	0.7030430220356768	244.14904431502023
491	49100	949	1000	0	1.0	0	949	0.8999999999999856	0.708113804004215	244.61677826245625
492	49200	949	1000	0	1.0	0	949	0.8999999999999856	0.6954689146469969	245.03651089668273
493	49300	948	1000	0	1.0	0	948	0.8999999999999857	0.6719409282700421	245.459557278951
494	49400	945	1000	0	1.0	0	945	0.8999999999999858	0.6550264550264551	245.90430818398792
495	49500	943	1000	0	1.0	0	943	0.8999999999999858	0.6648992576882291	246.22214980125426
496	49600	940	1000	0	1.0	0	940	0.8999999999999857	0.6680851063829787	246.5131651322047
497	49700	939	1000	0	1.0	0	939	0.8999999999999858	0.6560170394036209	246.82280821402867
498	49800	940	1000	0	1.0	0	940	0.8999999999999857	0.6659574468085107	247.18497741619746
499	49900	940	1000	0	1.0	0	940	0.8999999999999857	0.6925531914893617	247.61228543519974
500	50000	940	1000	0	1.0	0	940	0.8999999999999857	0.6978723404255319	248.01435329914094
