Epoch	Explore_Iteration	MacroPopSize	MicroPopSize	RMSE	Accuracy_Estimate	RuleCount	TreeCount	AveGenerality	ExpRules	Time(min)
1	100	1000	1000	0	0.5	0	1000	0.8689999999999998	0.0	0.11490217049916586
2	200	1000	1000	0	0.5	0	1000	0.8684499999999998	0.0	0.2295379678408305
3	300	1000	1000	0	0.5094339622641509	0	1000	0.8682499999999995	0.0	0.3465381026268005
4	400	1000	1000	0	0.5076489533011272	0	1000	0.8667999999999997	0.0	0.4654399871826172
5	500	1000	1000	0	0.51	0	1000	0.8667499999999997	0.0	0.585432235399882
6	600	1000	1000	0	0.4703525641025641	0	1000	0.8660999999999996	0.0	0.7060075879096985
7	700	1000	1000	0	0.4030448717948718	0	1000	0.8658499999999999	0.0	0.8274485508600871
8	800	998	1000	0	0.44283413848631237	0	998	0.8661499999999999	0.0	0.9499924023946126
9	900	998	1000	0	0.4949000407996736	0	998	0.8651500000000001	0.0	1.0775705178578694
10	1000	998	1000	0	0.48659463785514206	0	998	0.8645499999999998	0.0	1.202552318572998
11	1100	998	1000	0	0.4575830332132853	0	998	0.8640999999999996	0.0	1.3288514534632365
12	1200	997	1000	0	0.5142620917734602	0	997	0.8633999999999995	0.0	1.4598003387451173
13	1300	997	1000	0	0.4696969696969697	0	997	0.8627499999999995	0.0	1.5940808018048604
14	1400	997	1000	0	0.44243156199677935	0	997	0.8630999999999992	0.0	1.731002720197042
15	1500	997	1000	0	0.5	0	997	0.8634999999999993	0.0	1.8662567178408305
16	1600	997	1000	0	0.4366883116883117	0	997	0.8629999999999994	0.0	2.001361588637034
17	1700	996	1000	0	0.5904074702886248	0	996	0.8623499999999994	0.8082329317269076	2.117007235685984
18	1800	995	1000	0	0.5889423076923077	0	995	0.861699999999999	0.8	2.234836983680725
19	1900	991	1000	0	0.574668807707748	0	991	0.861249999999999	0.8032290615539859	2.348613953590393
20	2000	991	1000	0	0.6247987117552335	0	991	0.8611499999999993	0.8062563067608476	2.463282350699107
21	2100	987	1000	0	0.5700000000000001	0	987	0.8604499999999992	0.7993920972644377	2.5802876035372417
22	2200	986	1000	0	0.5224358974358975	0	986	0.8601499999999992	0.8032454361054767	2.6937343875567117
23	2300	983	1000	0	0.4551282051282051	0	983	0.8587999999999991	0.8016276703967447	2.811112185319265
24	2400	980	1000	0	0.5515297906602254	0	980	0.8584499999999992	0.8030612244897959	2.925388956069946
25	2500	975	1000	0	0.5148918808649531	0	975	0.8586999999999987	0.8020512820512821	3.040253984928131
26	2600	972	1000	0	0.52781112444978	0	972	0.8577499999999985	0.8034979423868313	3.157079835732778
27	2700	970	1000	0	0.49759903961584634	0	970	0.8567499999999982	0.8	3.2722081025441487
28	2800	969	1000	0	0.5115750310045473	0	969	0.8560999999999983	0.8008255933952528	3.3875183701515197
29	2900	971	1000	0	0.502020202020202	0	971	0.8555999999999985	0.7909371781668383	3.505873449643453
30	3000	968	1000	0	0.5132850241545894	0	968	0.8553999999999985	0.7944214876033058	3.6207496841748554
31	3100	969	1000	0	0.56	0	969	0.8548999999999984	0.7966976264189887	3.7355271339416505
32	3200	965	1000	0	0.44805194805194803	0	965	0.8547499999999983	0.8020725388601037	3.8481930534044904
33	3300	962	1000	0	0.6188455008488964	0	962	0.8547999999999984	0.8066528066528067	3.9598412195841473
34	3400	961	1000	0	0.5873397435897436	0	961	0.8541499999999984	0.8064516129032258	4.074317987759908
35	3500	959	1000	0	0.5865114411882778	0	959	0.8534499999999983	0.8050052137643379	4.186482469240825
36	3600	957	1000	0	0.6264090177133655	0	957	0.853149999999998	0.8066875653082549	4.299943236509959
37	3700	955	1000	0	0.5	0	955	0.852199999999998	0.806282722513089	4.416687937577565
38	3800	950	1000	0	0.5673076923076923	0	950	0.851149999999998	0.8010526315789473	4.530242653687795
39	3900	945	1000	0	0.48237179487179493	0	945	0.8503999999999974	0.7978835978835979	4.646533219019572
40	4000	943	1000	0	0.5986312399355878	0	943	0.8504499999999979	0.7953340402969247	4.760272137324015
41	4100	941	1000	0	0.518359853121175	0	941	0.8504499999999979	0.7948990435706695	4.872022052605947
42	4200	941	1000	0	0.5904361744697879	0	941	0.849999999999998	0.7927736450584485	4.987289571762085
43	4300	938	1000	0	0.5516206482593038	0	938	0.8497499999999977	0.7878464818763327	5.100976967811585
44	4400	935	1000	0	0.4886316659776767	0	935	0.8492999999999982	0.788235294117647	5.213472119967142
45	4500	934	1000	0	0.5323232323232323	0	934	0.8484999999999983	0.7890792291220556	5.328551455338796
46	4600	934	1000	0	0.5636070853462158	0	934	0.8479499999999985	0.7869379014989293	5.439124850432078
47	4700	931	1000	0	0.52	0	931	0.8466999999999983	0.7841031149301826	5.551922718683879
48	4800	928	1000	0	0.4375	0	928	0.8451499999999982	0.7672413793103449	5.668624750773112
49	4900	924	1000	0	0.5246179966044142	0	924	0.8451499999999981	0.7770562770562771	5.779000401496887
50	5000	920	1000	0	0.5753205128205128	0	920	0.8449499999999985	0.782608695652174	5.88805513381958
51	5100	916	1000	0	0.5608189482135688	0	916	0.8445499999999984	0.7838427947598253	5.996664182345072
52	5200	912	1000	0	0.5869565217391304	0	912	0.843649999999998	0.7872807017543859	6.106284300486247
53	5300	907	1000	0	0.53	0	907	0.8434999999999981	0.802646085997795	6.2135456522305805
54	5400	907	1000	0	0.5769230769230769	0	907	0.8427999999999987	0.7927232635060639	6.3271252353986105
55	5500	903	1000	0	0.4807692307692308	0	903	0.8426999999999986	0.7929125138427464	6.435869566599528
56	5600	900	1000	0	0.5124798711755233	0	900	0.8429999999999984	0.7922222222222223	6.547197020053863
57	5700	893	1000	0	0.5626274989800082	0	893	0.842699999999999	0.8006718924972005	6.653193517525991
58	5800	890	1000	0	0.6088435374149659	0	890	0.8425499999999989	0.8078651685393259	6.7598851203918455
59	5900	886	1000	0	0.5292116846738695	0	886	0.842599999999999	0.8126410835214447	6.865262619654337
60	6000	883	1000	0	0.5293509714758164	0	883	0.8422499999999993	0.8165345413363534	6.973158983389537
61	6100	874	1000	0	0.5585858585858585	0	874	0.8419499999999998	0.8077803203661327	7.086682017644247
62	6200	870	1000	0	0.57085346215781	0	870	0.8419000000000001	0.7965517241379311	7.2007087707519535
63	6300	866	1000	0	0.54	0	866	0.8412000000000001	0.8025404157043879	7.307328768571218
64	6400	861	1000	0	0.4967532467532467	0	861	0.8409500000000003	0.8130081300813008	7.417012937863668
65	6500	860	1000	0	0.5428692699490663	0	860	0.8408	0.8127906976744186	7.520909202098847
66	6600	854	1000	0	0.5921474358974359	0	854	0.8407500000000003	0.8231850117096019	7.628819835186005
67	6700	855	1000	0	0.5939381774387795	0	855	0.8411000000000005	0.8187134502923976	7.7354880174001055
68	6800	853	1000	0	0.5885668276972624	0	853	0.8411000000000004	0.8182883939038686	7.844886235396067
69	6900	846	1000	0	0.55	0	846	0.8408000000000004	0.8238770685579196	7.948350302378336
70	7000	842	1000	0	0.6153846153846154	0	842	0.8411000000000004	0.83729216152019	8.047478020191193
71	7100	835	1000	0	0.5240384615384616	0	835	0.8408000000000003	0.8491017964071856	8.151226953665416
72	7200	831	1000	0	0.5173107890499196	0	831	0.8403500000000006	0.8640192539109507	8.25203741788864
73	7300	827	1000	0	0.6387188902488781	0	827	0.8402500000000012	0.8561064087061668	8.353858053684235
74	7400	825	1000	0	0.6472589035614246	0	825	0.8400500000000012	0.8606060606060606	8.450087221463521
75	7500	820	1000	0	0.5676270508203282	0	820	0.8400500000000009	0.8512195121951219	8.559145720799764
76	7600	819	1000	0	0.5266639107069037	0	819	0.8403000000000013	0.8498168498168498	8.664847453435263
77	7700	817	1000	0	0.5484848484848485	0	817	0.8404000000000015	0.8518971848225214	8.763054784138998
78	7800	812	1000	0	0.5458937198067633	0	812	0.8401500000000012	0.8633004926108374	8.86497641801834
79	7900	810	1000	0	0.51	0	810	0.8402500000000012	0.8679012345679012	8.961926718552908
80	8000	810	1000	0	0.4991883116883117	0	810	0.8398000000000014	0.8641975308641975	9.064068535963694
81	8100	805	1000	0	0.547962648556876	0	805	0.8395000000000016	0.8770186335403727	9.160974748929341
82	8200	801	1000	0	0.6233974358974359	0	801	0.8390000000000019	0.8813982521847691	9.26128535270691
83	8300	799	1000	0	0.5574066639903653	0	799	0.8387500000000018	0.886107634543179	9.357147320111592
84	8400	796	1000	0	0.6010466988727858	0	796	0.8383500000000015	0.8957286432160804	9.455628816286723
85	8500	789	1000	0	0.5700000000000001	0	789	0.8380500000000013	0.8922686945500634	9.554769718647004
86	8600	786	1000	0	0.6041666666666666	0	786	0.8377500000000013	0.8893129770992366	9.651209433873495
87	8700	788	1000	0	0.5488782051282052	0	788	0.8376000000000016	0.8781725888324873	9.756268819173178
88	8800	785	1000	0	0.5346215780998389	0	785	0.8373500000000015	0.8929936305732484	9.849467372894287
89	8900	787	1000	0	0.6126070991432069	0	787	0.837500000000001	0.8831003811944091	9.951756982008616
90	9000	780	1000	0	0.6052420968387355	0	780	0.8374500000000009	0.8846153846153846	10.047368550300598
91	9100	779	1000	0	0.5562224889955982	0	779	0.8373500000000013	0.8754813863928113	10.14851188659668
92	9200	776	1000	0	0.5192228193468376	0	776	0.8371500000000011	0.8801546391752577	10.244140700499218
93	9300	770	1000	0	0.48888888888888893	0	770	0.837500000000001	0.887012987012987	10.337496952215831
94	9400	766	1000	0	0.5736714975845411	0	766	0.8377000000000012	0.881201044386423	10.432004153728485
95	9500	762	1000	0	0.5	0	762	0.8378500000000012	0.8753280839895013	10.52664146820704
96	9600	760	1000	0	0.49512987012987014	0	760	0.8380500000000011	0.8802631578947369	10.62308068672816
97	9700	757	1000	0	0.5691850594227504	0	757	0.8376000000000009	0.8863936591809776	10.715839918454488
98	9800	756	1000	0	0.5801282051282051	0	756	0.8379500000000007	0.8783068783068783	10.821790703137715
99	9900	753	1000	0	0.4913689281413087	0	753	0.8379000000000006	0.8698539176626826	10.925667401154836
100	10000	749	1000	0	0.5748792270531401	0	749	0.837450000000001	0.8785046728971962	11.020517567793528
101	10100	748	1000	0	0.5700000000000001	0	748	0.837600000000001	0.8836898395721925	12.750835637251535
102	10200	750	1000	0	0.6121794871794872	0	750	0.8371000000000012	0.888	12.847993004322053
103	10300	747	1000	0	0.5104166666666667	0	747	0.8364500000000012	0.8969210174029452	12.945377985636393
104	10400	745	1000	0	0.5253623188405797	0	745	0.8364500000000011	0.8926174496644296	13.04526215394338
105	10500	742	1000	0	0.5777233782129743	0	742	0.8367000000000014	0.8921832884097035	13.14284743865331
106	10600	739	1000	0	0.5946378551420568	0	739	0.8365000000000017	0.8863328822733424	13.240864253044128
107	10700	737	1000	0	0.5154061624649859	0	737	0.8367000000000018	0.8914518317503393	13.334221883614857
108	10800	735	1000	0	0.5531211244315833	0	735	0.8369000000000016	0.889795918367347	13.427252368132274
109	10900	734	1000	0	0.4777777777777778	0	734	0.8366500000000019	0.8773841961852861	13.5253954688708
110	11000	734	1000	0	0.5394524959742351	0	734	0.8367500000000023	0.8474114441416893	13.631315918763478
111	11100	731	1000	0	0.51	0	731	0.837200000000002	0.8358413132694938	13.73173687060674
112	11200	726	1000	0	0.47970779220779225	0	726	0.8368500000000022	0.8443526170798898	13.825562020142874
113	11300	721	1000	0	0.5984719864176571	0	721	0.8369000000000019	0.8488210818307905	13.917554533481598
114	11400	719	1000	0	0.6209935897435898	0	719	0.8368500000000019	0.8525730180806675	14.010551317532856
115	11500	718	1000	0	0.5196708149337615	0	718	0.836500000000002	0.8593314763231198	14.101562452316283
116	11600	713	1000	0	0.6135265700483092	0	713	0.8366000000000025	0.8639551192145862	14.197176770369213
117	11700	713	1000	0	0.59	0	713	0.8365500000000025	0.8555399719495091	14.29172513882319
118	11800	713	1000	0	0.6113782051282051	0	713	0.8366000000000027	0.8499298737727911	14.385261503855387
119	11900	713	1000	0	0.530448717948718	0	713	0.8367000000000028	0.8373071528751753	14.483931199709575
120	12000	708	1000	0	0.5623993558776167	0	708	0.8366000000000028	0.8502824858757062	14.577660536766052
121	12100	708	1000	0	0.6068951448388413	0	708	0.8369000000000029	0.8502824858757062	14.664765918254853
122	12200	712	1000	0	0.5946378551420568	0	712	0.837050000000003	0.8455056179775281	14.758522935708363
123	12300	713	1000	0	0.5256102440976391	0	713	0.8371000000000031	0.844319775596073	14.844757787386577
124	12400	709	1000	0	0.5981810665564282	0	709	0.8371500000000033	0.849083215796897	14.934251435597737
125	12500	712	1000	0	0.5111111111111111	0	712	0.8375500000000035	0.8412921348314607	15.028254119555156
126	12600	709	1000	0	0.5938003220611916	0	709	0.8377000000000034	0.843441466854725	15.127261885007222
127	12700	711	1000	0	0.55	0	711	0.8379000000000036	0.8410689170182841	15.219097904364268
128	12800	709	1000	0	0.5422077922077922	0	709	0.8379000000000035	0.847672778561354	15.316398803393046
129	12900	709	1000	0	0.6226655348047538	0	709	0.8377500000000034	0.847672778561354	15.412122368812561
130	13000	708	1000	0	0.6522435897435898	0	708	0.8379500000000035	0.8502824858757062	15.506336470444998
131	13100	704	1000	0	0.5479727017262144	0	704	0.8385000000000036	0.8309659090909091	15.608874734242757
132	13200	702	1000	0	0.6505636070853462	0	702	0.8383500000000035	0.8376068376068376	15.708580815792084
133	13300	697	1000	0	0.64	0	697	0.8383000000000033	0.8522238163558106	15.802116668224334
134	13400	700	1000	0	0.6322115384615384	0	700	0.8383000000000036	0.8442857142857143	15.896522867679597
135	13500	693	1000	0	0.578525641025641	0	693	0.8383000000000038	0.8585858585858586	15.989155451456705
136	13600	689	1000	0	0.571658615136876	0	689	0.8382000000000038	0.8751814223512336	16.08098936875661
137	13700	698	1000	0	0.6272949816401469	0	698	0.8392500000000036	0.8467048710601719	16.184799587726594
138	13800	698	1000	0	0.6248499399759904	0	698	0.8401000000000037	0.839541547277937	16.286155120531717
139	13900	696	1000	0	0.555422168867547	0	696	0.8401500000000037	0.8304597701149425	16.386173701286317
140	14000	694	1000	0	0.6639107069036793	0	694	0.8399000000000039	0.8371757925072046	16.47462441921234
141	14100	690	1000	0	0.5737373737373737	0	690	0.8401000000000035	0.8391304347826087	16.569920086860655
142	14200	688	1000	0	0.6139291465378421	0	688	0.8402500000000036	0.8459302325581395	16.666351421674094
143	14300	688	1000	0	0.59	0	688	0.8403500000000037	0.8430232558139535	16.760217905044556
144	14400	686	1000	0	0.560064935064935	0	686	0.8400500000000036	0.8527696793002916	16.849152171611784
145	14500	689	1000	0	0.668081494057725	0	689	0.840550000000004	0.8447024673439768	16.950102206071218
146	14600	689	1000	0	0.6506410256410257	0	689	0.8403500000000041	0.8519593613933236	17.045386370023092
147	14700	689	1000	0	0.5893215576073866	0	689	0.8406000000000046	0.8432510885341074	17.149167203903197
148	14800	686	1000	0	0.6598228663446055	0	686	0.8406500000000048	0.8542274052478134	17.25578421751658
149	14900	685	1000	0	0.6699999999999999	0	685	0.8408500000000049	0.8496350364963504	17.356826237837474
150	15000	686	1000	0	0.6626602564102564	0	686	0.8409000000000049	0.8440233236151603	17.458534268538155
151	15100	690	1000	0	0.6754807692307692	0	690	0.8410500000000052	0.8420289855072464	17.55785145362218
152	15200	687	1000	0	0.6151368760064413	0	687	0.8408000000000054	0.8500727802037845	17.65421496629715
153	15300	688	1000	0	0.7466340269277846	0	688	0.8409500000000055	0.8517441860465116	17.754446001847587
154	15400	689	1000	0	0.6750700280112044	0	689	0.8411000000000056	0.8548621190130624	17.855980817476908
155	15500	686	1000	0	0.6370548219287715	0	686	0.8412500000000056	0.8527696793002916	17.950638417402903
156	15600	682	1000	0	0.7089706490285241	0	682	0.8416000000000059	0.843108504398827	18.05270198583603
157	15700	682	1000	0	0.6828282828282828	0	682	0.8419000000000058	0.841642228739003	18.156561867396036
158	15800	680	1000	0	0.7085346215780999	0	680	0.8421500000000058	0.8382352941176471	18.250268602371214
159	15900	681	1000	0	0.62	0	681	0.8421500000000063	0.8267254038179148	18.357323602835336
160	16000	676	1000	0	0.6834415584415584	0	676	0.8420500000000064	0.8328402366863905	18.4601944009463
161	16100	673	1000	0	0.7457555178268251	0	673	0.8419000000000063	0.8469539375928677	18.55978115002314
162	16200	672	1000	0	0.7131410256410255	0	672	0.8419000000000061	0.8407738095238095	18.658355768521627
163	16300	673	1000	0	0.6754315535929345	0	673	0.8420000000000061	0.849925705794948	18.754599849383037
164	16400	673	1000	0	0.7077294685990339	0	673	0.8418500000000063	0.8528974739970282	18.861823884646096
165	16500	674	1000	0	0.71	0	674	0.8418500000000062	0.8531157270029673	18.975233753522236
166	16600	675	1000	0	0.7131410256410255	0	675	0.8422000000000066	0.845925925925926	19.085805122057597
167	16700	674	1000	0	0.7427884615384616	0	674	0.8425000000000067	0.844213649851632	19.19111298720042
168	16800	672	1000	0	0.71256038647343	0	672	0.8422000000000065	0.8511904761904762	19.28743638594945
169	16900	675	1000	0	0.755405956752346	0	675	0.842500000000007	0.84	19.39378397067388
170	17000	677	1000	0	0.7256902761104442	0	677	0.8430000000000074	0.8286558345642541	19.500230570634205
171	17100	678	1000	0	0.7080832332933173	0	678	0.8430500000000076	0.8289085545722714	19.604284354050954
172	17200	678	1000	0	0.7784208350558082	0	678	0.8431500000000077	0.827433628318584	19.707380517323813
173	17300	674	1000	0	0.703030303030303	0	674	0.8429500000000075	0.8367952522255193	19.8077800710996
174	17400	673	1000	0	0.7612721417069244	0	673	0.8433000000000076	0.8216939078751857	19.92097005446752
175	17500	678	1000	0	0.63	0	678	0.8434000000000074	0.8112094395280236	20.030559055010478
176	17600	678	1000	0	0.724025974025974	0	678	0.8432500000000076	0.8141592920353983	20.132808121045432
177	17700	679	1000	0	0.7801358234295416	0	679	0.8433500000000078	0.812960235640648	20.236023569107054
178	17800	680	1000	0	0.7540064102564102	0	680	0.8436000000000079	0.8132352941176471	20.341838836669922
179	17900	679	1000	0	0.8147330389401846	0	679	0.8441500000000082	0.7952871870397643	20.468661185105642
180	18000	676	1000	0	0.7773752012882448	0	676	0.844000000000008	0.8032544378698225	20.575038234392803
181	18100	675	1000	0	0.75	0	675	0.844000000000008	0.8118518518518518	20.67662181854248
182	18200	673	1000	0	0.7748397435897436	0	673	0.844050000000008	0.8216939078751857	20.786443452040356
183	18300	675	1000	0	0.7836538461538461	0	675	0.8440500000000082	0.8192592592592592	20.894551618893942
184	18400	673	1000	0	0.7958937198067633	0	673	0.8439500000000081	0.8246656760772659	21.00320255359014
185	18500	678	1000	0	0.8310893512851898	0	678	0.8445500000000081	0.8215339233038348	21.11227765480677
186	18600	681	1000	0	0.7763105242096839	0	681	0.8448000000000085	0.8149779735682819	21.240643803278605
187	18700	679	1000	0	0.7484993997599039	0	679	0.8450500000000085	0.8159057437407953	21.360182853539786
188	18800	683	1000	0	0.8112856552294336	0	683	0.8451500000000084	0.808199121522694	21.476083187262216
189	18900	684	1000	0	0.801010101010101	0	684	0.8458500000000085	0.7865497076023392	21.6145520846049
190	19000	682	1000	0	0.8264895330112721	0	682	0.8459500000000083	0.7903225806451613	21.72847476800283
191	19100	686	1000	0	0.85	0	686	0.8461000000000081	0.7682215743440233	21.855970752239227
192	19200	684	1000	0	0.8920454545454546	0	684	0.8460000000000081	0.77046783625731	21.967981386184693
193	19300	684	1000	0	0.8607809847198642	0	684	0.8459500000000081	0.7763157894736842	22.07502773205439
194	19400	696	1000	0	0.8373397435897436	0	696	0.8460500000000087	0.757183908045977	22.20281198422114
195	19500	694	1000	0	0.8619028502609394	0	694	0.8459500000000084	0.7795389048991355	22.312278536955514
196	19600	692	1000	0	0.8236714975845411	0	692	0.8459000000000088	0.7861271676300579	22.42814110517502
197	19700	692	1000	0	0.85	0	692	0.8460000000000084	0.7760115606936416	22.551655785242716
198	19800	693	1000	0	0.8581730769230769	0	693	0.8460000000000086	0.7835497835497836	22.665189901987713
199	19900	697	1000	0	0.8509615384615384	0	697	0.8458000000000088	0.7733142037302726	22.789734737078348
200	20000	699	1000	0	0.8236714975845411	0	699	0.8464000000000089	0.771101573676681	22.909151788552602
201	20100	703	1000	0	0.8659730722154223	0	703	0.847200000000009	0.7596017069701281	23.038043268521626
202	20200	697	1000	0	0.8477390956382553	0	697	0.847200000000009	0.7690100430416069	23.165670601526895
203	20300	697	1000	0	0.8301320528211285	0	697	0.8473500000000089	0.7747489239598279	23.2907208720843
204	20400	697	1000	0	0.8844563869367508	0	697	0.8473500000000092	0.7733142037302726	23.41396540403366
205	20500	691	1000	0	0.8787878787878788	0	691	0.8473500000000088	0.7901591895803184	23.53826178709666
206	20600	692	1000	0	0.8699677938808373	0	692	0.8474000000000089	0.7803468208092486	23.667256585756938
207	20700	695	1000	0	0.88	0	695	0.847650000000009	0.7856115107913669	23.79791818857193
208	20800	691	1000	0	0.9188311688311688	0	691	0.847750000000009	0.7829232995658466	23.917435721556345
209	20900	693	1000	0	0.8607809847198642	0	693	0.8476000000000091	0.7748917748917749	24.044252252578737
210	21000	698	1000	0	0.8373397435897436	0	698	0.8473500000000094	0.7693409742120344	24.19153196811676
211	21100	693	1000	0	0.8619028502609394	0	693	0.8474000000000093	0.772005772005772	24.3254833539327
212	21200	694	1000	0	0.8236714975845411	0	694	0.8471500000000093	0.7723342939481268	24.447762270768482
213	21300	702	1000	0	0.85	0	702	0.8475000000000094	0.7692307692307693	24.581127385298412
214	21400	708	1000	0	0.8581730769230769	0	708	0.8477000000000098	0.7429378531073446	24.73581065336863
215	21500	702	1000	0	0.8509615384615384	0	702	0.84750000000001	0.7478632478632479	24.87204880317052
216	21600	701	1000	0	0.8236714975845411	0	701	0.8476500000000099	0.7589158345221113	25.00056635538737
217	21700	702	1000	0	0.8659730722154223	0	702	0.8478500000000099	0.7535612535612536	25.143571321169535
218	21800	702	1000	0	0.8477390956382553	0	702	0.8482000000000096	0.7336182336182336	25.29627548456192
219	21900	703	1000	0	0.8301320528211285	0	703	0.8482500000000098	0.7368421052631579	25.420229168732963
220	22000	702	1000	0	0.8844563869367508	0	702	0.8483500000000099	0.7336182336182336	25.558873784542083
221	22100	702	1000	0	0.8787878787878788	0	702	0.8485000000000104	0.7122507122507122	25.715853051344553
222	22200	704	1000	0	0.8699677938808373	0	704	0.8484500000000104	0.7173295454545454	25.847733787695567
223	22300	705	1000	0	0.88	0	705	0.8484000000000106	0.7219858156028369	25.99260731935501
224	22400	710	1000	0	0.9188311688311688	0	710	0.8485000000000108	0.7070422535211267	26.150410636266074
225	22500	710	1000	0	0.8607809847198642	0	710	0.8485000000000109	0.7070422535211267	26.294847452640532
226	22600	710	1000	0	0.8373397435897436	0	710	0.8487000000000108	0.7225352112676057	26.42795065244039
227	22700	712	1000	0	0.8619028502609394	0	712	0.8484500000000107	0.7247191011235955	26.570378919442494
228	22800	718	1000	0	0.8236714975845411	0	718	0.8484500000000105	0.7075208913649025	26.729884604612987
229	22900	721	1000	0	0.85	0	721	0.8485000000000108	0.710124826629681	26.878173351287842
230	23000	721	1000	0	0.8581730769230769	0	721	0.8485500000000109	0.7309292649098474	27.015225116411845
231	23100	724	1000	0	0.8509615384615384	0	724	0.8485500000000109	0.7196132596685083	27.17387260198593
232	23200	729	1000	0	0.8236714975845411	0	729	0.8486000000000109	0.7146776406035665	27.338159104188282
233	23300	731	1000	0	0.8659730722154223	0	731	0.8486500000000109	0.7291381668946648	27.482168169816337
234	23400	728	1000	0	0.8477390956382553	0	728	0.8487000000000108	0.728021978021978	27.65018366575241
235	23500	730	1000	0	0.8301320528211285	0	730	0.8486500000000107	0.7178082191780822	27.808559465408326
236	23600	733	1000	0	0.8844563869367508	0	733	0.8487500000000107	0.7175989085948158	27.968712651729582
237	23700	738	1000	0	0.8787878787878788	0	738	0.8487000000000111	0.7208672086720868	28.137804687023163
238	23800	740	1000	0	0.8699677938808373	0	740	0.848800000000011	0.7162162162162162	28.29414474964142
239	23900	738	1000	0	0.88	0	738	0.8487500000000108	0.7235772357723578	28.450120854377747
240	24000	735	1000	0	0.9188311688311688	0	735	0.8488000000000107	0.7401360544217687	28.604222432772318
241	24100	733	1000	0	0.8607809847198642	0	733	0.8487000000000109	0.732605729877217	28.78521211942037
242	24200	735	1000	0	0.8373397435897436	0	735	0.8489500000000108	0.7183673469387755	28.97171428600947
243	24300	737	1000	0	0.8619028502609394	0	737	0.848700000000011	0.7204884667571235	29.151772753397623
244	24400	736	1000	0	0.8236714975845411	0	736	0.8487500000000109	0.7445652173913043	29.29655681848526
245	24500	742	1000	0	0.85	0	742	0.8490000000000111	0.738544474393531	29.460656551520028
246	24600	740	1000	0	0.8581730769230769	0	740	0.8491000000000111	0.731081081081081	29.63205856879552
247	24700	749	1000	0	0.8509615384615384	0	749	0.8491000000000112	0.6995994659546061	29.856320718924206
248	24800	762	1000	0	0.8655394524959743	0	762	0.8493000000000118	0.6653543307086615	30.118627520402274
249	24900	766	1000	0	0.9126886984904121	0	766	0.849100000000012	0.6657963446475196	30.294699120521546
250	25000	764	1000	0	0.8779511804721889	0	764	0.8492500000000122	0.6675392670157068	30.47739570538203
251	25100	767	1000	0	0.8795518207282913	0	767	0.8492000000000121	0.6701434159061278	34.20831813414892
252	25200	769	1000	0	0.9512195121951219	0	769	0.8491500000000122	0.6749024707412223	34.420111234982805
253	25300	772	1000	0	0.906060606060606	0	772	0.8493000000000124	0.6761658031088082	34.62921562194824
254	25400	772	1000	0	0.9162640901771336	0	772	0.8493500000000124	0.6813471502590673	34.8106063524882
255	25500	773	1000	0	0.9	0	773	0.8494500000000124	0.6830530401034929	34.98797461986542
256	25600	774	1000	0	0.952922077922078	0	774	0.8495500000000125	0.6808785529715762	35.181143669287366
257	25700	772	1000	0	0.8870967741935484	0	772	0.8493500000000124	0.6955958549222798	35.35470901727676
258	25800	772	1000	0	0.8870192307692308	0	772	0.8493000000000125	0.7124352331606217	35.53567046721776
259	25900	776	1000	0	0.8831794460056203	0	776	0.8493500000000126	0.7087628865979382	35.73558948834737
260	26000	774	1000	0	0.8764090177133655	0	774	0.8493500000000126	0.7041343669250646	35.92197095155716
261	26100	775	1000	0	0.8999999999999999	0	775	0.8493000000000127	0.6993548387096774	36.1129763563474
262	26200	778	1000	0	0.907051282051282	0	778	0.8493000000000127	0.7095115681233933	36.28703353802363
263	26300	780	1000	0	0.9206730769230769	0	780	0.8494000000000126	0.7371794871794872	36.481708935896556
264	26400	781	1000	0	0.8655394524959743	0	781	0.8493500000000126	0.7874519846350833	36.663887135187785
265	26500	782	1000	0	0.9126886984904121	0	782	0.8493500000000127	0.7864450127877238	36.858971786499026
266	26600	787	1000	0	0.8779511804721889	0	787	0.8493500000000125	0.7509529860228716	37.12237318356832
267	26700	784	1000	0	0.8795518207282913	0	784	0.8495000000000126	0.7512755102040817	37.32296885251999
268	26800	784	1000	0	0.9512195121951219	0	784	0.8497000000000126	0.7525510204081632	37.52787133455276
269	26900	786	1000	0	0.906060606060606	0	786	0.8496500000000125	0.7506361323155216	37.74723330338796
270	27000	787	1000	0	0.9162640901771336	0	787	0.8496500000000125	0.7433290978398983	37.96702601909637
271	27100	790	1000	0	0.9	0	790	0.8496000000000127	0.7265822784810126	38.18125042120616
272	27200	789	1000	0	0.952922077922078	0	789	0.8495500000000127	0.7338403041825095	38.38537833293279
273	27300	793	1000	0	0.8870967741935484	0	793	0.8494000000000127	0.7187894073139974	38.606996870040895
274	27400	801	1000	0	0.8870192307692308	0	801	0.8494000000000127	0.7016229712858927	38.83995515505473
275	27500	799	1000	0	0.8831794460056203	0	799	0.8494000000000127	0.718397997496871	39.03713485399882
276	27600	802	1000	0	0.8764090177133655	0	802	0.8494000000000127	0.71571072319202	39.2477619210879
277	27700	809	1000	0	0.8999999999999999	0	809	0.8496500000000127	0.6946847960444994	39.502168182531996
278	27800	810	1000	0	0.907051282051282	0	810	0.8497000000000127	0.6925925925925925	39.72152158816655
279	27900	815	1000	0	0.9206730769230769	0	815	0.8497500000000124	0.6871165644171779	39.966443653901415
280	28000	817	1000	0	0.8655394524959743	0	817	0.8497000000000124	0.6768665850673194	40.210479553540544
281	28100	817	1000	0	0.9126886984904121	0	817	0.8497500000000126	0.6878824969400245	40.42611560026805
282	28200	819	1000	0	0.8779511804721889	0	819	0.8497500000000128	0.724053724053724	40.64708510239919
283	28300	821	1000	0	0.8795518207282913	0	821	0.8497500000000128	0.7174177831912302	40.87910522222519
284	28400	823	1000	0	0.9512195121951219	0	823	0.8497500000000129	0.7168894289185905	41.108982721964516
285	28500	821	1000	0	0.906060606060606	0	821	0.8497000000000128	0.730816077953715	41.333688433965044
286	28600	826	1000	0	0.9162640901771336	0	826	0.8497500000000128	0.7227602905569007	41.57731105486552
287	28700	825	1000	0	0.9	0	825	0.8496500000000127	0.7369696969696969	41.79337526957194
288	28800	825	1000	0	0.952922077922078	0	825	0.8498000000000129	0.7272727272727273	42.05280623435974
289	28900	827	1000	0	0.8870967741935484	0	827	0.849800000000013	0.7303506650544136	42.28978598515193
290	29000	830	1000	0	0.8870192307692308	0	830	0.849800000000013	0.7506024096385542	42.51398923397064
291	29100	840	1000	0	0.8831794460056203	0	840	0.849750000000013	0.725	42.7862672328949
292	29200	843	1000	0	0.8764090177133655	0	843	0.849800000000013	0.7188612099644128	43.05125321944555
293	29300	839	1000	0	0.8999999999999999	0	839	0.8497500000000132	0.7485101311084624	43.293203234672546
294	29400	847	1000	0	0.907051282051282	0	847	0.8497500000000133	0.7331759149940968	43.57846348285675
295	29500	850	1000	0	0.9206730769230769	0	850	0.8497000000000133	0.7235294117647059	43.86217255194982
296	29600	856	1000	0	0.8655394524959743	0	856	0.8497000000000136	0.7289719626168224	44.123410403728485
297	29700	856	1000	0	0.9126886984904121	0	856	0.8497000000000136	0.7301401869158879	44.35217958291371
298	29800	854	1000	0	0.8779511804721889	0	854	0.8498000000000137	0.7213114754098361	44.61865668694178
299	29900	849	1000	0	0.8795518207282913	0	849	0.8498000000000135	0.7290930506478209	44.85730663537979
300	30000	850	1000	0	0.9512195121951219	0	850	0.8499500000000135	0.7294117647058823	45.10590101877848
301	30100	853	1000	0	0.906060606060606	0	853	0.8498500000000138	0.731535756154748	50.68672455151876
302	30200	855	1000	0	0.9162640901771336	0	855	0.8498500000000139	0.7298245614035088	50.966699568430585
303	30300	856	1000	0	0.9	0	856	0.8498500000000139	0.7091121495327103	51.26481773853302
304	30400	857	1000	0	0.952922077922078	0	857	0.8498500000000139	0.7234539089848308	51.49623045126597
305	30500	856	1000	0	0.8870967741935484	0	856	0.8498000000000141	0.7254672897196262	51.77036593357722
306	30600	861	1000	0	0.8870192307692308	0	861	0.8499000000000142	0.7084785133565621	52.06921652158101
307	30700	866	1000	0	0.8831794460056203	0	866	0.8498000000000141	0.707852193995381	52.358121983210246
308	30800	866	1000	0	0.8764090177133655	0	866	0.8498000000000142	0.7170900692840647	52.61286281744639
309	30900	869	1000	0	0.8999999999999999	0	869	0.8499000000000142	0.715765247410817	52.882637019952135
310	31000	871	1000	0	0.907051282051282	0	871	0.849900000000014	0.7152698048220436	53.19255918661754
311	31100	870	1000	0	0.9206730769230769	0	870	0.8498000000000141	0.7390804597701149	53.439853119850156
312	31200	870	1000	0	0.8655394524959743	0	870	0.8498000000000141	0.7471264367816092	53.68511466582616
313	31300	873	1000	0	0.9126886984904121	0	873	0.8498000000000141	0.736540664375716	53.9544041355451
314	31400	872	1000	0	0.8779511804721889	0	872	0.849850000000014	0.7293577981651376	54.26955413420995
315	31500	873	1000	0	0.8795518207282913	0	873	0.8500000000000139	0.7170675830469645	54.55826215346654
316	31600	872	1000	0	0.9512195121951219	0	872	0.8500000000000137	0.7041284403669725	54.84508321682612
317	31700	874	1000	0	0.906060606060606	0	874	0.8500000000000136	0.6956521739130435	55.13021788597107
318	31800	873	1000	0	0.9162640901771336	0	873	0.8500000000000136	0.7079037800687286	55.38542345364888
319	31900	876	1000	0	0.9	0	876	0.8499500000000138	0.7214611872146118	55.64660600423813
320	32000	884	1000	0	0.952922077922078	0	884	0.8499500000000138	0.6990950226244343	55.982299168904625
321	32100	882	1000	0	0.8870967741935484	0	882	0.8500000000000137	0.7097505668934241	56.242673520247145
322	32200	883	1000	0	0.8870192307692308	0	883	0.8501000000000137	0.7270668176670442	56.52471775213878
323	32300	886	1000	0	0.8831794460056203	0	886	0.8499500000000139	0.7313769751693002	56.79558908541997
324	32400	882	1000	0	0.8764090177133655	0	882	0.8499000000000138	0.7244897959183674	57.087092387676236
325	32500	881	1000	0	0.8999999999999999	0	881	0.8498500000000138	0.7219069239500567	57.39242456754049
326	32600	883	1000	0	0.907051282051282	0	883	0.8498500000000138	0.7191392978482446	57.705125868320465
327	32700	886	1000	0	0.9206730769230769	0	886	0.8499000000000138	0.6952595936794582	58.05743087132772
328	32800	886	1000	0	0.8655394524959743	0	886	0.8499000000000138	0.6896162528216704	58.35102095603943
329	32900	891	1000	0	0.9126886984904121	0	891	0.849900000000014	0.6745230078563412	58.672740920384726
330	33000	895	1000	0	0.8779511804721889	0	895	0.8499500000000141	0.6871508379888268	58.979761902491255
331	33100	896	1000	0	0.8795518207282913	0	896	0.8499500000000141	0.6852678571428571	59.29459278583526
332	33200	893	1000	0	0.9512195121951219	0	893	0.8499500000000141	0.6931690929451287	59.5821499188741
333	33300	895	1000	0	0.906060606060606	0	895	0.8499500000000139	0.6849162011173184	59.88995733261108
334	33400	892	1000	0	0.9162640901771336	0	892	0.8499000000000139	0.6760089686098655	60.211177134513854
335	33500	891	1000	0	0.9	0	891	0.8499000000000139	0.675645342312009	60.51770865122477
336	33600	892	1000	0	0.952922077922078	0	892	0.849900000000014	0.7017937219730942	60.805763618151346
337	33700	890	1000	0	0.8870967741935484	0	890	0.849900000000014	0.6932584269662921	61.12555578549703
338	33800	889	1000	0	0.8870192307692308	0	889	0.849900000000014	0.7019122609673791	61.38379575014115
339	33900	885	1000	0	0.8831794460056203	0	885	0.849900000000014	0.6937853107344633	61.686526934305824
340	34000	880	1000	0	0.8764090177133655	0	880	0.8499000000000139	0.7068181818181818	61.96953195333481
341	34100	882	1000	0	0.8999999999999999	0	882	0.8499000000000139	0.717687074829932	62.24739705324173
342	34200	883	1000	0	0.907051282051282	0	883	0.8499500000000138	0.7270668176670442	62.54431366920471
343	34300	877	1000	0	0.9206730769230769	0	877	0.8500000000000137	0.7480045610034207	62.83693263530731
344	34400	877	1000	0	0.8655394524959743	0	877	0.8499000000000138	0.7594070695553021	63.101574369271596
345	34500	873	1000	0	0.9126886984904121	0	873	0.8499000000000138	0.7709049255441008	63.39259802103042
346	34600	873	1000	0	0.8779511804721889	0	873	0.8499000000000139	0.7800687285223368	63.65578498442968
347	34700	876	1000	0	0.8795518207282913	0	876	0.850050000000014	0.7888127853881278	63.94690213600794
348	34800	877	1000	0	0.9512195121951219	0	877	0.8500500000000139	0.7799315849486887	64.25905987024308
349	34900	886	1000	0	0.906060606060606	0	886	0.8500000000000141	0.7776523702031602	64.60042818784714
350	35000	884	1000	0	0.9162640901771336	0	884	0.8499000000000141	0.7895927601809954	64.8986213684082
351	35100	887	1000	0	0.9	0	887	0.8499000000000141	0.7745208568207441	65.23786628643671
352	35200	890	1000	0	0.952922077922078	0	890	0.8500000000000142	0.7617977528089888	65.57574830055236
353	35300	891	1000	0	0.8870967741935484	0	891	0.8500000000000142	0.7508417508417509	65.95763930082322
354	35400	891	1000	0	0.8870192307692308	0	891	0.8501000000000141	0.7441077441077442	66.27275933424632
355	35500	891	1000	0	0.8831794460056203	0	891	0.8499500000000142	0.7373737373737373	66.6171261548996
356	35600	896	1000	0	0.8764090177133655	0	896	0.8499000000000143	0.734375	66.92431770165761
357	35700	898	1000	0	0.8999999999999999	0	898	0.8499000000000143	0.7271714922048997	67.24058281977972
358	35800	897	1000	0	0.907051282051282	0	897	0.8499000000000143	0.7324414715719063	67.52637121677398
359	35900	898	1000	0	0.9206730769230769	0	898	0.8499000000000143	0.732739420935412	67.82656832138697
360	36000	899	1000	0	0.8655394524959743	0	899	0.8499500000000143	0.7241379310344828	68.1592208345731
361	36100	900	1000	0	0.9126886984904121	0	900	0.8499500000000142	0.7222222222222222	68.47299282153448
362	36200	897	1000	0	0.8779511804721889	0	897	0.8499500000000143	0.7201783723522854	68.79786335229873
363	36300	899	1000	0	0.8795518207282913	0	899	0.8499500000000142	0.7018909899888766	69.16229660113653
364	36400	903	1000	0	0.9512195121951219	0	903	0.8500000000000142	0.689922480620155	69.54517823457718
365	36500	903	1000	0	0.906060606060606	0	903	0.8500000000000142	0.7109634551495017	69.85006523927053
366	36600	901	1000	0	0.9162640901771336	0	901	0.8500000000000141	0.7103218645948945	70.16092618703843
367	36700	903	1000	0	0.9	0	903	0.8501000000000143	0.7131782945736435	70.5138259212176
368	36800	903	1000	0	0.952922077922078	0	903	0.8500000000000141	0.7043189368770764	70.92261218627294
369	36900	904	1000	0	0.8870967741935484	0	904	0.8500000000000141	0.7289823008849557	71.25277935266494
370	37000	906	1000	0	0.8870192307692308	0	906	0.8499500000000142	0.7086092715231788	71.66923643747965
371	37100	909	1000	0	0.8831794460056203	0	909	0.850000000000014	0.6908690869086909	72.11738565365474
372	37200	908	1000	0	0.8764090177133655	0	908	0.8500000000000141	0.6861233480176211	72.4936910867691
373	37300	914	1000	0	0.8999999999999999	0	914	0.8500000000000141	0.6783369803063457	72.90099141995113
374	37400	912	1000	0	0.907051282051282	0	912	0.8499000000000141	0.668859649122807	73.25326528549195
375	37500	913	1000	0	0.9206730769230769	0	913	0.8499000000000141	0.6582694414019715	73.60559076865515
376	37600	908	1000	0	0.8655394524959743	0	908	0.849900000000014	0.6552863436123348	73.98880680004756
377	37700	909	1000	0	0.9126886984904121	0	909	0.850000000000014	0.6457645764576457	74.39695833524068
378	37800	912	1000	0	0.8779511804721889	0	912	0.8500000000000141	0.6326754385964912	74.79233665466309
379	37900	908	1000	0	0.8795518207282913	0	908	0.8499500000000138	0.6398678414096917	75.14832061926523
380	38000	907	1000	0	0.9512195121951219	0	907	0.849900000000014	0.6295479603087101	75.56823776960373
381	38100	910	1000	0	0.906060606060606	0	910	0.850000000000014	0.6131868131868132	75.97203971942265
382	38200	911	1000	0	0.9162640901771336	0	911	0.850000000000014	0.6147091108671789	76.30850795110067
383	38300	915	1000	0	0.9	0	915	0.850050000000014	0.6153005464480874	76.71181625127792
384	38400	914	1000	0	0.952922077922078	0	914	0.8500000000000139	0.6258205689277899	77.0730943997701
385	38500	916	1000	0	0.8870967741935484	0	916	0.8499000000000141	0.6168122270742358	77.49359281857808
386	38600	918	1000	0	0.8870192307692308	0	918	0.850000000000014	0.6252723311546841	77.91185843547186
387	38700	917	1000	0	0.8831794460056203	0	917	0.8499000000000139	0.6553980370774264	78.25812598466874
388	38800	917	1000	0	0.8764090177133655	0	917	0.8499000000000138	0.6543075245365322	78.65393288532893
389	38900	916	1000	0	0.8999999999999999	0	916	0.8499000000000139	0.6713973799126638	79.02706523736317
390	39000	920	1000	0	0.907051282051282	0	920	0.8499000000000138	0.6565217391304348	79.46203221877416
391	39100	921	1000	0	0.9206730769230769	0	921	0.8499000000000138	0.6568946796959826	79.8293676018715
392	39200	922	1000	0	0.8655394524959743	0	922	0.8499000000000139	0.6550976138828634	80.244482533137
393	39300	920	1000	0	0.9126886984904121	0	920	0.8500000000000139	0.6728260869565217	80.5925510207812
394	39400	922	1000	0	0.8779511804721889	0	922	0.8500500000000139	0.6702819956616052	81.00409168799719
395	39500	920	1000	0	0.8795518207282913	0	920	0.8500000000000136	0.6565217391304348	81.46853763659796
396	39600	919	1000	0	0.9512195121951219	0	919	0.8499500000000138	0.6702937976060935	81.8472780028979
397	39700	920	1000	0	0.906060606060606	0	920	0.8500000000000139	0.6815217391304348	82.22899351914724
398	39800	921	1000	0	0.9162640901771336	0	921	0.8500000000000139	0.6786102062975027	82.5833086848259
399	39900	922	1000	0	0.9	0	922	0.8500000000000139	0.6767895878524945	83.01372700134912
400	40000	923	1000	0	0.952922077922078	0	923	0.850000000000014	0.6771397616468039	83.37607123851777
401	40100	921	1000	0	0.8870967741935484	0	921	0.8499500000000141	0.6872964169381107	83.77359295288721
402	40200	922	1000	0	0.8870192307692308	0	922	0.8499500000000142	0.6908893709327549	84.19889945189158
403	40300	925	1000	0	0.8831794460056203	0	925	0.8499000000000142	0.6778378378378378	84.61901643673579
404	40400	924	1000	0	0.8764090177133655	0	924	0.8499000000000142	0.6731601731601732	85.08261358737946
405	40500	927	1000	0	0.8999999999999999	0	927	0.8499000000000143	0.6666666666666666	85.46744170188904
406	40600	927	1000	0	0.907051282051282	0	927	0.8499000000000142	0.6957928802588996	85.8498050848643
407	40700	924	1000	0	0.9206730769230769	0	924	0.8499000000000141	0.6807359307359307	86.27945080200831
408	40800	925	1000	0	0.8655394524959743	0	925	0.8499000000000141	0.7027027027027027	86.58918730417888
409	40900	925	1000	0	0.9126886984904121	0	925	0.8499000000000141	0.6918918918918919	86.95053353309632
410	41000	924	1000	0	0.8779511804721889	0	924	0.8499000000000141	0.6991341991341992	87.27450197140375
411	41100	922	1000	0	0.8795518207282913	0	922	0.850000000000014	0.6995661605206074	87.6902063369751
412	41200	932	1000	0	0.9512195121951219	0	932	0.8499500000000141	0.6695278969957081	88.20912512143452
413	41300	932	1000	0	0.906060606060606	0	932	0.8499500000000142	0.6663090128755365	88.58200073242188
414	41400	933	1000	0	0.9162640901771336	0	933	0.8499000000000142	0.6602357984994641	88.95312733650208
415	41500	931	1000	0	0.9	0	931	0.8499000000000141	0.6713211600429646	89.33002660274505
416	41600	935	1000	0	0.952922077922078	0	935	0.8499000000000142	0.6588235294117647	89.73380653858185
417	41700	931	1000	0	0.8870967741935484	0	931	0.8499000000000141	0.6616541353383458	90.09635183413823
418	41800	929	1000	0	0.8870192307692308	0	929	0.8499000000000141	0.667384284176534	90.4665399034818
419	41900	930	1000	0	0.8831794460056203	0	930	0.8499000000000142	0.6709677419354839	90.84924898544948
420	42000	930	1000	0	0.8764090177133655	0	930	0.8499000000000142	0.6806451612903226	91.23955946763357
421	42100	930	1000	0	0.8999999999999999	0	930	0.8499000000000141	0.6913978494623656	91.59570903380713
422	42200	930	1000	0	0.907051282051282	0	930	0.8499000000000142	0.6935483870967742	91.9592245499293
423	42300	932	1000	0	0.9206730769230769	0	932	0.8499000000000142	0.7006437768240343	92.34241785208384
424	42400	933	1000	0	0.8655394524959743	0	933	0.8499000000000143	0.6752411575562701	92.76894853512447
425	42500	927	1000	0	0.9126886984904121	0	927	0.8499000000000142	0.6796116504854369	93.14768935441971
426	42600	926	1000	0	0.8779511804721889	0	926	0.8499000000000142	0.6792656587473002	93.5157707174619
427	42700	928	1000	0	0.8795518207282913	0	928	0.8500000000000142	0.6702586206896551	93.99144518375397
428	42800	931	1000	0	0.9512195121951219	0	931	0.8499000000000142	0.6960257787325457	94.39308708906174
429	42900	933	1000	0	0.906060606060606	0	933	0.8500500000000142	0.677384780278671	94.87397580544153
430	43000	935	1000	0	0.9162640901771336	0	935	0.8499500000000142	0.6748663101604279	95.31583323876063
431	43100	932	1000	0	0.9	0	932	0.8499500000000142	0.6663090128755365	95.75999875068665
432	43200	931	1000	0	0.952922077922078	0	931	0.8499500000000142	0.6659505907626209	96.18725577195485
433	43300	931	1000	0	0.8870967741935484	0	931	0.8499500000000142	0.6659505907626209	96.55223786830902
434	43400	930	1000	0	0.8870192307692308	0	930	0.8499500000000142	0.6634408602150538	96.93669735193252
435	43500	930	1000	0	0.8831794460056203	0	930	0.8500000000000141	0.6365591397849463	97.46833146810532
436	43600	930	1000	0	0.8764090177133655	0	930	0.8500000000000141	0.6301075268817204	97.97201478481293
437	43700	928	1000	0	0.8999999999999999	0	928	0.8500000000000141	0.6293103448275862	98.346204717954
438	43800	924	1000	0	0.907051282051282	0	924	0.850000000000014	0.6320346320346321	98.7440079689026
439	43900	926	1000	0	0.9206730769230769	0	926	0.850000000000014	0.6393088552915767	99.12461461623509
440	44000	928	1000	0	0.8655394524959743	0	928	0.8500000000000141	0.6551724137931034	99.49197265307109
441	44100	928	1000	0	0.9126886984904121	0	928	0.8500000000000141	0.6540948275862069	99.86770955324172
442	44200	927	1000	0	0.8779511804721889	0	927	0.8500000000000141	0.6483279395900755	100.26446506579717
443	44300	931	1000	0	0.8795518207282913	0	931	0.8501500000000142	0.6509129967776585	100.72229976654053
444	44400	931	1000	0	0.9512195121951219	0	931	0.8501000000000143	0.6595059076262084	101.07865303357443
445	44500	932	1000	0	0.906060606060606	0	932	0.8500500000000141	0.6802575107296137	101.5418294707934
446	44600	933	1000	0	0.9162640901771336	0	933	0.8500000000000141	0.6741693461950696	101.98087763786316
447	44700	933	1000	0	0.9	0	933	0.8500000000000141	0.6752411575562701	102.45671603679656
448	44800	933	1000	0	0.952922077922078	0	933	0.8500000000000141	0.6741693461950696	102.91694997151693
449	44900	936	1000	0	0.8870967741935484	0	936	0.8500000000000141	0.6666666666666666	103.32959841887156
450	45000	936	1000	0	0.8870192307692308	0	936	0.8501000000000143	0.6506410256410257	103.81276755332946
451	45100	936	1000	0	0.8831794460056203	0	936	0.8500000000000141	0.6730769230769231	104.26137875318527
452	45200	937	1000	0	0.8764090177133655	0	937	0.8500000000000142	0.6915688367129136	104.7391570687294
453	45300	937	1000	0	0.8999999999999999	0	937	0.8501000000000143	0.6734258271077909	105.23540651798248
454	45400	937	1000	0	0.907051282051282	0	937	0.8500000000000141	0.6606189967982924	105.74094986518224
455	45500	939	1000	0	0.9206730769230769	0	939	0.8500500000000141	0.6570820021299254	106.21904142300288
456	45600	943	1000	0	0.8655394524959743	0	943	0.8500500000000143	0.6224814422057264	106.91131747166315
457	45700	937	1000	0	0.9126886984904121	0	937	0.8501500000000142	0.6136606189967982	107.37728630304336
458	45800	941	1000	0	0.8779511804721889	0	941	0.8501500000000143	0.5929861849096706	107.90898162126541
459	45900	944	1000	0	0.8795518207282913	0	944	0.8501500000000143	0.5911016949152542	108.4343659679095
460	46000	944	1000	0	0.9512195121951219	0	944	0.8501000000000144	0.5783898305084746	108.89600228865942
461	46100	944	1000	0	0.906060606060606	0	944	0.8500000000000142	0.5921610169491526	109.33943593502045
462	46200	948	1000	0	0.9162640901771336	0	948	0.8500000000000142	0.5864978902953587	109.88892192045847
463	46300	947	1000	0	0.9	0	947	0.8500000000000143	0.5828933474128828	110.39260735114415
464	46400	946	1000	0	0.952922077922078	0	946	0.8500000000000143	0.5909090909090909	110.90212678511938
465	46500	947	1000	0	0.8870967741935484	0	947	0.8500000000000142	0.5934530095036958	111.36362365086873
466	46600	945	1000	0	0.8870192307692308	0	945	0.8500000000000142	0.6042328042328042	111.82747275034586
467	46700	943	1000	0	0.8831794460056203	0	943	0.8500500000000141	0.6108165429480382	112.27978279987971
468	46800	943	1000	0	0.8764090177133655	0	943	0.8500500000000141	0.6246023329798516	112.7057867527008
469	46900	941	1000	0	0.8999999999999999	0	941	0.850000000000014	0.640807651434644	113.12078421910604
470	47000	942	1000	0	0.907051282051282	0	942	0.850050000000014	0.6464968152866242	113.6187528848648
471	47100	940	1000	0	0.9206730769230769	0	940	0.8500500000000139	0.6563829787234042	114.03964126904806
472	47200	940	1000	0	0.8655394524959743	0	940	0.8501500000000137	0.674468085106383	114.55201077063879
473	47300	941	1000	0	0.9126886984904121	0	941	0.8501000000000138	0.6631243358129649	115.05757365226745
474	47400	940	1000	0	0.8779511804721889	0	940	0.8501000000000138	0.6638297872340425	115.61972611745199
475	47500	940	1000	0	0.8795518207282913	0	940	0.8501000000000138	0.674468085106383	116.13095933596293
476	47600	938	1000	0	0.9512195121951219	0	938	0.8501000000000138	0.6791044776119403	116.59102876981099
477	47700	937	1000	0	0.906060606060606	0	937	0.8501500000000137	0.6766275346851655	117.07723171710968
478	47800	936	1000	0	0.9162640901771336	0	936	0.8501500000000136	0.6901709401709402	117.5766164024671
479	47900	940	1000	0	0.9	0	940	0.8501500000000137	0.676595744680851	118.12847956816356
480	48000	943	1000	0	0.952922077922078	0	943	0.8501000000000137	0.6861081654294804	118.65016660292943
481	48100	949	1000	0	0.8870967741935484	0	949	0.8501500000000141	0.6564805057955743	130.3668565352758
482	48200	949	1000	0	0.8870192307692308	0	949	0.8501500000000141	0.6480505795574288	130.96242545048395
483	48300	945	1000	0	0.8831794460056203	0	945	0.8500500000000141	0.6455026455026455	131.45763676961263
484	48400	943	1000	0	0.8764090177133655	0	943	0.850050000000014	0.6373276776246023	131.97325960000356
485	48500	943	1000	0	0.8999999999999999	0	943	0.850050000000014	0.623541887592789	132.5127261718114
486	48600	940	1000	0	0.907051282051282	0	940	0.850050000000014	0.6329787234042553	132.98046383460363
487	48700	940	1000	0	0.9206730769230769	0	940	0.850150000000014	0.6276595744680851	133.4863367676735
488	48800	938	1000	0	0.8655394524959743	0	938	0.850050000000014	0.6460554371002132	133.93050200541813
489	48900	937	1000	0	0.9126886984904121	0	937	0.850000000000014	0.6510138740661686	134.41443155209222
490	49000	940	1000	0	0.8779511804721889	0	940	0.8500000000000141	0.6627659574468086	134.93744225502013
491	49100	937	1000	0	0.8795518207282913	0	937	0.850050000000014	0.6691568836712913	135.39136373202007
492	49200	943	1000	0	0.9512195121951219	0	943	0.8500500000000142	0.6542948038176034	135.98251583576203
493	49300	945	1000	0	0.906060606060606	0	945	0.8500500000000142	0.6582010582010582	136.47119260231653
494	49400	944	1000	0	0.9162640901771336	0	944	0.8500500000000142	0.6684322033898306	136.91578543583552
495	49500	945	1000	0	0.9	0	945	0.8500500000000142	0.6804232804232804	137.43128653764725
496	49600	944	1000	0	0.952922077922078	0	944	0.8500000000000143	0.6578389830508474	138.10145535071692
497	49700	945	1000	0	0.8870967741935484	0	945	0.8501000000000143	0.6888888888888889	138.61773287057878
498	49800	946	1000	0	0.8870192307692308	0	946	0.8500000000000143	0.7167019027484144	139.09571204980213
499	49900	948	1000	0	0.8831794460056203	0	948	0.8500000000000144	0.7194092827004219	139.67285335063934
500	50000	948	1000	0	0.8764090177133655	0	948	0.8500000000000144	0.709915611814346	140.31190876960756
