Epoch	Explore_Iteration	MacroPopSize	MicroPopSize	RMSE	Accuracy_Estimate	RuleCount	TreeCount	AveGenerality	ExpRules	Time(min)
1	100	1000	1000	0	0.5	0	1000	0.8692999999999996	0.0	0.10102861722310384
2	200	1000	1000	0	0.5	0	1000	0.8678499999999993	0.0	0.2032334009806315
3	300	1000	1000	0	0.5	0	1000	0.8667499999999994	0.0	0.3093003511428833
4	400	1000	1000	0	0.5169082125603864	0	1000	0.8662999999999994	0.0	0.4184029340744019
5	500	1000	1000	0	0.47	0	1000	0.8661999999999994	0.0	0.5299203991889954
6	600	998	1000	0	0.45993589743589747	0	998	0.8656999999999995	0.0	0.643571384747823
7	700	998	1000	0	0.5128205128205128	0	998	0.8661499999999998	0.0	0.7571074525515239
8	800	996	1000	0	0.4967793880837359	0	996	0.8666499999999998	0.0	0.8733216524124146
9	900	994	1000	0	0.4538963688290494	0	994	0.8660499999999999	0.0	0.9936667164166768
10	1000	995	1000	0	0.4575830332132853	0	995	0.8660499999999997	0.0	1.1068602482477823
11	1100	996	1000	0	0.4579831932773109	0	996	0.8659999999999995	0.0	1.2295544028282166
12	1200	996	1000	0	0.4315832988838363	0	996	0.8648499999999995	0.0	1.3546297510464986
13	1300	995	1000	0	0.4777777777777778	0	995	0.8641999999999992	0.0	1.4794788519541422
14	1400	995	1000	0	0.4826892109500805	0	995	0.8643999999999991	0.0	1.6012277841567992
15	1500	995	1000	0	0.52	0	995	0.864649999999999	0.0	1.726286232471466
16	1600	993	1000	0	0.5478896103896104	0	993	0.864499999999999	0.0	1.8477546493212382
17	1700	993	1000	0	0.5152801358234296	0	993	0.8642499999999991	0.81067472306143	1.953278652826945
18	1800	989	1000	0	0.5344551282051282	0	989	0.8644499999999992	0.813953488372093	2.0566171526908876
19	1900	985	1000	0	0.5154556403050984	0	985	0.864099999999999	0.8142131979695432	2.160137649377187
20	2000	983	1000	0	0.4834943639291465	0	983	0.8642499999999989	0.8189216683621566	2.26080330212911
21	2100	982	1000	0	0.53	0	982	0.8640999999999986	0.8116089613034623	2.3641273180643716
22	2200	980	1000	0	0.5064102564102564	0	980	0.8640999999999986	0.8112244897959183	2.4679051359494526
23	2300	978	1000	0	0.47275641025641024	0	978	0.8639999999999984	0.810838445807771	2.5699397325515747
24	2400	978	1000	0	0.5233494363929146	0	978	0.8634499999999983	0.8077709611451943	2.6740549842516583
25	2500	979	1000	0	0.51468788249694	0	979	0.8625999999999984	0.8110316649642493	2.7746602177619932
26	2600	975	1000	0	0.4889955982392957	0	975	0.8621499999999985	0.8133333333333334	2.878412135442098
27	2700	973	1000	0	0.5094037615046019	0	973	0.8616999999999985	0.8067831449126414	2.981111053625743
28	2800	972	1000	0	0.5047540305911533	0	972	0.8614499999999984	0.7973251028806584	3.087179652849833
29	2900	971	1000	0	0.49797979797979797	0	971	0.8606999999999982	0.7909371781668383	3.1931554158528646
30	3000	969	1000	0	0.4826892109500805	0	969	0.8608499999999983	0.7956656346749226	3.301423998673757
31	3100	968	1000	0	0.54	0	968	0.8599999999999988	0.7964876033057852	3.413042418162028
32	3200	969	1000	0	0.5186688311688311	0	969	0.8594999999999988	0.7925696594427245	3.519186770915985
33	3300	966	1000	0	0.5101867572156197	0	966	0.8589999999999991	0.8033126293995859	3.6215906023979185
34	3400	960	1000	0	0.5657051282051282	0	960	0.8586499999999991	0.7958333333333333	3.727871000766754
35	3500	957	1000	0	0.5403452428743477	0	957	0.8585499999999987	0.7878787878787878	3.837661651770274
36	3600	956	1000	0	0.5499194847020934	0	956	0.8584499999999987	0.7845188284518828	3.9397154013315836
37	3700	951	1000	0	0.53	0	951	0.858199999999999	0.7781282860147214	4.04590030113856
38	3800	949	1000	0	0.45993589743589747	0	949	0.857849999999999	0.7766069546891464	4.150995250542959
39	3900	947	1000	0	0.4831730769230769	0	947	0.8570999999999991	0.7793030623020063	4.255609234174092
40	4000	947	1000	0	0.5998389694041868	0	947	0.8563499999999994	0.7803590285110876	4.359776453177134
41	4100	946	1000	0	0.5271317829457364	0	946	0.8555999999999994	0.7748414376321353	4.465052064259847
42	4200	945	1000	0	0.5136054421768708	0	945	0.8552499999999997	0.7703703703703704	4.571201300621032
43	4300	942	1000	0	0.5740296118447379	0	942	0.8544	0.7664543524416136	4.675375735759735
44	4400	943	1000	0	0.4489458453906573	0	943	0.8530999999999999	0.767762460233298	4.781449933846791
45	4500	941	1000	0	0.5171717171717172	0	941	0.8520500000000002	0.767268862911796	4.887714270750681
46	4600	942	1000	0	0.5161030595813204	0	942	0.8513000000000001	0.7707006369426752	4.991042403380076
47	4700	940	1000	0	0.59	0	940	0.8502999999999996	0.7691489361702127	5.100819881757101
48	4800	939	1000	0	0.5478896103896104	0	939	0.8498499999999999	0.7731629392971247	5.204737869898478
49	4900	939	1000	0	0.49575551782682514	0	939	0.8493999999999998	0.7710330138445154	5.3090159376462305
50	5000	938	1000	0	0.5689102564102564	0	938	0.8483499999999996	0.7622601279317697	5.4211232701937355
51	5100	936	1000	0	0.5748695303091128	0	936	0.8485999999999996	0.7681623931623932	5.525590451558431
52	5200	934	1000	0	0.5692431561996779	0	934	0.8482999999999997	0.7633832976445396	5.634034868081411
53	5300	934	1000	0	0.47	0	934	0.8459999999999995	0.7483940042826552	5.746558384100596
54	5400	936	1000	0	0.4879807692307692	0	936	0.8447999999999987	0.7371794871794872	5.8614568193753565
55	5500	937	1000	0	0.5136217948717948	0	937	0.8443999999999983	0.7395944503735326	5.969517103830973
56	5600	936	1000	0	0.6191626409017714	0	936	0.8442999999999982	0.7478632478632479	6.073489685853322
57	5700	937	1000	0	0.6005711954304365	0	937	0.8429999999999981	0.743863393810032	6.185157001018524
58	5800	934	1000	0	0.5798319327731092	0	934	0.8428499999999982	0.7526766595289079	6.292561904589335
59	5900	932	1000	0	0.6504601840736295	0	932	0.8422999999999979	0.7553648068669528	6.397276151180267
60	6000	930	1000	0	0.5310045473336089	0	930	0.8417499999999983	0.7612903225806451	6.503479234377543
61	6100	931	1000	0	0.5868686868686869	0	931	0.8409499999999982	0.7593984962406015	6.612355117003123
62	6200	927	1000	0	0.5064412238325282	0	927	0.8398999999999984	0.7551240560949298	6.724685200055441
63	6300	925	1000	0	0.62	0	925	0.8393499999999979	0.7610810810810811	6.8338092048962915
64	6400	921	1000	0	0.547077922077922	0	921	0.8381999999999983	0.747014115092291	6.951947851975759
65	6500	916	1000	0	0.4991511035653651	0	916	0.8366999999999978	0.7467248908296943	7.065463383992513
66	6600	912	1000	0	0.594551282051282	0	912	0.8361999999999982	0.7620614035087719	7.174593234062195
67	6700	909	1000	0	0.6009634684865516	0	909	0.8352999999999982	0.759075907590759	7.280964434146881
68	6800	906	1000	0	0.5571658615136876	0	906	0.8336999999999979	0.7560706401766004	7.393737999598185
69	6900	905	1000	0	0.47	0	905	0.8317499999999978	0.7602209944751381	7.5060058315594995
70	7000	902	1000	0	0.46634615384615385	0	902	0.8307499999999975	0.7682926829268293	7.619760302702586
71	7100	899	1000	0	0.516025641025641	0	899	0.8298999999999979	0.7764182424916574	7.728232717514038
72	7200	894	1000	0	0.5652173913043479	0	894	0.8275999999999979	0.7751677852348994	7.842202297846476
73	7300	892	1000	0	0.5891472868217054	0	892	0.8254499999999985	0.7847533632286996	7.954615167776743
74	7400	887	1000	0	0.5982392957182874	0	887	0.824999999999999	0.7824126268320181	8.067934652169546
75	7500	885	1000	0	0.6296518607442978	0	885	0.8244999999999989	0.7864406779661017	8.17433230082194
76	7600	884	1000	0	0.5198429102935097	0	884	0.8246499999999991	0.7895927601809954	8.285350799560547
77	7700	881	1000	0	0.5808080808080808	0	881	0.8239499999999991	0.8024971623155505	8.397001818815868
78	7800	880	1000	0	0.501610305958132	0	880	0.8238499999999989	0.8136363636363636	8.504612000783284
79	7900	880	1000	0	0.5900000000000001	0	880	0.8234499999999988	0.8204545454545454	8.618380598227183
80	8000	878	1000	0	0.5657467532467533	0	878	0.8228499999999987	0.8257403189066059	8.734872917334238
81	8100	878	1000	0	0.5174023769100169	0	878	0.8223499999999988	0.8280182232346242	8.851159604390462
82	8200	877	1000	0	0.6145833333333334	0	877	0.8226999999999984	0.8380843785632839	8.956028099854787
83	8300	876	1000	0	0.6033721397029306	0	876	0.8224499999999986	0.8356164383561644	9.063996116320292
84	8400	878	1000	0	0.5326086956521738	0	878	0.8203999999999985	0.8394077448747153	9.179890318711598
85	8500	879	1000	0	0.48	0	879	0.8184499999999987	0.8350398179749715	9.298173201084136
86	8600	877	1000	0	0.4855769230769231	0	877	0.8180999999999986	0.8483466362599772	9.413101820151011
87	8700	878	1000	0	0.5056089743589743	0	878	0.8172499999999984	0.8473804100227791	9.532291014989218
88	8800	876	1000	0	0.53743961352657	0	876	0.8174499999999985	0.863013698630137	9.643280915419261
89	8900	873	1000	0	0.5687474500203998	0	873	0.8153999999999992	0.845360824742268	9.77968875169754
90	9000	873	1000	0	0.5982392957182874	0	873	0.8139999999999993	0.8442153493699885	9.898933148384094
91	9100	875	1000	0	0.6092436974789917	0	875	0.8123999999999998	0.8342857142857143	10.022098803520203
92	9200	873	1000	0	0.5113683340223233	0	873	0.8127499999999994	0.8419243986254296	10.141352331638336
93	9300	872	1000	0	0.5717171717171717	0	872	0.8124499999999998	0.8451834862385321	10.25100603501002
94	9400	876	1000	0	0.5108695652173914	0	876	0.8107000000000001	0.8310502283105022	10.381363852818806
95	9500	877	1000	0	0.6000000000000001	0	877	0.8094499999999998	0.8255416191562144	10.516017433007558
96	9600	876	1000	0	0.5795454545454546	0	876	0.8096500000000001	0.8321917808219178	10.638188616434734
97	9700	875	1000	0	0.5275891341256367	0	875	0.8090000000000002	0.84	10.755019017060597
98	9800	876	1000	0	0.6041666666666666	0	876	0.8068500000000005	0.8344748858447488	10.87921111981074
99	9900	879	1000	0	0.6222400642312325	0	879	0.8043500000000007	0.8043230944254836	11.023362270991008
100	10000	878	1000	0	0.5108695652173914	0	878	0.8051000000000008	0.8097949886104784	11.153406731287639
101	10100	879	1000	0	0.5	0	879	0.8043000000000006	0.8100113765642776	13.238046884536743
102	10200	879	1000	0	0.46634615384615385	0	879	0.8031500000000003	0.8100113765642776	13.364847083886465
103	10300	881	1000	0	0.5056089743589743	0	881	0.8026500000000005	0.8059023836549376	13.489693601926168
104	10400	882	1000	0	0.5559581320450886	0	882	0.8021500000000005	0.8095238095238095	13.616009684403737
105	10500	886	1000	0	0.5687474500203998	0	886	0.7996000000000006	0.8148984198645598	13.745407700538635
106	10600	887	1000	0	0.5982392957182874	0	887	0.7985000000000005	0.8139797068771139	13.873399368921916
107	10700	890	1000	0	0.5900360144057624	0	890	0.7961500000000011	0.798876404494382	14.016134337584178
108	10800	893	1000	0	0.5113683340223233	0	893	0.7957500000000008	0.7973124300111982	14.151910547415415
109	10900	893	1000	0	0.5606060606060606	0	893	0.7948500000000012	0.7872340425531915	14.290153336524963
110	11000	894	1000	0	0.4907407407407407	0	894	0.7938000000000011	0.796420581655481	14.410716772079468
111	11100	896	1000	0	0.6100000000000001	0	896	0.7938000000000013	0.8002232142857143	14.540105048815409
112	11200	895	1000	0	0.625	0	895	0.7929000000000014	0.7955307262569833	14.68390233516693
113	11300	889	1000	0	0.5063667232597624	0	889	0.7914000000000014	0.7862767154105736	14.853595530986786
114	11400	889	1000	0	0.592948717948718	0	889	0.7909500000000013	0.7919010123734533	15.000393537680308
115	11500	886	1000	0	0.6435166599759132	0	886	0.7908000000000014	0.8058690744920993	15.131291166941326
116	11600	888	1000	0	0.501610305958132	0	888	0.7897000000000012	0.7995495495495496	15.284488232930501
117	11700	887	1000	0	0.52	0	887	0.7889500000000015	0.7970687711386697	15.419862536589305
118	11800	886	1000	0	0.4951923076923077	0	886	0.7889500000000009	0.7945823927765236	15.573720320065815
119	11900	882	1000	0	0.4863782051282052	0	882	0.7892000000000012	0.8095238095238095	15.696343902746836
120	12000	883	1000	0	0.5575684380032206	0	883	0.7885500000000013	0.8199320498301246	15.833112967014312
121	12100	885	1000	0	0.5658914728682171	0	885	0.787900000000001	0.831638418079096	15.963366985321045
122	12200	888	1000	0	0.6080432172869148	0	888	0.7871000000000011	0.8367117117117117	16.101527098814646
123	12300	890	1000	0	0.5896358543417366	0	890	0.7868000000000014	0.8415730337078652	16.230321836471557
124	12400	891	1000	0	0.5161223646134766	0	891	0.7861000000000008	0.8473625140291807	16.363982319831848
125	12500	896	1000	0	0.5676767676767677	0	896	0.786200000000001	0.8448660714285714	16.5016970038414
126	12600	896	1000	0	0.5217391304347826	0	896	0.7833000000000011	0.8236607142857143	16.668718802928925
127	12700	894	1000	0	0.5900000000000001	0	894	0.783100000000001	0.8299776286353467	16.798481353123982
128	12800	891	1000	0	0.625	0	891	0.7816500000000012	0.8316498316498316	16.9577064037323
129	12900	889	1000	0	0.5305602716468591	0	889	0.7811000000000013	0.8391451068616423	17.088381985823315
130	13000	889	1000	0	0.625801282051282	0	889	0.7813000000000013	0.8368953880764904	17.2275830189387
131	13100	883	1000	0	0.6340826977117624	0	883	0.7796000000000013	0.82559456398641	17.378122035662333
132	13200	880	1000	0	0.5402576489533011	0	880	0.7792500000000014	0.8238636363636364	17.525903900464375
133	13300	884	1000	0	0.55	0	884	0.7791500000000013	0.8122171945701357	17.6793453335762
134	13400	884	1000	0	0.5248397435897436	0	884	0.7778000000000008	0.7941176470588235	17.85252285003662
135	13500	885	1000	0	0.5769230769230769	0	885	0.7779000000000008	0.7932203389830509	17.98177855014801
136	13600	883	1000	0	0.5668276972624798	0	883	0.7777000000000008	0.8040770101925255	18.11797661781311
137	13700	882	1000	0	0.5834353325173398	0	882	0.7774000000000005	0.8095238095238095	18.255390286445618
138	13800	880	1000	0	0.6280512204881953	0	880	0.7777500000000003	0.8090909090909091	18.415945982933046
139	13900	882	1000	0	0.5802320928371348	0	882	0.7783500000000003	0.8117913832199547	18.563535368442537
140	14000	879	1000	0	0.541546093427036	0	879	0.77785	0.8134243458475541	18.70591291586558
141	14100	881	1000	0	0.5878787878787879	0	881	0.7775000000000001	0.8024971623155505	18.860299066702524
142	14200	878	1000	0	0.5619967793880838	0	878	0.7774500000000001	0.816628701594533	19.014161503314973
143	14300	880	1000	0	0.61	0	880	0.7770999999999997	0.8056818181818182	19.16737583478292
144	14400	881	1000	0	0.6810064935064934	0	881	0.7761499999999998	0.8104426787741204	19.318736732006073
145	14500	880	1000	0	0.5891341256366723	0	880	0.7751499999999998	0.8056818181818182	19.503445935249328
146	14600	885	1000	0	0.6266025641025641	0	885	0.7753999999999996	0.7966101694915254	19.667084650198618
147	14700	884	1000	0	0.6824568446407066	0	884	0.7751999999999997	0.7941176470588235	19.831241571903227
148	14800	886	1000	0	0.5772946859903382	0	886	0.7751999999999996	0.791196388261851	19.982872148354847
149	14900	891	1000	0	0.5800000000000001	0	891	0.7736499999999991	0.7721661054994389	20.192894303798674
150	15000	892	1000	0	0.5961538461538461	0	892	0.773499999999999	0.7869955156950673	20.352307800451914
151	15100	892	1000	0	0.5865384615384616	0	892	0.7735499999999991	0.7634529147982063	20.549844702084858
152	15200	889	1000	0	0.5760869565217391	0	889	0.773449999999999	0.7671541057367829	20.716012771924337
153	15300	890	1000	0	0.6358629130966952	0	890	0.7739499999999991	0.7617977528089888	20.88236720164617
154	15400	892	1000	0	0.6884753901560624	0	892	0.773149999999999	0.7511210762331838	21.066029866536457
155	15500	892	1000	0	0.6104441776710685	0	892	0.773149999999999	0.7488789237668162	21.245693969726563
156	15600	891	1000	0	0.5876395204630013	0	891	0.7730499999999991	0.7564534231200898	21.407728119691214
157	15700	891	1000	0	0.6595959595959596	0	891	0.7724999999999993	0.7665544332210998	21.565274667739867
158	15800	891	1000	0	0.6610305958132046	0	891	0.7724999999999992	0.77665544332211	21.72276813586553
159	15900	892	1000	0	0.67	0	892	0.772099999999999	0.7757847533632287	21.917018552621204
160	16000	896	1000	0	0.7508116883116883	0	896	0.7718999999999988	0.7611607142857143	22.10722496906916
161	16100	896	1000	0	0.6850594227504245	0	896	0.7713999999999989	0.7790178571428571	22.26922014951706
162	16200	903	1000	0	0.686698717948718	0	903	0.7697999999999987	0.7652270210409745	22.480475783348083
163	16300	902	1000	0	0.7709755118426336	0	902	0.7698499999999988	0.7605321507760532	22.680170385042825
164	16400	899	1000	0	0.6191626409017714	0	899	0.7693999999999989	0.7552836484983315	22.854607518513998
165	16500	900	1000	0	0.6499999999999999	0	900	0.7682999999999989	0.7411111111111112	23.110076983769734
166	16600	897	1000	0	0.6762820512820513	0	897	0.7678999999999988	0.7569676700111483	23.27309101819992
167	16700	897	1000	0	0.6642628205128205	0	897	0.7668999999999988	0.7558528428093646	23.474899768829346
168	16800	896	1000	0	0.6674718196457328	0	896	0.7667999999999988	0.7667410714285714	23.63430858850479
169	16900	897	1000	0	0.7146062831497348	0	897	0.7670499999999987	0.7547380156075808	23.861197849114735
170	17000	901	1000	0	0.7488995598239296	0	901	0.7668499999999989	0.7624861265260822	24.047116486231484
171	17100	905	1000	0	0.7006802721088435	0	905	0.7658499999999989	0.7635359116022099	24.23332972129186
172	17200	917	1000	0	0.7143447705663497	0	917	0.7640999999999989	0.7306434023991276	24.55083138545354
173	17300	916	1000	0	0.7575757575757576	0	916	0.763649999999999	0.7139737991266376	24.851222320397696
174	17400	919	1000	0	0.7556360708534622	0	919	0.762899999999999	0.7007616974972797	25.11368173758189
175	17500	922	1000	0	0.75	0	922	0.7623999999999991	0.6941431670281996	25.379132537047067
176	17600	922	1000	0	0.7840909090909092	0	922	0.7623999999999991	0.710412147505423	25.568354217211404
177	17700	922	1000	0	0.7920203735144312	0	922	0.762249999999999	0.6908893709327549	25.83289508422216
178	17800	920	1000	0	0.7588141025641025	0	920	0.7619999999999992	0.7097826086956521	26.05287677049637
179	17900	921	1000	0	0.841830590124448	0	921	0.7619499999999991	0.7111834961997828	26.297696936130524
180	18000	921	1000	0	0.7644927536231885	0	921	0.7615499999999993	0.7090119435396308	26.516982901096345
181	18100	921	1000	0	0.79	0	921	0.7608999999999989	0.6927252985884907	26.801242884000143
182	18200	918	1000	0	0.7892628205128205	0	918	0.7606999999999989	0.6786492374727668	27.0914759516716
183	18300	918	1000	0	0.7708333333333333	0	918	0.7604999999999988	0.6840958605664488	27.32418765227
184	18400	921	1000	0	0.7834138486312399	0	921	0.759849999999999	0.6731813246471227	27.589669481913248
185	18500	926	1000	0	0.8078335373317014	0	926	0.7595999999999988	0.6695464362850972	27.843161853154502
186	18600	933	1000	0	0.8595438175270108	0	933	0.759499999999999	0.6452304394426581	28.143482236067452
187	18700	931	1000	0	0.8015206082432973	0	931	0.759499999999999	0.6552094522019334	28.361005067825317
188	18800	926	1000	0	0.8627532038032244	0	926	0.759499999999999	0.6900647948164147	28.5855562210083
189	18900	927	1000	0	0.8424242424242425	0	927	0.758849999999999	0.6957928802588996	28.84612483580907
190	19000	927	1000	0	0.8530595813204509	0	927	0.7584499999999991	0.7011866235167206	29.11519954999288
191	19100	925	1000	0	0.8	0	925	0.7586499999999989	0.7145945945945946	29.368229866027832
192	19200	933	1000	0	0.8628246753246753	0	933	0.7587999999999988	0.692390139335477	29.680787618954977
193	19300	935	1000	0	0.8747877758913413	0	935	0.7586499999999989	0.6919786096256685	29.973858300844828
194	19400	934	1000	0	0.8509615384615384	0	934	0.7586999999999989	0.7002141327623126	30.18948538303375
195	19500	938	1000	0	0.9008430349257326	0	938	0.7594499999999984	0.67590618336887	30.506525297959644
196	19600	938	1000	0	0.8651368760064413	0	938	0.7598499999999981	0.6769722814498934	30.775735966364543
197	19700	940	1000	0	0.8300000000000001	0	940	0.7594999999999981	0.7021276595744681	31.025832919279733
198	19800	948	1000	0	0.8798076923076923	0	948	0.759499999999998	0.6824894514767933	31.401112568378448
199	19900	947	1000	0	0.8693910256410255	0	947	0.7590999999999981	0.6927138331573389	31.64621060291926
200	20000	948	1000	0	0.8683574879227053	0	948	0.7594999999999981	0.7046413502109705	31.904026917616527
201	20100	949	1000	0	0.883516931864545	0	949	0.759699999999998	0.7102212855637513	32.18766928513845
202	20200	949	1000	0	0.9305722288915566	0	949	0.7593499999999976	0.6923076923076923	32.5652645667394
203	20300	947	1000	0	0.8917567026810724	0	947	0.7594999999999974	0.6737064413938754	32.92992345094681
204	20400	947	1000	0	0.9284828441504753	0	947	0.7598999999999971	0.6673706441393875	33.21925616661708
205	20500	944	1000	0	0.9030303030303031	0	944	0.7595999999999965	0.6641949152542372	33.51260035037994
206	20600	946	1000	0	0.8731884057971014	0	946	0.7599499999999962	0.6596194503171248	33.82522351741791
207	20700	947	1000	0	0.8899999999999999	0	947	0.7598999999999962	0.6578669482576558	34.10814996957779
208	20800	944	1000	0	0.9099025974025974	0	944	0.7601999999999962	0.6875	34.37379860083262
209	20900	947	1000	0	0.9040747028862479	0	947	0.7596499999999957	0.7053854276663146	34.63815714915594
210	21000	946	1000	0	0.9318910256410255	0	946	0.7595499999999958	0.7093023255813954	34.883058202266696
211	21100	947	1000	0	0.9090726615816941	0	947	0.7592999999999958	0.720168954593453	35.14687261978785
212	21200	945	1000	0	0.892914653784219	0	945	0.7594499999999961	0.708994708994709	35.45653688510259
213	21300	947	1000	0	0.8999999999999999	0	947	0.759399999999996	0.7106652587117213	35.71495856444041
214	21400	946	1000	0	0.921474358974359	0	946	0.758949999999996	0.7452431289640592	35.96402553717295
215	21500	943	1000	0	0.8693910256410255	0	943	0.7583999999999962	0.7338282078472959	36.30456891854604
216	21600	942	1000	0	0.8792270531400965	0	942	0.758549999999996	0.7239915074309978	36.567896751562756
217	21700	936	1000	0	0.9155446756425949	0	936	0.7586999999999963	0.7297008547008547	36.832207981745405
218	21800	932	1000	0	0.940376150460184	0	932	0.7588499999999965	0.7478540772532188	37.10447766780853
219	21900	931	1000	0	0.9211684673869548	0	931	0.7585999999999965	0.7679914070891515	37.36325293779373
220	22000	930	1000	0	0.9539065729640347	0	930	0.7586999999999967	0.7731182795698924	37.619493035475415
221	22100	930	1000	0	0.9101010101010101	0	930	0.7585999999999966	0.7709677419354839	37.90856025218964
222	22200	932	1000	0	0.9009661835748792	0	932	0.7587499999999965	0.7682403433476395	38.197397351264954
223	22300	935	1000	0	0.9199999999999999	0	935	0.7590499999999963	0.7593582887700535	38.5049078186353
224	22400	938	1000	0	0.9212662337662337	0	938	0.7586999999999967	0.753731343283582	38.781600550810495
225	22500	936	1000	0	0.9011035653650254	0	936	0.7586499999999968	0.7596153846153846	39.040970333417256
226	22600	931	1000	0	0.9511217948717949	0	931	0.7588499999999968	0.7454350161117078	39.373671567440034
227	22700	929	1000	0	0.930349257326375	0	929	0.7590999999999967	0.7481162540365985	39.64982508420944
228	22800	930	1000	0	0.9255233494363929	0	930	0.7587999999999969	0.7451612903225806	39.96087678273519
229	22900	931	1000	0	0.9299999999999999	0	931	0.7590499999999969	0.7411385606874329	40.23320133686066
230	23000	933	1000	0	0.9310897435897436	0	933	0.759049999999997	0.7320471596998929	40.50731061697006
231	23100	929	1000	0	0.9110576923076923	0	929	0.7592499999999974	0.7298170075349839	40.83806076844533
232	23200	925	1000	0	0.9118357487922706	0	925	0.7591999999999974	0.7416216216216216	41.094380851586656
233	23300	927	1000	0	0.9447164422684617	0	927	0.7591499999999975	0.7335490830636462	41.41789830128352
234	23400	926	1000	0	0.9501800720288115	0	926	0.7591499999999975	0.7386609071274298	41.6608506321907
235	23500	925	1000	0	0.9203681472589036	0	925	0.7593499999999977	0.7189189189189189	42.001001985867816
236	23600	926	1000	0	0.9708557255064076	0	926	0.7594999999999977	0.7041036717062635	42.591092717647555
237	23700	924	1000	0	0.9373737373737374	0	924	0.7596499999999976	0.6948051948051948	43.12978794972102
238	23800	923	1000	0	0.9287439613526569	0	923	0.7597499999999976	0.6988082340195017	43.62943979899089
239	23900	923	1000	0	0.95	0	923	0.7599999999999976	0.7150595882990249	44.06097195148468
240	24000	919	1000	0	0.952922077922078	0	919	0.7609499999999975	0.7040261153427638	44.61771670182546
241	24100	912	1000	0	0.967741935483871	0	912	0.7613499999999972	0.6918859649122807	45.18321755329768
242	24200	910	1000	0	0.9511217948717949	0	910	0.7612499999999973	0.7120879120879121	45.613771768411
243	24300	908	1000	0	0.9397832195905259	0	908	0.7615499999999971	0.7092511013215859	46.11122786998749
244	24400	908	1000	0	0.9690016103059582	0	908	0.7614999999999972	0.7180616740088106	46.5670920530955
245	24500	909	1000	0	0.96	0	909	0.7615999999999972	0.7282728272827282	47.02368235190709
246	24600	909	1000	0	0.9599358974358975	0	909	0.7619999999999971	0.7337733773377337	47.444717148939766
247	24700	913	1000	0	0.969551282051282	0	913	0.7615999999999971	0.732749178532311	47.955828134218855
248	24800	918	1000	0	0.9597423510466989	0	918	0.7617999999999969	0.7058823529411765	48.562146234512326
249	24900	916	1000	0	0.9767441860465116	0	916	0.7619499999999968	0.7314410480349345	48.98853686650594
250	25000	916	1000	0	0.9803921568627452	0	916	0.7623499999999968	0.7205240174672489	49.50766006708145
251	25100	916	1000	0	0.9803921568627452	0	916	0.7627499999999964	0.7336244541484717	58.69111828406652
252	25200	913	1000	0	1.0	0	913	0.7628999999999962	0.7437020810514786	59.04444090127945
253	25300	908	1000	0	0.9818181818181818	0	908	0.763549999999996	0.751101321585903	59.41452881892522
254	25400	906	1000	0	0.9706119162640902	0	906	0.764099999999995	0.7472406181015453	59.80308800141017
255	25500	907	1000	0	0.98	0	907	0.7643999999999949	0.7464167585446527	60.165264717737834
256	25600	911	1000	0	0.9886363636363636	0	911	0.7647999999999946	0.7530186608122942	60.513451453049974
257	25700	911	1000	0	1.0	0	911	0.7649999999999945	0.7639956092206367	60.84992355108261
258	25800	915	1000	0	0.9711538461538461	0	915	0.7652999999999938	0.7453551912568306	61.23676681915919
259	25900	915	1000	0	0.9680851063829787	0	915	0.765549999999994	0.7562841530054645	61.55553329785665
260	26000	915	1000	0	0.9690016103059582	0	915	0.765649999999994	0.7584699453551913	61.85614279905955
261	26100	911	1000	0	0.98	0	911	0.7662999999999938	0.75192096597146	62.277702967325844
262	26200	911	1000	0	1.0	0	911	0.7659499999999937	0.7585071350164654	62.59229038556417
263	26300	914	1000	0	0.9895833333333333	0	914	0.7659999999999936	0.7680525164113785	62.94190366665522
264	26400	916	1000	0	0.9782608695652174	0	916	0.7666999999999928	0.7729257641921398	63.32834364970525
265	26500	923	1000	0	1.0	0	923	0.7680499999999926	0.7453954496208017	63.78599611918131
266	26600	923	1000	0	0.9901960784313726	0	923	0.7682499999999925	0.7356446370530878	64.19763747056325
267	26700	925	1000	0	1.0	0	925	0.7683499999999921	0.7297297297297297	64.58237973451614
268	26800	927	1000	0	1.0	0	927	0.7691499999999916	0.7195253505933118	64.97939873139063
269	26900	923	1000	0	1.0	0	923	0.7701999999999916	0.7074756229685807	65.37055275042852
270	27000	922	1000	0	1.0	0	922	0.7711499999999916	0.6984815618221258	65.82233983675638
271	27100	920	1000	0	1.0	0	920	0.7711999999999916	0.7076086956521739	66.13804620107015
272	27200	924	1000	0	1.0	0	924	0.7715999999999914	0.6991341991341992	66.48204760154088
273	27300	926	1000	0	1.0	0	926	0.7721499999999913	0.703023758099352	66.79524298508962
274	27400	932	1000	0	1.0	0	932	0.7721999999999912	0.7027896995708155	67.1156167348226
275	27500	932	1000	0	1.0	0	932	0.7721999999999912	0.7103004291845494	67.39824158350626
276	27600	933	1000	0	1.0	0	933	0.7723999999999909	0.707395498392283	67.71670635143916
277	27700	935	1000	0	1.0	0	935	0.772899999999991	0.7133689839572193	68.03206278483073
278	27800	935	1000	0	1.0	0	935	0.773249999999991	0.6930481283422459	68.43854131698609
279	27900	933	1000	0	1.0	0	933	0.7738499999999913	0.6859592711682744	68.77980513175329
280	28000	937	1000	0	1.0	0	937	0.7745499999999913	0.6776947705442903	69.13677300214768
281	28100	937	1000	0	1.0	0	937	0.7746999999999914	0.7086446104589115	69.45039568742116
282	28200	941	1000	0	1.0	0	941	0.7749499999999915	0.7024442082890542	69.85995548566183
283	28300	943	1000	0	1.0	0	943	0.7750499999999915	0.711558854718982	70.1671377658844
284	28400	942	1000	0	1.0	0	942	0.7753999999999913	0.7239915074309978	70.46869026819864
285	28500	944	1000	0	1.0	0	944	0.7756999999999911	0.7330508474576272	70.79597906668981
286	28600	946	1000	0	1.0	0	946	0.7759499999999911	0.7547568710359408	71.14066859881083
287	28700	948	1000	0	1.0	0	948	0.7763499999999912	0.7489451476793249	71.49693075021108
288	28800	950	1000	0	1.0	0	950	0.776999999999991	0.7494736842105263	71.88030416568121
289	28900	955	1000	0	1.0	0	955	0.7774999999999911	0.7361256544502618	72.31879668633142
290	29000	956	1000	0	1.0	0	956	0.7774499999999911	0.7322175732217573	72.65848242044449
291	29100	953	1000	0	1.0	0	953	0.7774499999999909	0.7303252885624344	72.97832046747207
292	29200	953	1000	0	1.0	0	953	0.7774999999999908	0.7418677859391396	73.2701539516449
293	29300	953	1000	0	1.0	0	953	0.777449999999991	0.7282266526757608	73.63494605223337
294	29400	951	1000	0	1.0	0	951	0.777449999999991	0.7560462670872765	73.92979058424632
295	29500	951	1000	0	1.0	0	951	0.7779499999999914	0.7392218717139852	74.38957263231278
296	29600	950	1000	0	1.0	0	950	0.7784499999999915	0.7494736842105263	74.74667418400446
297	29700	950	1000	0	1.0	0	950	0.7792499999999911	0.7336842105263158	75.17099508444468
298	29800	951	1000	0	1.0	0	951	0.7792499999999911	0.7444794952681388	75.54136687119802
299	29900	952	1000	0	1.0	0	952	0.779349999999991	0.7384453781512605	75.88793338537216
300	30000	952	1000	0	1.0	0	952	0.779249999999991	0.7352941176470589	76.26130428711573
301	30100	953	1000	0	1.0	0	953	0.7792499999999911	0.7292759706190975	83.83827676773072
302	30200	954	1000	0	1.0	0	954	0.7794499999999913	0.7316561844863732	84.1512637535731
303	30300	952	1000	0	1.0	0	952	0.7794999999999912	0.7436974789915967	84.43144023418427
304	30400	953	1000	0	1.0	0	953	0.7802499999999911	0.7439664218258132	84.7642100016276
305	30500	954	1000	0	1.0	0	954	0.7802499999999913	0.7693920335429769	85.06385228236516
306	30600	959	1000	0	1.0	0	959	0.7802999999999916	0.7528675703858185	85.48680040041606
307	30700	959	1000	0	1.0	0	959	0.7801999999999917	0.7455683003128258	85.86324402093888
308	30800	959	1000	0	1.0	0	959	0.7802999999999917	0.7445255474452555	86.16633485158285
309	30900	959	1000	0	1.0	0	959	0.7807999999999913	0.7455683003128258	86.66446125109991
310	31000	955	1000	0	1.0	0	955	0.7809499999999915	0.7287958115183246	87.05036293665567
311	31100	957	1000	0	1.0	0	957	0.7812999999999914	0.7408568443051202	87.38654081821441
312	31200	956	1000	0	1.0	0	956	0.7813999999999914	0.7248953974895398	87.78346916834514
313	31300	959	1000	0	1.0	0	959	0.7818999999999916	0.7236704900938478	88.170785566171
314	31400	958	1000	0	1.0	0	958	0.7817999999999916	0.7379958246346555	88.48711365063986
315	31500	957	1000	0	1.0	0	957	0.7818499999999915	0.7481713688610241	88.75919620196025
316	31600	957	1000	0	1.0	0	957	0.7820999999999916	0.7502612330198537	89.0687195022901
317	31700	956	1000	0	1.0	0	956	0.7824499999999915	0.7384937238493724	89.47957170009613
318	31800	960	1000	0	1.0	0	960	0.7826499999999914	0.7302083333333333	89.85278290510178
319	31900	957	1000	0	1.0	0	957	0.7826499999999915	0.7366771159874608	90.15499922037125
320	32000	958	1000	0	1.0	0	958	0.7826999999999915	0.7473903966597077	90.4555302977562
321	32100	958	1000	0	1.0	0	958	0.7826999999999915	0.7567849686847599	90.72839600245157
322	32200	958	1000	0	1.0	0	958	0.7829999999999915	0.7536534446764092	91.11879061857859
323	32300	958	1000	0	1.0	0	958	0.7836999999999917	0.7432150313152401	91.5137715657552
324	32400	957	1000	0	1.0	0	957	0.7831999999999923	0.7210031347962382	91.9812192161878
325	32500	957	1000	0	1.0	0	957	0.7836499999999924	0.709508881922675	92.37439535061519
326	32600	955	1000	0	1.0	0	955	0.7833999999999921	0.7319371727748691	92.68759820063909
327	32700	951	1000	0	1.0	0	951	0.7833999999999921	0.7402733964248159	93.02965735197067
328	32800	954	1000	0	1.0	0	954	0.783949999999992	0.7484276729559748	93.39814219872157
329	32900	956	1000	0	1.0	0	956	0.7843999999999918	0.7405857740585774	93.81377756595612
330	33000	955	1000	0	1.0	0	955	0.7840999999999918	0.7476439790575916	94.14794151782989
331	33100	952	1000	0	1.0	0	952	0.784649999999992	0.7289915966386554	94.52452319860458
332	33200	949	1000	0	1.0	0	949	0.784599999999992	0.7038988408851422	94.9677163163821
333	33300	950	1000	0	1.0	0	950	0.7844999999999923	0.716842105263158	95.31404106616974
334	33400	952	1000	0	1.0	0	952	0.784549999999992	0.7163865546218487	95.67850180069605
335	33500	951	1000	0	1.0	0	951	0.7850999999999919	0.6898002103049422	96.13762390216192
336	33600	952	1000	0	1.0	0	952	0.7852499999999919	0.6932773109243697	96.46996666987737
337	33700	948	1000	0	1.0	0	948	0.7852999999999919	0.6909282700421941	96.8127234697342
338	33800	950	1000	0	1.0	0	950	0.7853999999999919	0.6957894736842105	97.191541882356
339	33900	950	1000	0	1.0	0	950	0.785149999999992	0.7073684210526315	97.5350929180781
340	34000	951	1000	0	1.0	0	951	0.7856499999999923	0.7108307045215563	98.04381790161133
341	34100	955	1000	0	1.0	0	955	0.7856499999999919	0.7036649214659686	98.47409558693568
342	34200	953	1000	0	1.0	0	953	0.7855499999999922	0.7030430220356768	98.85277650356292
343	34300	951	1000	0	1.0	0	951	0.7858999999999922	0.6887486855941115	99.26433058579762
344	34400	951	1000	0	1.0	0	951	0.7854499999999922	0.6961093585699264	99.64039094845454
345	34500	952	1000	0	1.0	0	952	0.785649999999992	0.707983193277311	99.98781983455022
346	34600	954	1000	0	1.0	0	954	0.785549999999992	0.689727463312369	100.41407716671625
347	34700	954	1000	0	1.0	0	954	0.7857999999999921	0.6886792452830188	100.82950412034988
348	34800	954	1000	0	1.0	0	954	0.7857999999999922	0.7085953878406709	101.1851799527804
349	34900	954	1000	0	1.0	0	954	0.7859999999999923	0.7075471698113207	101.5569749156634
350	35000	953	1000	0	1.0	0	953	0.7861499999999926	0.6988457502623295	102.00159703493118
351	35100	953	1000	0	1.0	0	953	0.7862499999999925	0.7250786988457503	102.31697551806768
352	35200	952	1000	0	1.0	0	952	0.7863499999999928	0.7142857142857143	102.66221150159836
353	35300	952	1000	0	1.0	0	952	0.7859499999999927	0.7100840336134454	103.01504343350729
354	35400	948	1000	0	1.0	0	948	0.7863499999999926	0.6940928270042194	103.46466841697693
355	35500	947	1000	0	1.0	0	947	0.7860499999999927	0.6958817317845829	103.81024063428244
356	35600	947	1000	0	1.0	0	947	0.7856999999999931	0.7043294614572334	104.27736065387725
357	35700	947	1000	0	1.0	0	947	0.7854999999999934	0.6884899683210137	104.76199926535288
358	35800	946	1000	0	1.0	0	946	0.7853499999999929	0.6902748414376322	105.16844705343246
359	35900	946	1000	0	1.0	0	946	0.785149999999993	0.6955602536997886	105.60143825213115
360	36000	944	1000	0	1.0	0	944	0.7851499999999929	0.7044491525423728	105.99944056669871
361	36100	943	1000	0	1.0	0	943	0.785149999999993	0.6977730646871686	106.38074608643849
362	36200	944	1000	0	1.0	0	944	0.7852499999999929	0.7044491525423728	106.75402026573816
363	36300	944	1000	0	1.0	0	944	0.7855499999999928	0.7033898305084746	107.17864833275478
364	36400	944	1000	0	1.0	0	944	0.785899999999993	0.6822033898305084	107.6205580830574
365	36500	946	1000	0	1.0	0	946	0.7856499999999931	0.6659619450317125	108.0883804678917
366	36600	949	1000	0	1.0	0	949	0.7857999999999927	0.6543730242360379	108.62136090199152
367	36700	949	1000	0	1.0	0	949	0.7855499999999929	0.6564805057955743	108.95990778605143
368	36800	949	1000	0	1.0	0	949	0.7855999999999927	0.6575342465753424	109.35708038409551
369	36900	947	1000	0	1.0	0	947	0.785749999999993	0.6525871172122492	109.8416751186053
370	37000	947	1000	0	1.0	0	947	0.786299999999993	0.6515311510031679	110.29914141893387
371	37100	944	1000	0	1.0	0	944	0.786349999999993	0.6504237288135594	110.70995758374532
372	37200	944	1000	0	1.0	0	944	0.7860499999999931	0.6652542372881356	111.13082789977392
373	37300	949	1000	0	1.0	0	949	0.7858499999999928	0.6638566912539515	111.64147006670633
374	37400	947	1000	0	1.0	0	947	0.7857999999999932	0.6578669482576558	112.13580326636632
375	37500	948	1000	0	1.0	0	948	0.7855499999999931	0.640295358649789	112.62616908550262
376	37600	947	1000	0	1.0	0	947	0.7854499999999932	0.6546990496304118	112.96258433262507
377	37700	949	1000	0	1.0	0	949	0.7858499999999932	0.6533192834562698	113.4092994848887
378	37800	952	1000	0	1.0	0	952	0.7856999999999928	0.6449579831932774	113.85248200098674
379	37900	953	1000	0	1.0	0	953	0.7854999999999934	0.6495278069254984	114.28370555241902
380	38000	948	1000	0	1.0	0	948	0.7852499999999936	0.6635021097046413	114.72445501883824
381	38100	950	1000	0	1.0	0	950	0.7850999999999939	0.6663157894736842	115.20241885185241
382	38200	951	1000	0	1.0	0	951	0.7851999999999937	0.6887486855941115	115.66305018266043
383	38300	957	1000	0	1.0	0	957	0.7849499999999939	0.6614420062695925	116.25550510088603
384	38400	957	1000	0	1.0	0	957	0.784299999999994	0.6614420062695925	116.7610302011172
385	38500	959	1000	0	1.0	0	959	0.7845999999999939	0.670490093847758	117.22165531714758
386	38600	962	1000	0	1.0	0	962	0.784449999999994	0.6652806652806653	117.86060246626536
387	38700	963	1000	0	1.0	0	963	0.7845499999999942	0.6656282450674974	118.378229033947
388	38800	965	1000	0	1.0	0	965	0.7843499999999944	0.6704663212435233	118.92024116913477
389	38900	967	1000	0	1.0	0	967	0.7839999999999944	0.687693898655636	119.5521892507871
390	39000	967	1000	0	1.0	0	967	0.7837999999999944	0.6897621509824199	120.31686253547669
391	39100	968	1000	0	1.0	0	968	0.7835499999999942	0.7055785123966942	121.26819778680802
392	39200	968	1000	0	1.0	0	968	0.7835499999999942	0.6911157024793388	122.01220310131708
393	39300	969	1000	0	1.0	0	969	0.7836499999999943	0.6934984520123839	122.65518371661504
394	39400	968	1000	0	1.0	0	968	0.7835499999999946	0.7035123966942148	123.5070554335912
395	39500	971	1000	0	1.0	0	971	0.7835999999999944	0.694129763130793	124.42337261835733
396	39600	972	1000	0	1.0	0	972	0.7835499999999944	0.691358024691358	125.04472978512446
397	39700	974	1000	0	1.0	0	974	0.7835999999999944	0.6940451745379876	125.74744115273158
398	39800	975	1000	0	1.0	0	975	0.783899999999994	0.6738461538461539	126.46798933347067
399	39900	974	1000	0	1.0	0	974	0.7839499999999938	0.6960985626283368	126.9500259677569
400	40000	972	1000	0	1.0	0	972	0.783749999999994	0.6975308641975309	127.42683690388998
401	40100	971	1000	0	1.0	0	971	0.7838499999999938	0.6694129763130793	128.06912424961726
402	40200	967	1000	0	1.0	0	967	0.7838999999999939	0.6949327817993796	128.54903407096862
403	40300	969	1000	0	1.0	0	969	0.7841499999999937	0.6893704850361198	129.08404478232066
404	40400	971	1000	0	1.0	0	971	0.7842499999999936	0.6776519052523172	129.64867623647055
405	40500	971	1000	0	1.0	0	971	0.7841999999999936	0.6828012358393409	130.07376493612927
406	40600	969	1000	0	1.0	0	969	0.7840999999999934	0.6852425180598555	130.59550013542176
407	40700	966	1000	0	1.0	0	966	0.7835999999999936	0.6801242236024845	131.11749336719512
408	40800	966	1000	0	1.0	0	966	0.7833499999999939	0.6863354037267081	131.63531765143077
409	40900	967	1000	0	1.0	0	967	0.7832999999999938	0.6897621509824199	132.16166296799977
410	41000	964	1000	0	1.0	0	964	0.7830499999999939	0.6877593360995851	132.64728575150173
411	41100	962	1000	0	1.0	0	962	0.7830999999999938	0.7037422037422038	133.13818363348642
412	41200	964	1000	0	1.0	0	964	0.7826999999999941	0.700207468879668	133.66748745044072
413	41300	965	1000	0	1.0	0	965	0.7826499999999939	0.6974093264248704	134.2075767159462
414	41400	964	1000	0	1.0	0	964	0.7825499999999938	0.700207468879668	134.8323188861211
415	41500	966	1000	0	1.0	0	966	0.7824999999999939	0.7039337474120083	135.312630434831
416	41600	966	1000	0	1.0	0	966	0.7824999999999938	0.7132505175983437	135.81467440128327
417	41700	965	1000	0	1.0	0	965	0.7824999999999939	0.7523316062176166	136.30775353511174
418	41800	967	1000	0	1.0	0	967	0.7825499999999938	0.7414684591520165	136.92219808499019
419	41900	966	1000	0	1.0	0	966	0.7826499999999941	0.7422360248447205	137.5085944533348
420	42000	967	1000	0	1.0	0	967	0.7822999999999939	0.7569803516028956	138.2010614991188
421	42100	964	1000	0	1.0	0	964	0.7820499999999941	0.754149377593361	138.75697706540424
422	42200	964	1000	0	1.0	0	964	0.781949999999994	0.774896265560166	139.2286625345548
423	42300	965	1000	0	1.0	0	965	0.7817999999999943	0.772020725388601	139.8040246685346
424	42400	964	1000	0	1.0	0	964	0.782049999999994	0.7593360995850622	140.46557416915894
425	42500	965	1000	0	1.0	0	965	0.7819999999999943	0.7585492227979275	141.0035327355067
426	42600	961	1000	0	1.0	0	961	0.7816999999999943	0.7554630593132154	141.56113425095876
427	42700	963	1000	0	1.0	0	963	0.7816999999999944	0.7320872274143302	142.22144003311794
428	42800	964	1000	0	1.0	0	964	0.7816999999999943	0.7313278008298755	142.77013328472773
429	42900	967	1000	0	1.0	0	967	0.7816499999999946	0.7300930713547052	143.35294813315073
430	43000	966	1000	0	1.0	0	966	0.7813999999999947	0.7339544513457557	143.88530935049056
431	43100	965	1000	0	1.0	0	965	0.7811999999999948	0.7243523316062176	144.45280461708705
432	43200	964	1000	0	1.0	0	964	0.781099999999995	0.7136929460580913	145.05368854999543
433	43300	963	1000	0	1.0	0	963	0.7810499999999949	0.7050882658359294	145.64437288443247
434	43400	963	1000	0	1.0	0	963	0.7808499999999952	0.7165109034267912	146.1616331855456
435	43500	963	1000	0	1.0	0	963	0.7807999999999948	0.7227414330218068	146.61867303848265
436	43600	963	1000	0	1.0	0	963	0.7805999999999949	0.7300103842159917	147.1243671854337
437	43700	965	1000	0	1.0	0	965	0.780499999999995	0.7316062176165803	147.6021502693494
438	43800	965	1000	0	1.0	0	965	0.7806499999999951	0.7264248704663212	148.07557518482207
439	43900	965	1000	0	1.0	0	965	0.7805999999999952	0.7430051813471502	148.51162800391515
440	44000	966	1000	0	1.0	0	966	0.7805499999999951	0.7546583850931677	149.01975762049358
441	44100	967	1000	0	1.0	0	967	0.7805999999999951	0.765253360910031	149.46241035064062
442	44200	969	1000	0	1.0	0	969	0.7802999999999952	0.7667698658410733	149.9651106874148
443	44300	967	1000	0	1.0	0	967	0.7803499999999951	0.796277145811789	150.4037727832794
444	44400	965	1000	0	1.0	0	965	0.7802999999999951	0.8041450777202073	150.91356194814045
445	44500	967	1000	0	1.0	0	967	0.7800499999999955	0.7776628748707343	151.71889896790188
446	44600	965	1000	0	1.0	0	965	0.7796999999999954	0.7803108808290156	152.35690158605576
447	44700	967	1000	0	1.0	0	967	0.7796999999999954	0.7755946225439504	152.98560961882274
448	44800	966	1000	0	1.0	0	966	0.7795999999999956	0.777432712215321	153.5264936208725
449	44900	968	1000	0	1.0	0	968	0.7791999999999957	0.7613636363636364	154.1291727979978
450	45000	966	1000	0	1.0	0	966	0.7790499999999959	0.7639751552795031	154.6005721171697
451	45100	966	1000	0	1.0	0	966	0.778849999999996	0.7432712215320911	155.21247323354086
452	45200	966	1000	0	1.0	0	966	0.7787999999999959	0.7422360248447205	155.7003649830818
453	45300	967	1000	0	1.0	0	967	0.7784999999999961	0.7383660806618407	156.20954544941586
454	45400	967	1000	0	1.0	0	967	0.7783499999999962	0.7238883143743536	156.78478113412856
455	45500	967	1000	0	1.0	0	967	0.778249999999996	0.7218200620475698	157.23620076974234
456	45600	968	1000	0	1.0	0	968	0.778149999999996	0.7252066115702479	157.73754366636277
457	45700	969	1000	0	1.0	0	969	0.7778499999999956	0.7027863777089783	158.38504433631897
458	45800	969	1000	0	1.0	0	969	0.7776999999999957	0.7100103199174407	158.86430670022963
459	45900	972	1000	0	1.0	0	972	0.7776499999999957	0.676954732510288	159.5790824174881
460	46000	973	1000	0	1.0	0	973	0.7775499999999959	0.6690647482014388	160.26242421865464
461	46100	973	1000	0	1.0	0	973	0.7774999999999959	0.697841726618705	160.74778576691946
462	46200	971	1000	0	1.0	0	971	0.7770999999999958	0.6961894953656025	161.304325735569
463	46300	971	1000	0	1.0	0	971	0.7766999999999958	0.678681771369722	162.09116038481395
464	46400	971	1000	0	1.0	0	971	0.7767999999999957	0.6683831101956745	162.69958916505178
465	46500	969	1000	0	1.0	0	969	0.7767999999999958	0.675954592363261	163.25890938440958
466	46600	968	1000	0	1.0	0	968	0.7767499999999959	0.6725206611570248	163.80868135293323
467	46700	970	1000	0	1.0	0	970	0.776599999999996	0.6742268041237114	164.38322336673735
468	46800	971	1000	0	1.0	0	971	0.776849999999996	0.6611740473738414	165.0532582004865
469	46900	971	1000	0	1.0	0	971	0.7765499999999957	0.6436663233779608	165.8445630510648
470	47000	971	1000	0	1.0	0	971	0.7759499999999956	0.6405767250257467	166.50530980428059
471	47100	970	1000	0	1.0	0	970	0.7757999999999956	0.6175257731958763	167.20290500322977
472	47200	969	1000	0	1.0	0	969	0.7761999999999954	0.6130030959752322	167.86588065226871
473	47300	969	1000	0	1.0	0	969	0.7760499999999954	0.631578947368421	168.42454388538997
474	47400	968	1000	0	1.0	0	968	0.7760999999999956	0.6239669421487604	169.0658679684003
475	47500	968	1000	0	1.0	0	968	0.7762499999999953	0.637396694214876	169.68789663712184
476	47600	968	1000	0	1.0	0	968	0.7762999999999953	0.6632231404958677	170.19735443592072
477	47700	968	1000	0	1.0	0	968	0.7761499999999955	0.6580578512396694	170.77664348681768
478	47800	965	1000	0	1.0	0	965	0.7760499999999957	0.6590673575129534	171.36399945020676
479	47900	967	1000	0	1.0	0	967	0.7754999999999959	0.6742502585315409	172.08821936448416
480	48000	968	1000	0	1.0	0	968	0.7753499999999958	0.6590909090909091	172.8381184697151
481	48100	966	1000	0	1.0	0	966	0.7750999999999958	0.6625258799171843	188.05444518327712
482	48200	966	1000	0	1.0	0	966	0.775299999999996	0.65527950310559	188.66085478464763
483	48300	965	1000	0	1.0	0	965	0.7754499999999959	0.6580310880829016	189.30022518634797
484	48400	965	1000	0	1.0	0	965	0.7753499999999957	0.677720207253886	189.8526023666064
485	48500	966	1000	0	1.0	0	966	0.7753999999999955	0.6977225672877847	190.45280960003535
486	48600	967	1000	0	1.0	0	967	0.7755499999999955	0.7094105480868665	191.19616074959438
487	48700	969	1000	0	1.0	0	969	0.7757999999999953	0.7027863777089783	191.94678253730137
488	48800	974	1000	0	1.0	0	974	0.7755999999999954	0.6919917864476386	192.74225590229034
489	48900	974	1000	0	1.0	0	974	0.7754999999999953	0.6940451745379876	193.40598748524982
490	49000	976	1000	0	1.0	0	976	0.7755499999999956	0.6741803278688525	194.13493888378144
491	49100	977	1000	0	1.0	0	977	0.7759499999999958	0.6724667349027635	194.76489633321762
492	49200	974	1000	0	1.0	0	974	0.7757999999999956	0.6540041067761807	195.5398376027743
493	49300	973	1000	0	1.0	0	973	0.7758499999999955	0.6413155190133607	196.2920401652654
494	49400	974	1000	0	1.0	0	974	0.7756499999999955	0.6375770020533881	196.91448460022607
495	49500	976	1000	0	1.0	0	976	0.7760499999999954	0.6454918032786885	197.56820601622263
496	49600	976	1000	0	1.0	0	976	0.7756499999999953	0.6629098360655737	198.12219181458156
497	49700	976	1000	0	1.0	0	976	0.7759499999999954	0.6475409836065574	198.8155586361885
498	49800	976	1000	0	1.0	0	976	0.7756499999999954	0.6444672131147541	199.49256124893824
499	49900	974	1000	0	1.0	0	974	0.7758499999999953	0.6498973305954825	200.097196551164
500	50000	971	1000	0	1.0	0	971	0.7755999999999953	0.6457260556127703	200.72309314807256
