Epoch	Explore_Iteration	MacroPopSize	MicroPopSize	RMSE	Accuracy_Estimate	RuleCount	TreeCount	AveGenerality	ExpRules	Time(min)
1	100	999	1000	0	0.5	0	999	0.8694999999999997	0.0	0.1967931310335795
2	200	997	1000	0	0.5	0	997	0.8694999999999997	0.0	0.39704389969507853
3	300	996	1000	0	0.48936170212765956	0	996	0.8693999999999996	0.0	0.596928616364797
4	400	995	1000	0	0.48107890499194844	0	995	0.8690499999999997	0.0	0.8021858851114909
5	500	995	1000	0	0.51	0	995	0.8693499999999997	0.0	1.0075896342595418
6	600	995	1000	0	0.3966346153846154	0	995	0.86975	0.0	1.201917084058126
7	700	995	1000	0	0.4935897435897436	0	995	0.8695	0.0	1.396558419863383
8	800	996	1000	0	0.4782608695652174	0	996	0.8691000000000002	0.0	1.5888991157213848
9	900	996	1000	0	0.44573643410852715	0	996	0.8690500000000003	0.0	1.7822837352752685
10	1000	996	1000	0	0.4857943177270908	0	996	0.8686499999999998	0.0	1.979565397898356
11	1100	996	1000	0	0.48379351740696275	0	996	0.8683999999999997	0.0	2.1923556486765543
12	1200	996	1000	0	0.5698635799917321	0	996	0.8684499999999997	0.0	2.405717583497365
13	1300	995	1000	0	0.502020202020202	0	995	0.8686999999999997	0.0	2.6222141345342
14	1400	993	1000	0	0.5148953301127214	0	993	0.8689999999999997	0.0	2.838162116209666
15	1500	993	1000	0	0.51	0	993	0.8692999999999999	0.0	3.0538530031840008
16	1600	992	1000	0	0.5308441558441558	0	992	0.8696	0.0	3.2674367507298787
17	1700	993	1000	0	0.5038200339558574	0	993	0.8697999999999998	0.8116817724068479	3.4491873184839883
18	1800	994	1000	0	0.5360576923076923	0	994	0.8699499999999999	0.8098591549295775	3.6349027514457704
19	1900	994	1000	0	0.6244480128462464	0	994	0.86975	0.8058350100603622	3.8191839853922525
20	2000	993	1000	0	0.47946859903381644	0	993	0.8692499999999997	0.8016112789526687	4.0053369998931885
21	2100	993	1000	0	0.53	0	993	0.8691499999999999	0.8026183282980867	4.190794467926025
22	2200	993	1000	0	0.46474358974358976	0	993	0.8693499999999998	0.8006042296072508	4.354989099502563
23	2300	990	1000	0	0.5112179487179487	0	990	0.8691499999999996	0.803030303030303	4.457696998119355
24	2400	988	1000	0	0.5676328502415459	0	988	0.8694499999999994	0.7995951417004049	4.564985684553782
25	2500	986	1000	0	0.4630762953896369	0	986	0.868799999999999	0.7931034482758621	4.676623916625976
26	2600	984	1000	0	0.5050020008003201	0	984	0.8687499999999989	0.7967479674796748	4.78572016954422
27	2700	985	1000	0	0.5132052821128451	0	985	0.868349999999999	0.7949238578680203	4.895340665181478
28	2800	985	1000	0	0.5533278214138073	0	985	0.8683999999999991	0.7969543147208121	5.009857849280039
29	2900	981	1000	0	0.5181818181818182	0	981	0.8684499999999992	0.7971457696228338	5.13211616675059
30	3000	976	1000	0	0.5269726247987118	0	976	0.867949999999999	0.798155737704918	5.2502502004305525
31	3100	976	1000	0	0.56	0	976	0.8675499999999992	0.7991803278688525	5.36646279891332
32	3200	973	1000	0	0.599025974025974	0	973	0.8673999999999993	0.8016443987667009	5.480736100673676
33	3300	973	1000	0	0.5755517826825127	0	973	0.8667999999999997	0.7965056526207606	5.597245649496714
34	3400	970	1000	0	0.5544871794871795	0	970	0.8657999999999995	0.7865979381443299	5.714383602142334
35	3500	969	1000	0	0.5419510236852669	0	969	0.8645999999999996	0.7863777089783281	5.831446532408396
36	3600	969	1000	0	0.5833333333333333	0	969	0.8639499999999997	0.7905056759545923	5.9431280811627705
37	3700	967	1000	0	0.53	0	967	0.8627499999999995	0.7859358841778697	6.0590301314989725
38	3800	967	1000	0	0.5641025641025641	0	967	0.8615499999999991	0.7859358841778697	6.176314397652944
39	3900	965	1000	0	0.5272435897435898	0	965	0.8609499999999991	0.7803108808290156	6.292149317264557
40	4000	961	1000	0	0.5092592592592593	0	961	0.860449999999999	0.785639958376691	6.406235464413961
41	4100	961	1000	0	0.4953080375356997	0	961	0.8602999999999992	0.7887617065556711	6.520356547832489
42	4200	954	1000	0	0.5422168867547019	0	954	0.8595499999999991	0.7830188679245284	6.638693801561991
43	4300	952	1000	0	0.501000400160064	0	952	0.8591999999999992	0.7773109243697479	6.753690302371979
44	4400	947	1000	0	0.5194295163290616	0	947	0.8591999999999994	0.7719112988384371	6.871218800544739
45	4500	947	1000	0	0.5747474747474748	0	947	0.8587499999999997	0.7750791974656811	6.9881370504697164
46	4600	942	1000	0	0.6167471819645732	0	942	0.8580999999999994	0.7791932059447984	7.103875466187795
47	4700	942	1000	0	0.5599999999999999	0	942	0.8571499999999995	0.7791932059447984	7.217210249106089
48	4800	941	1000	0	0.6071428571428572	0	941	0.8565999999999994	0.7832093517534537	7.3279242515563965
49	4900	941	1000	0	0.6018675721561969	0	941	0.8555999999999996	0.7821466524973433	7.446403650442759
50	5000	936	1000	0	0.6057692307692308	0	936	0.8554999999999997	0.7970085470085471	7.55877859989802
51	5100	931	1000	0	0.53472501003613	0	931	0.8545999999999998	0.7969924812030075	7.675163984298706
52	5200	926	1000	0	0.6078904991948471	0	926	0.8529500000000001	0.785097192224622	7.799037730693817
53	5300	925	1000	0	0.52	0	925	0.8522000000000002	0.7794594594594595	7.916989982128143
54	5400	925	1000	0	0.5697115384615384	0	925	0.8514000000000003	0.7848648648648648	8.03312623500824
55	5500	923	1000	0	0.592948717948718	0	923	0.8506500000000004	0.7833152762730228	8.148015201091766
56	5600	924	1000	0	0.5507246376811594	0	924	0.8500000000000005	0.7738095238095238	8.264771366119385
57	5700	918	1000	0	0.4396164830681355	0	918	0.8494000000000007	0.7777777777777778	8.379533000787099
58	5800	918	1000	0	0.5352140856342538	0	918	0.8492500000000007	0.7832244008714597	8.493769085407257
59	5900	914	1000	0	0.5540216086434574	0	914	0.8479000000000003	0.7866520787746171	8.610004166762034
60	6000	909	1000	0	0.5343116990491938	0	909	0.8474500000000005	0.7865786578657866	8.726258150736491
61	6100	909	1000	0	0.5515151515151515	0	909	0.8476500000000003	0.7920792079207921	8.838051700592041
62	6200	905	1000	0	0.5982286634460547	0	905	0.8468000000000004	0.7801104972375691	8.961625083287556
63	6300	904	1000	0	0.56	0	904	0.8460000000000001	0.7787610619469026	9.079478200276693
64	6400	900	1000	0	0.5665584415584416	0	900	0.8457499999999997	0.7733333333333333	9.198219052950542
65	6500	892	1000	0	0.5967741935483871	0	892	0.84475	0.7780269058295964	9.320603466033935
66	6600	889	1000	0	0.6057692307692308	0	889	0.84325	0.7705286839145107	9.437044497330984
67	6700	886	1000	0	0.537133681252509	0	886	0.8422999999999999	0.7618510158013544	9.556331082185109
68	6800	880	1000	0	0.6187600644122384	0	880	0.84015	0.7715909090909091	9.681835699081422
69	6900	877	1000	0	0.47	0	877	0.8398499999999998	0.7844925883694412	9.798744249343873
70	7000	875	1000	0	0.594551282051282	0	875	0.8391999999999997	0.7897142857142857	9.920430235068004
71	7100	868	1000	0	0.59375	0	868	0.8382499999999994	0.7972350230414746	10.0399396498998
72	7200	865	1000	0	0.5044283413848631	0	865	0.8377499999999999	0.8080924855491329	10.153657253583273
73	7300	861	1000	0	0.4602203182374541	0	861	0.8383999999999997	0.8211382113821138	10.272268847624462
74	7400	857	1000	0	0.5438175270108043	0	857	0.8375999999999999	0.8331388564760793	10.385873250166576
75	7500	854	1000	0	0.5426170468187275	0	854	0.8359499999999999	0.8360655737704918	10.505927733580272
76	7600	852	1000	0	0.5522943365026871	0	852	0.8368999999999995	0.846244131455399	10.620007435480753
77	7700	847	1000	0	0.5838383838383838	0	847	0.8367999999999995	0.8547815820543093	10.73275086482366
78	7800	849	1000	0	0.5531400966183575	0	849	0.8366999999999992	0.8610129564193169	10.84694536526998
79	7900	846	1000	0	0.53	0	846	0.8347999999999994	0.8605200945626478	10.972098652521769
80	8000	840	1000	0	0.6193181818181819	0	840	0.8348999999999994	0.8738095238095238	11.080723798274994
81	8100	837	1000	0	0.6273344651952462	0	837	0.8340999999999992	0.8841099163679809	11.190264701843262
82	8200	836	1000	0	0.594551282051282	0	836	0.8334999999999991	0.8839712918660287	11.305032034715017
83	8300	832	1000	0	0.530108390204737	0	832	0.8328999999999991	0.8774038461538461	11.417683418591817
84	8400	831	1000	0	0.6002415458937198	0	831	0.8326999999999992	0.8808664259927798	11.525780133406322
85	8500	828	1000	0	0.47	0	828	0.8322499999999992	0.8768115942028986	11.641237930456798
86	8600	826	1000	0	0.59375	0	826	0.8322999999999994	0.8898305084745762	11.752114518483479
87	8700	826	1000	0	0.59375	0	826	0.831949999999999	0.8886198547215496	11.861286568641663
88	8800	823	1000	0	0.5044283413848631	0	823	0.831649999999999	0.8942891859052248	11.967496466636657
89	8900	818	1000	0	0.46613627090983273	0	818	0.831449999999999	0.8997555012224939	12.081515816847483
90	9000	814	1000	0	0.5438175270108043	0	814	0.8314499999999991	0.9004914004914005	12.189821902910868
91	9100	814	1000	0	0.5320128051220488	0	814	0.8313499999999994	0.9017199017199017	12.299350770314534
92	9200	814	1000	0	0.5570483670938404	0	814	0.8307499999999994	0.9078624078624079	12.407720116774241
93	9300	812	1000	0	0.5838383838383838	0	812	0.8298999999999993	0.9088669950738916	12.51950596968333
94	9400	809	1000	0	0.5438808373590982	0	809	0.8294499999999992	0.9085290482076638	12.62886312007904
95	9500	809	1000	0	0.54	0	809	0.8298999999999992	0.9184177997527813	12.734272833665212
96	9600	808	1000	0	0.6258116883116883	0	808	0.8283499999999988	0.9071782178217822	12.848874032497406
97	9700	811	1000	0	0.6222410865874364	0	811	0.8275499999999988	0.8914919852034525	12.9679101506869
98	9800	807	1000	0	0.594551282051282	0	807	0.826649999999999	0.8921933085501859	13.08051206668218
99	9900	808	1000	0	0.5407466880770775	0	808	0.826449999999999	0.8762376237623762	13.212648884455364
100	10000	805	1000	0	0.6203703703703703	0	805	0.8258999999999991	0.8708074534161491	13.32712636788686
101	10100	802	1000	0	0.46	0	802	0.8256499999999993	0.8753117206982544	15.306920886039734
102	10200	805	1000	0	0.624198717948718	0	805	0.8251499999999996	0.8683229813664596	15.423423286279043
103	10300	802	1000	0	0.5841346153846154	0	802	0.8248499999999995	0.871571072319202	15.534261949857076
104	10400	799	1000	0	0.4875201288244766	0	799	0.8251499999999995	0.8710888610763454	15.639252801736196
105	10500	798	1000	0	0.4749082007343941	0	798	0.8250999999999996	0.8771929824561403	15.749440018335978
106	10600	800	1000	0	0.5438175270108043	0	800	0.8245499999999999	0.87625	15.855029213428498
107	10700	802	1000	0	0.5316126450580232	0	802	0.82375	0.8628428927680798	15.97547701994578
108	10800	800	1000	0	0.5448532451426209	0	800	0.8243	0.86125	16.09155863126119
109	10900	803	1000	0	0.6	0	803	0.8236499999999999	0.8679950186799502	16.20492848555247
110	11000	801	1000	0	0.5547504025764896	0	801	0.8239999999999998	0.8576779026217228	16.328607066472372
111	11100	796	1000	0	0.56	0	796	0.8237499999999999	0.8555276381909548	16.449390999476115
112	11200	794	1000	0	0.6818181818181819	0	794	0.8236999999999999	0.8702770780856424	16.558019602298735
113	11300	792	1000	0	0.6222410865874364	0	792	0.8234999999999998	0.8737373737373737	16.669236667950948
114	11400	790	1000	0	0.592948717948718	0	790	0.8230999999999997	0.8658227848101265	16.786995236078898
115	11500	789	1000	0	0.5714572460859093	0	789	0.8230499999999998	0.8795944233206591	16.892708400885265
116	11600	793	1000	0	0.6111111111111112	0	793	0.8228500000000001	0.8738965952080706	17.018206683794656
117	11700	790	1000	0	0.48	0	790	0.8229	0.8708860759493671	17.128566098213195
118	11800	798	1000	0	0.6634615384615384	0	798	0.8226499999999998	0.8471177944862155	17.26151338418325
119	11900	797	1000	0	0.594551282051282	0	797	0.8226999999999998	0.8519447929736512	17.37084141969681
120	12000	795	1000	0	0.47987117552334946	0	795	0.8226999999999998	0.8540880503144654	17.48089379866918
121	12100	795	1000	0	0.4953080375356997	0	795	0.8226999999999997	0.8503144654088051	17.594393165906272
122	12200	795	1000	0	0.5634253701480593	0	795	0.8229499999999998	0.8528301886792453	17.70382455190023
123	12300	792	1000	0	0.5622248899559824	0	792	0.8229500000000001	0.8573232323232324	17.817578248182933
124	12400	786	1000	0	0.5655229433650268	0	786	0.8228500000000006	0.8549618320610687	17.935468514760334
125	12500	786	1000	0	0.602020202020202	0	786	0.8229500000000004	0.8625954198473282	18.045696500937144
126	12600	789	1000	0	0.5656199677938809	0	789	0.8227500000000002	0.8605830164765526	18.161926500002544
127	12700	793	1000	0	0.5800000000000001	0	793	0.8227	0.8549810844892812	18.284963965415955
128	12800	797	1000	0	0.661525974025974	0	797	0.8228999999999999	0.8444165621079046	18.405385716756186
129	12900	798	1000	0	0.6413412563667232	0	798	0.8228999999999996	0.8395989974937343	18.526868549982705
130	13000	797	1000	0	0.6129807692307692	0	797	0.8229500000000001	0.8406524466750314	18.647039302190144
131	13100	796	1000	0	0.5702529104777199	0	796	0.8231499999999998	0.8316582914572864	18.768473784128826
132	13200	797	1000	0	0.6388888888888888	0	797	0.8229499999999996	0.8381430363864492	18.874367400010428
133	13300	797	1000	0	0.5	0	797	0.8231499999999998	0.835633626097867	18.997203449408214
134	13400	798	1000	0	0.6650641025641025	0	798	0.8233499999999998	0.8395989974937343	19.11112544933955
135	13500	794	1000	0	0.6546474358974359	0	794	0.8232	0.8375314861460957	19.22408838669459
136	13600	800	1000	0	0.5060386473429952	0	800	0.8238499999999999	0.81	19.353106049696603
137	13700	796	1000	0	0.4953080375356997	0	796	0.8239000000000001	0.821608040201005	19.466899983088176
138	13800	790	1000	0	0.6132452981192477	0	790	0.8239000000000004	0.8265822784810126	19.584212950865428
139	13900	785	1000	0	0.5626250500200081	0	785	0.8239500000000006	0.8318471337579618	19.702308400472006
140	14000	786	1000	0	0.5946672178586192	0	786	0.8245500000000009	0.8295165394402035	19.822746483484902
141	14100	778	1000	0	0.6424242424242423	0	778	0.8245500000000009	0.8431876606683805	19.93458553155263
142	14200	771	1000	0	0.5841384863123994	0	771	0.8242000000000006	0.8482490272373541	20.055303819974263
143	14300	770	1000	0	0.64	0	770	0.82345	0.8467532467532467	20.1818932334582
144	14400	772	1000	0	0.713474025974026	0	772	0.8231499999999996	0.844559585492228	20.295644183953602
145	14500	771	1000	0	0.6735993208828523	0	771	0.8232999999999998	0.8521400778210116	20.40150245030721
146	14600	770	1000	0	0.6514423076923077	0	770	0.8234	0.8493506493506493	20.513762899239858
147	14700	770	1000	0	0.628061019670815	0	770	0.8235999999999999	0.8506493506493507	20.62988795042038
148	14800	768	1000	0	0.6606280193236715	0	768	0.82365	0.8528645833333334	20.737951934337616
149	14900	768	1000	0	0.56	0	768	0.8237000000000001	0.8606770833333334	20.849194435278573
150	15000	768	1000	0	0.7235576923076923	0	768	0.82355	0.8528645833333334	20.964257832368215
151	15100	766	1000	0	0.686698717948718	0	766	0.8229999999999997	0.8524804177545692	21.076596681276957
152	15200	765	1000	0	0.5028180354267311	0	765	0.8237499999999999	0.8366013071895425	21.205874300003053
153	15300	767	1000	0	0.5391676866585067	0	767	0.8232500000000001	0.8383311603650587	21.320501351356505
154	15400	768	1000	0	0.6226490596238495	0	768	0.8240999999999999	0.8307291666666666	21.446431601047514
155	15500	764	1000	0	0.6132452981192477	0	764	0.8238999999999997	0.8403141361256544	21.558060284455618
156	15600	763	1000	0	0.6614303431169906	0	763	0.8241499999999997	0.8453473132372215	21.667581152915954
157	15700	759	1000	0	0.6828282828282828	0	759	0.8236999999999998	0.852437417654809	21.786036880811057
158	15800	755	1000	0	0.6304347826086957	0	755	0.8236999999999997	0.8635761589403973	21.891546483834585
159	15900	755	1000	0	0.63	0	755	0.82395	0.8781456953642384	21.99521713256836
160	16000	755	1000	0	0.7378246753246753	0	755	0.82425	0.8768211920529801	22.108706617355345
161	16100	759	1000	0	0.6926994906621392	0	759	0.8246500000000003	0.8629776021080369	22.220748285452526
162	16200	755	1000	0	0.6626602564102564	0	755	0.8245	0.8635761589403973	22.335622715950013
163	16300	757	1000	0	0.6752308309915697	0	757	0.8248500000000004	0.8665785997357992	22.447109214464824
164	16400	760	1000	0	0.6590177133655395	0	760	0.8259500000000009	0.8526315789473684	22.567406463623048
165	16500	755	1000	0	0.63	0	755	0.8256500000000007	0.8503311258278146	22.683725249767303
166	16600	757	1000	0	0.7451923076923077	0	757	0.825850000000001	0.8546895640686922	22.80036108493805
167	16700	761	1000	0	0.7043269230769231	0	761	0.8265500000000018	0.8304862023653088	22.936031715075174
168	16800	758	1000	0	0.5785024154589372	0	758	0.8264500000000018	0.8271767810026385	23.061231116453808
169	16900	758	1000	0	0.6760505915952673	0	758	0.8267000000000024	0.8284960422163589	23.175749266147612
170	17000	759	1000	0	0.6728691476590636	0	759	0.8272500000000023	0.8326745718050066	23.29245651960373
171	17100	759	1000	0	0.6940776310524209	0	759	0.827200000000002	0.8274044795783926	23.406697750091553
172	17200	757	1000	0	0.7319140140553948	0	757	0.8272000000000023	0.8295904887714664	23.51662708123525
173	17300	760	1000	0	0.7676767676767677	0	760	0.8277000000000027	0.8118421052631579	23.646093213558196
174	17400	753	1000	0	0.7141706924315621	0	753	0.8277000000000024	0.8167330677290837	23.76945961713791
175	17500	752	1000	0	0.68	0	752	0.8280500000000022	0.8098404255319149	23.89808453321457
176	17600	752	1000	0	0.7711038961038961	0	752	0.8280500000000026	0.8058510638297872	24.016908566157024
177	17700	746	1000	0	0.7198641765704584	0	746	0.8282000000000027	0.8123324396782842	24.128141800562542
178	17800	748	1000	0	0.7355769230769231	0	748	0.8282000000000032	0.803475935828877	24.247165580590565
179	17900	747	1000	0	0.77900441589723	0	747	0.8294000000000035	0.7804551539491299	24.373092834154765
180	18000	745	1000	0	0.7177938808373591	0	745	0.8296500000000041	0.7691275167785235	24.496978747844697
181	18100	747	1000	0	0.72	0	747	0.8301500000000048	0.7590361445783133	24.627101747194924
182	18200	742	1000	0	0.7956730769230769	0	742	0.8307000000000052	0.7560646900269542	24.756535319487252
183	18300	740	1000	0	0.782051282051282	0	740	0.8307000000000052	0.7783783783783784	24.87065798441569
184	18400	743	1000	0	0.6928341384863124	0	743	0.8314000000000055	0.7792732166890982	24.99124559958776
185	18500	737	1000	0	0.7982456140350878	0	737	0.8315000000000059	0.7801899592944369	25.115060285727182
186	18600	738	1000	0	0.7737094837935174	0	738	0.8316500000000058	0.7791327913279132	25.23776405255
187	18700	738	1000	0	0.7446978791516606	0	738	0.8318000000000061	0.7831978319783198	25.356644801298778
188	18800	739	1000	0	0.8267879288962381	0	739	0.8318500000000062	0.7848443843031123	25.47138568162918
189	18900	738	1000	0	0.8616161616161616	0	738	0.8323500000000063	0.7872628726287263	25.596705818176268
190	19000	736	1000	0	0.7282608695652174	0	736	0.8324500000000061	0.7880434782608695	25.72186137040456
191	19100	736	1000	0	0.73	0	736	0.8326000000000061	0.7961956521739131	25.833626182874045
192	19200	737	1000	0	0.8003246753246753	0	737	0.8326500000000063	0.7896879240162822	25.96760428349177
193	19300	738	1000	0	0.7894736842105263	0	738	0.8325500000000062	0.7886178861788617	26.084450968106587
194	19400	737	1000	0	0.796474358974359	0	737	0.8326500000000063	0.7964721845318861	26.199989350636802
195	19500	743	1000	0	0.8191489361702128	0	743	0.8334000000000068	0.7900403768506057	26.329259300231932
196	19600	739	1000	0	0.7717391304347826	0	739	0.8335500000000071	0.7875507442489851	26.467030350367228
197	19700	733	1000	0	0.79	0	733	0.8341000000000075	0.7844474761255116	26.59669466416041
198	19800	733	1000	0	0.8269230769230769	0	733	0.8342000000000078	0.7939972714870396	26.71846636533737
199	19900	734	1000	0	0.7916666666666667	0	734	0.8342500000000077	0.7929155313351499	26.836930167675018
200	20000	734	1000	0	0.7934782608695652	0	734	0.8342500000000077	0.8038147138964578	26.948565816879274
201	20100	729	1000	0	0.8508771929824561	0	729	0.8347500000000077	0.803840877914952	27.07220633427302
202	20200	729	1000	0	0.7937174869947978	0	729	0.8349500000000075	0.8079561042524005	27.194499083360036
203	20300	730	1000	0	0.7647058823529411	0	730	0.835350000000008	0.8013698630136986	27.31382346947988
204	20400	730	1000	0	0.847457627118644	0	730	0.8355000000000083	0.8068493150684931	27.430878551801047
205	20500	729	1000	0	0.8545454545454545	0	729	0.8359000000000085	0.8106995884773662	27.551106150945028
206	20600	726	1000	0	0.75	0	726	0.8360500000000083	0.8126721763085399	27.669896185398102
207	20700	728	1000	0	0.76	0	728	0.8363000000000086	0.804945054945055	27.79386183420817
208	20800	728	1000	0	0.8181818181818181	0	728	0.8366500000000087	0.8090659340659341	27.930236033598582
209	20900	726	1000	0	0.8157894736842105	0	726	0.8368500000000085	0.8154269972451791	28.048592098553975
210	21000	731	1000	0	0.7980769230769231	0	731	0.8376000000000087	0.801641586867305	28.178762002786
211	21100	728	1000	0	0.8085106382978724	0	728	0.8376000000000086	0.8173076923076923	28.30076941649119
212	21200	730	1000	0	0.7717391304347826	0	730	0.8376500000000084	0.8287671232876712	28.420838832855225
213	21300	729	1000	0	0.79	0	729	0.8378000000000088	0.8326474622770919	28.542478851477306
214	21400	736	1000	0	0.8269230769230769	0	736	0.8382500000000088	0.8152173913043478	28.674045169353484
215	21500	737	1000	0	0.78125	0	737	0.8386000000000092	0.7991858887381276	28.815500382582346
216	21600	732	1000	0	0.7826086956521738	0	732	0.8386000000000092	0.8032786885245902	28.938829930623374
217	21700	731	1000	0	0.8508771929824561	0	731	0.838700000000009	0.7975376196990424	29.07308313449224
218	21800	726	1000	0	0.803921568627451	0	726	0.8387500000000089	0.8057851239669421	29.202824151515962
219	21900	724	1000	0	0.7647058823529411	0	724	0.8386500000000089	0.8149171270718232	29.321701685587566
220	22000	729	1000	0	0.847457627118644	0	729	0.8389000000000087	0.8052126200274349	29.453305848439534
221	22100	730	1000	0	0.8545454545454545	0	730	0.8389500000000084	0.8054794520547945	29.57783281803131
222	22200	733	1000	0	0.7407407407407407	0	733	0.8393500000000087	0.7980900409276944	29.7042165517807
223	22300	733	1000	0	0.76	0	733	0.8397000000000087	0.7994542974079127	29.835984047253927
224	22400	737	1000	0	0.8181818181818181	0	737	0.8398000000000091	0.7896879240162822	29.980510250727335
225	22500	740	1000	0	0.8157894736842105	0	740	0.8399500000000095	0.777027027027027	30.113945718606313
226	22600	739	1000	0	0.7980769230769231	0	739	0.8399500000000094	0.7889039242219216	30.2330419977506
227	22700	739	1000	0	0.7978723404255319	0	739	0.8408000000000092	0.7767253044654939	30.370754869778953
228	22800	740	1000	0	0.7717391304347826	0	740	0.8408500000000092	0.7824324324324324	30.496593101819357
229	22900	741	1000	0	0.79	0	741	0.8408500000000095	0.7732793522267206	30.664680834611257
230	23000	739	1000	0	0.8269230769230769	0	739	0.84095000000001	0.7794316644113667	30.835002982616423
231	23100	739	1000	0	0.78125	0	739	0.84105000000001	0.7956698240866035	30.96082446575165
232	23200	745	1000	0	0.7826086956521738	0	745	0.8412000000000102	0.7865771812080536	31.095880766709644
233	23300	742	1000	0	0.8508771929824561	0	742	0.8412000000000102	0.8005390835579514	31.224111485481263
234	23400	742	1000	0	0.803921568627451	0	742	0.8417500000000103	0.7857142857142857	31.368774970372517
235	23500	739	1000	0	0.7647058823529411	0	739	0.8417500000000101	0.7794316644113667	31.503944369157157
236	23600	744	1000	0	0.847457627118644	0	744	0.84175000000001	0.7661290322580645	31.66170161565145
237	23700	741	1000	0	0.8545454545454545	0	741	0.8420500000000097	0.7557354925775979	31.808403368790945
238	23800	739	1000	0	0.7298711755233495	0	739	0.8421000000000096	0.7645466847090663	31.93410429954529
239	23900	732	1000	0	0.76	0	732	0.8423500000000093	0.7609289617486339	32.0764225323995
240	24000	728	1000	0	0.8181818181818181	0	728	0.8425000000000092	0.782967032967033	32.20587678352992
241	24100	728	1000	0	0.8157894736842105	0	728	0.8425000000000094	0.7925824175824175	32.331862183411914
242	24200	729	1000	0	0.7980769230769231	0	729	0.842550000000009	0.7791495198902606	32.46155070066452
243	24300	727	1000	0	0.7978723404255319	0	727	0.842700000000009	0.781292984869326	32.59873656829198
244	24400	727	1000	0	0.7717391304347826	0	727	0.8427000000000092	0.7840440165061898	32.72651966810226
245	24500	730	1000	0	0.79	0	730	0.8429000000000093	0.7849315068493151	32.86219396988551
246	24600	724	1000	0	0.8269230769230769	0	724	0.842900000000009	0.7997237569060773	32.98832851648331
247	24700	717	1000	0	0.78125	0	717	0.843050000000009	0.8075313807531381	33.111969451109566
248	24800	716	1000	0	0.7826086956521738	0	716	0.8432000000000093	0.8072625698324022	33.248313164711
249	24900	717	1000	0	0.8508771929824561	0	717	0.8432000000000093	0.8117154811715481	33.371329033374785
250	25000	717	1000	0	0.803921568627451	0	717	0.8433500000000094	0.8214783821478382	33.508780952294664
251	25100	715	1000	0	0.7545018007202882	0	715	0.8434500000000092	0.8223776223776224	36.186153884728746
252	25200	721	1000	0	0.847457627118644	0	721	0.8436000000000093	0.8307905686546463	36.30752393404643
253	25300	726	1000	0	0.8525252525252525	0	726	0.8438000000000094	0.8236914600550964	36.443057882785794
254	25400	727	1000	0	0.7282608695652174	0	727	0.8438500000000094	0.8211829436038515	36.561524732907614
255	25500	727	1000	0	0.76	0	727	0.8438500000000093	0.8363136176066025	36.67445658047994
256	25600	728	1000	0	0.8181818181818181	0	728	0.8439500000000096	0.8255494505494505	36.80103508234024
257	25700	728	1000	0	0.8077249575551783	0	728	0.8439500000000096	0.8104395604395604	36.929299553235374
258	25800	727	1000	0	0.8068910256410255	0	727	0.8439500000000096	0.8211829436038515	37.049422983328505
259	25900	726	1000	0	0.7990766760337213	0	726	0.8440000000000094	0.8264462809917356	37.17030483484268
260	26000	726	1000	0	0.7934782608695652	0	726	0.8443000000000095	0.8154269972451791	37.3057208498319
261	26100	724	1000	0	0.8	0	724	0.8443500000000096	0.824585635359116	37.42867756684621
262	26200	734	1000	0	0.8453525641025641	0	734	0.8446000000000099	0.8010899182561307	37.56852523088455
263	26300	734	1000	0	0.7716346153846154	0	734	0.84475000000001	0.7806539509536785	37.71451283295949
264	26400	733	1000	0	0.8260869565217391	0	733	0.8448000000000101	0.791268758526603	37.834069649378456
265	26500	734	1000	0	0.868421052631579	0	734	0.84475000000001	0.7833787465940054	37.96035809914271
266	26600	735	1000	0	0.8133253301320529	0	735	0.84475000000001	0.7931972789115647	38.08101551532745
267	26700	735	1000	0	0.8231292517006803	0	735	0.8448500000000099	0.8027210884353742	38.20794600248337
268	26800	735	1000	0	0.8522116577097973	0	735	0.84480000000001	0.8054421768707483	38.333953468004864
269	26900	741	1000	0	0.907070707070707	0	741	0.8451000000000101	0.8110661268556005	38.471827419598895
270	27000	736	1000	0	0.7930756843800322	0	736	0.8453000000000098	0.7989130434782609	38.6230149825414
271	27100	730	1000	0	0.86	0	730	0.8454500000000099	0.7890410958904109	38.763682850201924
272	27200	736	1000	0	0.9431818181818181	0	736	0.8454500000000098	0.7839673913043478	38.89827803373337
273	27300	741	1000	0	0.918081494057725	0	741	0.8455000000000101	0.7746288798920378	39.04770911534627
274	27400	741	1000	0	0.8822115384615384	0	741	0.8457000000000099	0.7651821862348178	39.19060473442077
275	27500	742	1000	0	0.8416298675230831	0	742	0.8459000000000101	0.7547169811320755	39.333025435606636
276	27600	746	1000	0	0.8695652173913043	0	746	0.8459000000000101	0.7546916890080428	39.4807464838028
277	27700	745	1000	0	0.9	0	745	0.8459000000000101	0.7557046979865771	39.60910178422928
278	27800	748	1000	0	0.9022435897435898	0	748	0.8460500000000101	0.7606951871657754	39.755261282126106
279	27900	758	1000	0	0.8661858974358975	0	758	0.8461500000000102	0.758575197889182	39.90649811824163
280	28000	755	1000	0	0.9021739130434783	0	755	0.8463000000000103	0.7576158940397351	40.040854982535045
281	28100	754	1000	0	0.9181966544267646	0	754	0.8463000000000104	0.7625994694960212	40.1744675676028
282	28200	759	1000	0	0.8427370948379351	0	759	0.8463500000000106	0.7523056653491436	40.31377660036087
283	28300	761	1000	0	0.9211684673869548	0	761	0.8466000000000105	0.7437582128777924	40.469789536794025
284	28400	765	1000	0	0.9200082678792889	0	765	0.8465500000000109	0.7241830065359477	40.63413611650467
285	28500	769	1000	0	0.9252525252525252	0	769	0.8466000000000109	0.7191157347204161	40.78094480037689
286	28600	767	1000	0	0.8115942028985508	0	767	0.8466000000000105	0.7392438070404173	40.92076348463694
287	28700	766	1000	0	0.88	0	766	0.8469500000000105	0.7349869451697127	41.07516679763794
288	28800	766	1000	0	0.9431818181818181	0	766	0.8470500000000106	0.741514360313316	41.226936264832815
289	28900	772	1000	0	0.9393039049235994	0	772	0.8470000000000105	0.7409326424870466	41.38704421520233
290	29000	775	1000	0	0.9126602564102564	0	775	0.8470000000000105	0.7406451612903225	41.53753173351288
291	29100	783	1000	0	0.8416298675230831	0	783	0.847100000000011	0.7343550446998723	41.71077011823654
292	29200	778	1000	0	0.8695652173913043	0	778	0.8472000000000109	0.7377892030848329	41.870712081591286
293	29300	777	1000	0	0.9	0	777	0.8472000000000109	0.7413127413127413	42.00871144930522
294	29400	780	1000	0	0.9022435897435898	0	780	0.847200000000011	0.7423076923076923	42.167294951279956
295	29500	787	1000	0	0.875801282051282	0	787	0.8472000000000112	0.7445997458703939	42.324298004309334
296	29600	787	1000	0	0.9021739130434783	0	787	0.8472000000000112	0.7509529860228716	42.46394518216451
297	29700	791	1000	0	0.9181966544267646	0	791	0.8474000000000113	0.7357774968394437	42.625335065523785
298	29800	788	1000	0	0.8427370948379351	0	788	0.8473000000000112	0.7411167512690355	42.77805175383886
299	29900	787	1000	0	0.9211684673869548	0	787	0.847300000000011	0.7547649301143583	42.93165228366852
300	30000	794	1000	0	0.9200082678792889	0	794	0.847650000000011	0.7468513853904282	43.116006620724995
301	30100	799	1000	0	0.9252525252525252	0	799	0.8477500000000111	0.737171464330413	46.420995235443115
302	30200	796	1000	0	0.8115942028985508	0	796	0.847800000000011	0.7349246231155779	46.57759380340576
303	30300	794	1000	0	0.88	0	794	0.8478000000000109	0.7367758186397985	46.73833783070246
304	30400	799	1000	0	0.9431818181818181	0	799	0.8479000000000113	0.7296620775969962	46.91416983207067
305	30500	801	1000	0	0.9312393887945671	0	801	0.8479000000000112	0.7415730337078652	47.07077260017395
306	30600	804	1000	0	0.9022435897435898	0	804	0.8482000000000112	0.7350746268656716	47.251406236489615
307	30700	807	1000	0	0.8416298675230831	0	807	0.8482000000000112	0.7422552664188352	47.41409854888916
308	30800	814	1000	0	0.8695652173913043	0	814	0.8482000000000115	0.7297297297297297	47.59750551780065
309	30900	816	1000	0	0.9	0	816	0.8482500000000116	0.7230392156862745	47.74919395049413
310	31000	823	1000	0	0.9230769230769231	0	823	0.8483500000000116	0.7132442284325637	47.93609234889348
311	31100	821	1000	0	0.8854166666666667	0	821	0.8483500000000116	0.7088915956151035	48.11246633529663
312	31200	821	1000	0	0.9021739130434783	0	821	0.8483500000000116	0.707673568818514	48.26393191814422
313	31300	815	1000	0	0.9298245614035088	0	815	0.8484000000000116	0.7202453987730061	48.42218718528748
314	31400	816	1000	0	0.8529411764705883	0	816	0.8484000000000116	0.7205882352941176	48.584197930494945
315	31500	820	1000	0	0.9313725490196079	0	820	0.8485000000000118	0.7121951219512195	48.75450856685639
316	31600	818	1000	0	0.9322033898305084	0	818	0.848600000000012	0.7212713936430318	48.926506352424624
317	31700	822	1000	0	0.9363636363636363	0	822	0.8486000000000117	0.7214111922141119	49.128340069452925
318	31800	821	1000	0	0.8333333333333333	0	821	0.8485500000000117	0.728380024360536	49.281722684701286
319	31900	816	1000	0	0.89	0	816	0.8487000000000116	0.7291666666666666	49.43979965051015
320	32000	817	1000	0	0.9431818181818181	0	817	0.8487000000000116	0.7478580171358629	49.603922013441725
321	32100	816	1000	0	0.9473684210526316	0	816	0.8487500000000112	0.7438725490196079	49.77577660083771
322	32200	813	1000	0	0.9230769230769231	0	813	0.8487500000000112	0.7613776137761378	49.93708140055339
323	32300	811	1000	0	0.851063829787234	0	811	0.8487500000000111	0.7706535141800247	50.08925944964091
324	32400	818	1000	0	0.8695652173913043	0	818	0.8487500000000111	0.7787286063569682	50.26220166683197
325	32500	818	1000	0	0.9	0	818	0.8488000000000112	0.7713936430317848	50.438339082400006
326	32600	817	1000	0	0.9230769230769231	0	817	0.8488500000000112	0.784577723378213	50.60107763210932
327	32700	823	1000	0	0.8854166666666667	0	823	0.8488500000000114	0.7946537059538274	50.767242983977
328	32800	822	1000	0	0.9021739130434783	0	822	0.8488500000000115	0.7858880778588808	50.93936748504639
329	32900	821	1000	0	0.9298245614035088	0	821	0.8488500000000115	0.7868453105968332	51.091891185442606
330	33000	822	1000	0	0.8529411764705883	0	822	0.8488500000000115	0.7785888077858881	51.26950915257136
331	33100	827	1000	0	0.9313725490196079	0	827	0.8489000000000116	0.7690447400241838	51.455507735411324
332	33200	828	1000	0	0.9322033898305084	0	828	0.8489500000000116	0.7717391304347826	51.62650756835937
333	33300	831	1000	0	0.9363636363636363	0	831	0.8489500000000116	0.7978339350180506	51.780614666144054
334	33400	834	1000	0	0.8333333333333333	0	834	0.8490000000000116	0.7877697841726619	51.966832466920216
335	33500	829	1000	0	0.89	0	829	0.8490000000000116	0.7913148371531966	52.128451800346376
336	33600	834	1000	0	0.9431818181818181	0	834	0.8491500000000117	0.7721822541966427	52.3155172030131
337	33700	836	1000	0	0.9473684210526316	0	836	0.849150000000012	0.7643540669856459	52.498884399731956
338	33800	832	1000	0	0.9230769230769231	0	832	0.8491500000000117	0.7632211538461539	52.66719334920247
339	33900	838	1000	0	0.851063829787234	0	838	0.8492000000000117	0.7279236276849642	52.88255614837011
340	34000	834	1000	0	0.8695652173913043	0	834	0.8492000000000117	0.7446043165467626	53.044953016440076
341	34100	830	1000	0	0.9	0	830	0.8492000000000116	0.755421686746988	53.20751924912135
342	34200	833	1000	0	0.9230769230769231	0	833	0.8492000000000116	0.7406962785114045	53.393453049659726
343	34300	835	1000	0	0.8854166666666667	0	835	0.8492000000000116	0.7281437125748503	53.60113846858342
344	34400	841	1000	0	0.9021739130434783	0	841	0.8492000000000117	0.7288941736028538	53.78480941851934
345	34500	838	1000	0	0.9298245614035088	0	838	0.8492000000000117	0.7255369928400954	53.95351078510284
346	34600	834	1000	0	0.8529411764705883	0	834	0.8492000000000117	0.7386091127098321	54.113330483436584
347	34700	834	1000	0	0.9313725490196079	0	834	0.8492000000000118	0.7482014388489209	54.290633368492124
348	34800	839	1000	0	0.9322033898305084	0	839	0.8492500000000118	0.7401668653158522	54.47263895273208
349	34900	839	1000	0	0.9363636363636363	0	839	0.8492500000000119	0.7377830750893921	54.648058267434436
350	35000	839	1000	0	0.8333333333333333	0	839	0.8492500000000119	0.7365911799761621	54.82638138135274
351	35100	838	1000	0	0.89	0	838	0.8492500000000118	0.7446300715990454	54.985640501976015
352	35200	842	1000	0	0.9431818181818181	0	842	0.8492500000000119	0.7327790973871734	55.20109346707662
353	35300	845	1000	0	0.9473684210526316	0	845	0.8492500000000122	0.7254437869822485	55.40165893236796
354	35400	855	1000	0	0.9230769230769231	0	855	0.8493000000000123	0.7029239766081872	55.63302161693573
355	35500	856	1000	0	0.851063829787234	0	856	0.8493000000000124	0.7231308411214953	55.81584031581879
356	35600	853	1000	0	0.8695652173913043	0	853	0.8493000000000122	0.7291910902696366	55.98647706508636
357	35700	855	1000	0	0.9	0	855	0.8493000000000123	0.7216374269005847	56.16153988440831
358	35800	857	1000	0	0.9230769230769231	0	857	0.8494000000000125	0.7106184364060677	56.37746113538742
359	35900	855	1000	0	0.8854166666666667	0	855	0.8494000000000125	0.7333333333333333	56.56431353489558
360	36000	852	1000	0	0.9021739130434783	0	852	0.8494000000000126	0.7288732394366197	56.76681258281072
361	36100	856	1000	0	0.9298245614035088	0	856	0.8494000000000125	0.7126168224299065	56.97569797039032
362	36200	853	1000	0	0.8529411764705883	0	853	0.8494500000000126	0.694021101992966	57.189117248853044
363	36300	851	1000	0	0.9313725490196079	0	851	0.8494500000000126	0.7109283196239718	57.35620851914088
364	36400	853	1000	0	0.9322033898305084	0	853	0.8494500000000127	0.7033997655334114	57.551802802085874
365	36500	855	1000	0	0.9363636363636363	0	855	0.8494500000000127	0.704093567251462	57.73104966481527
366	36600	854	1000	0	0.8333333333333333	0	854	0.8495000000000125	0.7060889929742389	57.93161894877752
367	36700	855	1000	0	0.89	0	855	0.8495000000000122	0.6795321637426901	58.14591946999232
368	36800	857	1000	0	0.9431818181818181	0	857	0.8495000000000124	0.7012835472578763	58.3290475487709
369	36900	858	1000	0	0.9473684210526316	0	858	0.8495000000000124	0.7121212121212122	58.51440901756287
370	37000	859	1000	0	0.9230769230769231	0	859	0.8495000000000125	0.7240977881257276	58.70776997009913
371	37100	857	1000	0	0.851063829787234	0	857	0.8495000000000124	0.7141190198366394	58.90837033589681
372	37200	855	1000	0	0.8695652173913043	0	855	0.8495000000000124	0.7157894736842105	59.08887019952138
373	37300	859	1000	0	0.9	0	859	0.8495000000000125	0.7159487776484285	59.26755311489105
374	37400	861	1000	0	0.9230769230769231	0	861	0.8495000000000125	0.7305458768873403	59.46734695037206
375	37500	862	1000	0	0.8854166666666667	0	862	0.8495000000000124	0.7204176334106729	59.6726037700971
376	37600	862	1000	0	0.9021739130434783	0	862	0.8495000000000126	0.7169373549883991	59.863071163495384
377	37700	864	1000	0	0.9298245614035088	0	864	0.8495000000000127	0.7280092592592593	60.05038811763128
378	37800	864	1000	0	0.8529411764705883	0	864	0.8495000000000129	0.7384259259259259	60.25460363229116
379	37900	867	1000	0	0.9313725490196079	0	867	0.8495500000000131	0.7220299884659747	60.4608271519343
380	38000	866	1000	0	0.9322033898305084	0	866	0.849550000000013	0.7297921478060047	60.654248046875
381	38100	870	1000	0	0.9363636363636363	0	870	0.849600000000013	0.7229885057471265	60.850923983256024
382	38200	869	1000	0	0.8333333333333333	0	869	0.8496000000000131	0.7100115074798619	61.07851921717326
383	38300	867	1000	0	0.89	0	867	0.8496000000000131	0.720876585928489	61.267749985059105
384	38400	870	1000	0	0.9431818181818181	0	870	0.849600000000013	0.7149425287356321	61.46242416699727
385	38500	869	1000	0	0.9473684210526316	0	869	0.849600000000013	0.7238204833141542	61.63801176945368
386	38600	870	1000	0	0.9230769230769231	0	870	0.8496000000000131	0.7126436781609196	61.824559418360394
387	38700	872	1000	0	0.851063829787234	0	872	0.8496000000000131	0.7201834862385321	61.99000215133031
388	38800	870	1000	0	0.8695652173913043	0	870	0.8496000000000131	0.7229885057471265	62.15059713522593
389	38900	865	1000	0	0.9	0	865	0.849650000000013	0.7202312138728324	62.32319956620534
390	39000	864	1000	0	0.9230769230769231	0	864	0.849650000000013	0.7222222222222222	62.50240651766459
391	39100	867	1000	0	0.8854166666666667	0	867	0.849650000000013	0.7220299884659747	62.68073401848475
392	39200	868	1000	0	0.9021739130434783	0	868	0.8497000000000131	0.7200460829493087	62.855605737368265
393	39300	870	1000	0	0.9298245614035088	0	870	0.849700000000013	0.7206896551724138	63.03144748608271
394	39400	867	1000	0	0.8529411764705883	0	867	0.8497000000000129	0.7301038062283737	63.19460939963658
395	39500	869	1000	0	0.9313725490196079	0	869	0.849700000000013	0.7261219792865362	63.37384441693624
396	39600	870	1000	0	0.9322033898305084	0	870	0.849700000000013	0.7137931034482758	63.56265376408895
397	39700	869	1000	0	0.9363636363636363	0	869	0.8497000000000131	0.7088607594936709	63.74846633672714
398	39800	874	1000	0	0.8333333333333333	0	874	0.8497000000000132	0.7265446224256293	63.916035719712575
399	39900	883	1000	0	0.89	0	883	0.8497000000000133	0.7021517553793885	64.1425671339035
400	40000	878	1000	0	0.9431818181818181	0	878	0.8497000000000134	0.7015945330296127	64.33257240056992
401	40100	876	1000	0	0.9473684210526316	0	876	0.8497000000000133	0.70662100456621	64.4916403333346
402	40200	877	1000	0	0.9230769230769231	0	877	0.8497000000000136	0.7172177879133409	64.66971816619237
403	40300	881	1000	0	0.851063829787234	0	881	0.8497000000000136	0.7105561861520999	64.86187169949214
404	40400	886	1000	0	0.8695652173913043	0	886	0.8497000000000137	0.7144469525959368	65.03226275046667
405	40500	892	1000	0	0.9	0	892	0.8497000000000137	0.7085201793721974	65.21870656410853
406	40600	893	1000	0	0.9230769230769231	0	893	0.8497000000000137	0.696528555431131	65.43799395163855
407	40700	897	1000	0	0.8854166666666667	0	897	0.8499000000000138	0.7034559643255296	65.61792358557383
408	40800	894	1000	0	0.9021739130434783	0	894	0.8499000000000138	0.7080536912751678	65.79650555054347
409	40900	893	1000	0	0.9298245614035088	0	893	0.8499000000000138	0.723404255319149	65.95913283427556
410	41000	895	1000	0	0.8529411764705883	0	895	0.8499000000000138	0.7072625698324022	66.15801166693369
411	41100	892	1000	0	0.9313725490196079	0	892	0.8499000000000138	0.718609865470852	66.32632976770401
412	41200	889	1000	0	0.9322033898305084	0	889	0.8499000000000136	0.7424071991001124	66.48753731648127
413	41300	890	1000	0	0.9363636363636363	0	890	0.8499000000000136	0.7370786516853932	66.69274810155233
414	41400	891	1000	0	0.8333333333333333	0	891	0.8499000000000139	0.7429854096520763	66.88187463283539
415	41500	894	1000	0	0.89	0	894	0.8499000000000138	0.7662192393736018	67.06372456550598
416	41600	900	1000	0	0.9431818181818181	0	900	0.8499000000000138	0.7511111111111111	67.26773273150125
417	41700	897	1000	0	0.9473684210526316	0	897	0.8499500000000136	0.7369007803790413	67.46230588356654
418	41800	898	1000	0	0.9230769230769231	0	898	0.8499500000000136	0.7160356347438753	67.68335593541464
419	41900	899	1000	0	0.851063829787234	0	899	0.8499500000000136	0.7208008898776418	67.87291403214137
420	42000	901	1000	0	0.8695652173913043	0	901	0.8499500000000138	0.7158712541620422	68.0575632015864
421	42100	901	1000	0	0.9	0	901	0.8499500000000139	0.7192008879023307	68.23949106534322
422	42200	901	1000	0	0.9230769230769231	0	901	0.8499500000000138	0.7402885682574917	68.41838771899542
423	42300	908	1000	0	0.8854166666666667	0	908	0.8499500000000135	0.7147577092511013	68.64597606658936
424	42400	906	1000	0	0.9021739130434783	0	906	0.8499500000000136	0.695364238410596	68.86033316850663
425	42500	905	1000	0	0.9298245614035088	0	905	0.8499500000000138	0.6917127071823205	69.05378376642862
426	42600	902	1000	0	0.8529411764705883	0	902	0.8499500000000136	0.7084257206208425	69.2313404361407
427	42700	903	1000	0	0.9313725490196079	0	903	0.8499500000000136	0.7054263565891473	69.40602858463923
428	42800	903	1000	0	0.9322033898305084	0	903	0.8499500000000136	0.7009966777408638	69.57649618387222
429	42900	903	1000	0	0.9363636363636363	0	903	0.8499500000000136	0.7131782945736435	69.76652590036392
430	43000	910	1000	0	0.8333333333333333	0	910	0.8499500000000136	0.7065934065934066	69.95824348131815
431	43100	911	1000	0	0.89	0	911	0.8499500000000136	0.7113062568605928	70.14055228233337
432	43200	910	1000	0	0.9431818181818181	0	910	0.8499500000000136	0.721978021978022	70.31890095074972
433	43300	910	1000	0	0.9473684210526316	0	910	0.8499500000000135	0.7274725274725274	70.51005806525548
434	43400	906	1000	0	0.9230769230769231	0	906	0.8499500000000136	0.7240618101545254	70.71507706642151
435	43500	909	1000	0	0.851063829787234	0	909	0.8499500000000136	0.7337733773377337	70.89053593476613
436	43600	907	1000	0	0.8695652173913043	0	907	0.8499500000000139	0.7331863285556781	71.08129153251647
437	43700	912	1000	0	0.9	0	912	0.8499500000000138	0.7105263157894737	71.3232247988383
438	43800	915	1000	0	0.9230769230769231	0	915	0.8499500000000139	0.7005464480874317	71.52075781822205
439	43900	916	1000	0	0.8854166666666667	0	916	0.8499500000000141	0.7270742358078602	71.706387535731
440	44000	914	1000	0	0.9021739130434783	0	914	0.8499500000000141	0.7352297592997812	71.88512408336004
441	44100	912	1000	0	0.9298245614035088	0	912	0.8499500000000139	0.7280701754385965	72.08589644829432
442	44200	912	1000	0	0.8529411764705883	0	912	0.8499500000000139	0.7302631578947368	72.26646231810251
443	44300	916	1000	0	0.9313725490196079	0	916	0.8499500000000141	0.7161572052401747	72.47331061760585
444	44400	916	1000	0	0.9322033898305084	0	916	0.8499500000000141	0.7183406113537117	72.65728868246079
445	44500	916	1000	0	0.9363636363636363	0	916	0.8499500000000139	0.7150655021834061	72.86191623210907
446	44600	914	1000	0	0.8333333333333333	0	914	0.8499500000000139	0.7341356673960613	73.03419908285142
447	44700	914	1000	0	0.89	0	914	0.8499500000000139	0.7286652078774617	73.22452773253123
448	44800	919	1000	0	0.9431818181818181	0	919	0.850000000000014	0.7116430903155604	73.44065803289413
449	44900	919	1000	0	0.9473684210526316	0	919	0.8500000000000139	0.7094668117519043	73.64521826903025
450	45000	916	1000	0	0.9230769230769231	0	916	0.8500000000000139	0.7096069868995634	73.86012035210928
451	45100	913	1000	0	0.851063829787234	0	913	0.8500000000000139	0.6922234392113911	74.09256616830825
452	45200	913	1000	0	0.8695652173913043	0	913	0.8500000000000137	0.6823658269441402	74.31481303373972
453	45300	915	1000	0	0.9	0	915	0.8500000000000139	0.7038251366120218	74.51376661856969
454	45400	920	1000	0	0.9230769230769231	0	920	0.8500000000000139	0.7086956521739131	74.70807200272878
455	45500	919	1000	0	0.8854166666666667	0	919	0.850000000000014	0.6985854189336235	74.93151336510977
456	45600	915	1000	0	0.9021739130434783	0	915	0.850000000000014	0.6907103825136612	75.15393153429031
457	45700	916	1000	0	0.9298245614035088	0	916	0.850000000000014	0.6855895196506551	75.38432245254516
458	45800	916	1000	0	0.8529411764705883	0	916	0.8499500000000138	0.6834061135371179	75.59234135150909
459	45900	913	1000	0	0.9313725490196079	0	913	0.8499500000000139	0.683461117196057	75.80808066527048
460	46000	915	1000	0	0.9322033898305084	0	915	0.8499500000000139	0.6797814207650273	76.00678621530533
461	46100	914	1000	0	0.9363636363636363	0	914	0.8499500000000139	0.6892778993435449	76.19735230207444
462	46200	912	1000	0	0.8333333333333333	0	912	0.8499500000000139	0.6743421052631579	76.41885491609574
463	46300	912	1000	0	0.89	0	912	0.8499500000000141	0.680921052631579	76.60820841391882
464	46400	915	1000	0	0.9431818181818181	0	915	0.8499500000000139	0.6808743169398908	76.82569886843363
465	46500	912	1000	0	0.9473684210526316	0	912	0.8499500000000136	0.6677631578947368	77.08047683636347
466	46600	909	1000	0	0.9230769230769231	0	909	0.8499500000000138	0.6754675467546755	77.28295053243637
467	46700	910	1000	0	0.851063829787234	0	910	0.8499500000000139	0.6879120879120879	77.50887233416239
468	46800	912	1000	0	0.8695652173913043	0	912	0.8499500000000139	0.6918859649122807	77.73746089935302
469	46900	912	1000	0	0.9	0	912	0.8499500000000138	0.6864035087719298	77.97377956708273
470	47000	911	1000	0	0.9230769230769231	0	911	0.8499500000000136	0.6794731064763996	78.20738449891408
471	47100	910	1000	0	0.8854166666666667	0	910	0.8499500000000136	0.6934065934065934	78.39353290001551
472	47200	910	1000	0	0.9021739130434783	0	910	0.8499500000000135	0.6912087912087912	78.60666249990463
473	47300	915	1000	0	0.9298245614035088	0	915	0.8499500000000134	0.692896174863388	78.84913070201874
474	47400	912	1000	0	0.8529411764705883	0	912	0.8499500000000132	0.6973684210526315	79.07059973080953
475	47500	914	1000	0	0.9313725490196079	0	914	0.8499500000000133	0.6849015317286652	79.33394074837366
476	47600	917	1000	0	0.9322033898305084	0	917	0.8499500000000134	0.6684841875681571	79.61058058341344
477	47700	916	1000	0	0.9363636363636363	0	916	0.8499500000000132	0.6637554585152838	79.85577015082042
478	47800	918	1000	0	0.8333333333333333	0	918	0.8499500000000132	0.6503267973856209	80.14290801684062
479	47900	913	1000	0	0.89	0	913	0.8499500000000131	0.6495071193866374	80.37283668120702
480	48000	913	1000	0	0.9431818181818181	0	913	0.8499500000000131	0.664841182913472	80.57386777003606
481	48100	912	1000	0	0.9473684210526316	0	912	0.849950000000013	0.6754385964912281	85.85265150070191
482	48200	911	1000	0	0.9230769230769231	0	911	0.8499500000000128	0.6586169045005489	86.11661148468653
483	48300	911	1000	0	0.851063829787234	0	911	0.8499500000000129	0.6531284302963776	86.37405341466268
484	48400	913	1000	0	0.8695652173913043	0	913	0.8499500000000129	0.660460021905805	86.6066831668218
485	48500	917	1000	0	0.9	0	917	0.850000000000013	0.6608505997818975	86.86175493399303
486	48600	916	1000	0	0.9230769230769231	0	916	0.8500000000000131	0.6681222707423581	87.12166293462117
487	48700	917	1000	0	0.8854166666666667	0	917	0.850000000000013	0.6303162486368593	87.44616458415985
488	48800	919	1000	0	0.9021739130434783	0	919	0.850000000000013	0.6376496191512514	87.6894031325976
489	48900	917	1000	0	0.9298245614035088	0	917	0.850000000000013	0.648854961832061	87.96383166710535
490	49000	917	1000	0	0.8529411764705883	0	917	0.8500000000000127	0.648854961832061	88.227454551061
491	49100	916	1000	0	0.9313725490196079	0	916	0.8500000000000127	0.6670305676855895	88.46357436577479
492	49200	917	1000	0	0.9322033898305084	0	917	0.8500000000000126	0.6892039258451472	88.72980775038401
493	49300	917	1000	0	0.9454545454545454	0	917	0.8500000000000124	0.6815703380588877	89.04649081627528
494	49400	917	1000	0	0.8796296296296297	0	917	0.8500000000000124	0.7131952017448201	89.313396636645
495	49500	915	1000	0	0.9199999999999999	0	915	0.8500000000000124	0.7191256830601093	89.59002213080724
496	49600	917	1000	0	0.9545454545454546	0	917	0.8500000000000125	0.7033805888767721	89.91304496924083
497	49700	921	1000	0	0.9736842105263157	0	921	0.8500000000000125	0.7090119435396308	90.2074817498525
498	49800	921	1000	0	0.9519230769230769	0	921	0.8500000000000125	0.7307274701411509	90.45144449869791
499	49900	919	1000	0	0.9893617021276595	0	919	0.8500000000000126	0.7323177366702938	90.767067750295
500	50000	919	1000	0	1.0	0	919	0.8500000000000126	0.7301414581066377	91.04803683757783
