InstanceID	Endpoint Predictions	Best Endpoint Predictions	True Endpoint
0	261.21654848802297	269.509255748349	258.6549061302872
1	-268.6253300225107	-275.5654032451047	-286.7062191819183
2	-301.1856388204701	-309.078103827754	-317.0305897329954
3	190.1828793456313	196.32678757805039	207.8591990294366
4	-360.66211054513315	-370.2377178962707	-389.072207937623
5	-444.2496533556687	-456.2335586367558	-435.3792098959742
6	-438.29811515184014	-450.0548282761214	-432.77356842571453
7	103.44733630173536	107.0888993837911	116.55744341347291
8	-369.2306019005815	-379.01938250064103	-387.40171555600097
9	6.957622236571882	162.42489366947876	-9.644583445032335
10	283.7612965773483	292.57555735422113	260.13185273942304
11	462.2701904683973	476.2013939101275	488.6765909667491
12	193.38159268546525	199.61667454537218	214.43532718560138
13	38.300888192763125	40.088129766916474	25.42682518893973
14	-230.15407428271115	-236.0144803583731	-257.2044734565999
15	-162.69367520188894	-166.58708031830332	-193.90059765811404
16	437.14555591836705	450.3408138901344	428.6352357547526
17	-267.37072483034365	-274.2671453094704	-273.54918900049273
18	-278.15177560027576	-285.34615414882325	-311.18877088786
19	-35.21875206096635	-35.51797160812868	-53.596835192086104
20	-87.68095564740497	-89.46132292151235	-76.94956476243303
21	-420.34124777377684	-431.6068503756938	-448.8253106466979
22	393.664934908899	405.64115577186715	372.54058453086526
23	211.22978832603124	217.9923332257382	235.40145243736134
24	-341.5098738755825	-350.531592401568	-370.26669359680545
25	451.4090882737965	465.05066270443365	470.30691607546004
26	337.6624614337637	347.7773745251446	341.4553322673869
27	411.60998236744337	424.08527957234884	446.4850734876722
28	323.3836102701678	333.3716552846121	315.3597318332209
29	-103.98355274944646	-106.1799366153352	-75.76712111838603
30	-368.8578212242026	-378.6313988123589	-369.95345984745376
31	138.26471881956675	143.46832710905326	170.36825507972193
32	150.0397721527691	155.0485342942487	154.4381341605198
33	-367.3199073568252	-377.0368463591926	-365.8586950219855
34	-468.8747655101574	-481.50375992261286	-492.3601595925286
35	-237.01306051982604	-243.04300335034114	-232.7857203250869
36	-424.11738556096725	-435.53110493419587	-432.1133384186891
37	311.6735448713443	321.29560136188763	288.5891073043699
38	85.16996396161724	88.2731862167121	105.4362754783804
39	424.63445122493744	437.49382604462016	419.6839716782652
40	-188.82774048945595	-193.48128109826564	-200.7076281693347
41	-97.00533574827035	-99.02940156710679	-77.72542816581678
42	-139.51162898239932	-142.77059419646068	-172.2469342810199
43	467.1107800361802	481.1594063409324	470.3711288489821
44	377.01372696128726	388.49920908728046	381.82768676759696
45	-79.3483070004	-80.87921925025046	-67.14364130435673
46	432.0027175872113	445.0665527160567	461.2706730614438
47	-247.18997845653226	-253.493554291775	-265.59216132737964
48	357.02099704584015	367.9497497796962	378.4331507892732
49	-122.15768730778689	-124.86119728600747	-120.67440772245685
50	-449.82187239484324	-461.9239016793169	-493.59732076157024
51	-43.21252910254835	-45.37182672271529	-25.298053426192105
52	-202.66710535127098	-207.71831878383182	-195.0885621481032
53	-300.8578898656169	-308.73853809067884	-301.65649616982364
54	-194.2369811326486	-199.02483204649164	-207.51833495491763
55	-248.56915555235798	-254.92612918042693	-235.54546120133548
56	433.02197378951024	446.1152833630869	449.43584986572347
57	178.48385947513506	184.310235717091	188.7216299265295
58	-429.0603311333427	-440.5434500563513	-436.45577956911194
59	158.31796378473078	163.54735309343056	157.33309470488786
60	-397.941934882008	-408.5333317635805	-394.30869890939715
61	-458.746276201833	-471.07075226684026	-444.1838500281122
62	263.3018973220238	271.55687938329595	282.7070001227323
63	-393.9114979484758	-404.4632726864738	-371.4417765728616
64	229.48351246353053	236.70822165091909	223.99993056847902
65	-308.9796884006957	-317.05765191862497	-291.4532452018364
66	-258.8466395304806	-264.9446498388522	-280.0138888690149
67	186.32470933977154	192.34434606891364	185.4915182074551
68	377.22384642870543	388.7164783773524	385.2029965108358
69	343.248306307102	353.7672335937165	324.35863902075687
70	451.5355162960026	465.1831640837996	447.0312178559419
71	-422.4110880633002	-433.7614106663867	-449.5288815377578
72	-187.11594948593765	-191.7138489032649	-200.4862951319798
73	-458.36542469071895	-470.6744707236306	-503.3588852855327
74	-184.19387801453257	-188.68450980431749	-206.2732340591789
75	163.11304573753665	168.4813850271424	193.40702513424858
76	420.7298456602496	433.4932329281271	426.6817231526878
77	-14.14064016134445	-14.03261834126314	1.5716138540342115
78	321.8118474500967	331.56120265037856	301.6950703048495
79	22.52196747992148	23.75470028519285	37.8168620479865
80	-189.34105891427907	-194.01093369327378	-198.76535601555597
81	437.18656201820187	450.3838666406144	446.8305750848944
82	-143.21709357042246	-146.5631105224962	-171.26236468617665
83	179.45020269663917	185.30158533196052	188.8288620088697
84	-233.78971149513492	-239.7262762334594	-225.14948756333555
85	-412.20969591964695	-423.2973919809481	-402.15393216939276
86	431.2253884494332	444.2639740999439	466.00750249182045
87	256.1015200451417	264.13664599286335	272.04732914329674
88	484.4008371285937	498.9762578903518	478.4363073950696
89	-398.5427770088169	-409.15524754265533	-383.5700057896212
90	-293.03891040380273	-300.6860018787224	-306.9981413279695
91	-431.2547175743335	-442.8267231268028	-457.30106249173565
92	145.57359561937827	150.4556504674133	160.82598163241187
93	32.99822192625963	34.57847914919813	20.70786997118372
94	320.3497904132946	330.2063559479879	351.71578649817167
95	452.6607934126541	466.3378383596115	482.22655379149853
96	-79.94220183854331	-81.4890054998634	-109.15577986046651
97	96.86194196805506	100.30466531387842	120.0252027587534
98	-161.41855476377927	-165.28374501976572	-145.1993528945071
99	476.78167090535845	491.13485557181036	510.7204239769907
100	316.825896743002	326.5952264425736	314.50984764995013
101	-363.9132046879798	-373.61431758951454	-349.6519374400428
102	-76.21723365878702	-77.69004325650829	-77.06933094701269
103	238.12285901563612	245.66300503602818	236.82633667272853
104	55.094814888538934	57.43725511075912	54.88939938685976
105	120.02158884156782	124.16965257972505	114.9757364339455
106	214.44743358791806	221.3919602197934	212.3843753326632
107	-369.97473946228337	-379.7940204404857	-368.57795356860834
108	234.66574076945784	242.09694432159725	214.1188940227484
109	-397.385344087952	-407.9555828728236	-401.5238129779825
110	63.26946752485466	65.87543515622778	94.27392792816417
111	-378.1213165748328	-388.15276543949255	-399.8368882469043
112	-16.983345655176034	-16.53055594674106	8.223253926445455
113	-203.3544622221534	-208.42087252474298	-236.69581589562594
114	297.64162368561625	306.8795965326183	300.66652644994844
115	216.0910710947935	222.9401813740217	235.19236816925854
116	212.3924540157711	219.1939787467534	225.50124790697853
117	-229.94980099308236	-235.80617967685393	-248.21219919353967
118	-143.90721557173512	-147.2749790872983	-159.40518579591642
119	-199.79630945767101	-204.7862727297737	-189.18497039187395
120	-252.84032106408785	-259.321068628044	-235.65968745049508
121	-98.37872180812084	-100.4450490618118	-68.34150622102439
122	13.28365471712464	13.770986640967008	15.713192748868806
123	182.8677262741505	188.83574746782693	198.5274984102832
124	-157.52157574946	-161.27702881441394	-128.1732395384109
125	-339.24167143974546	-348.1809608125842	-357.626861195941
126	162.57009631076676	167.9211085245449	189.82495992618533
127	-409.02276409338043	-419.9327966503774	-395.23415691240734
128	-392.666221676848	-403.17476245499904	-411.995919600784
129	174.06049701342934	179.75699794784583	210.66637186546626
130	167.9109396380232	173.39214998387655	176.61128109724984
131	-478.10346131078444	-491.0175317743504	-463.49228381350997
132	10.433056660090243	10.510847193374246	-18.58668486832011
133	-408.54359713883974	-419.4442310968736	-418.1834198868618
134	-410.55605455672344	-421.46284277707616	-444.8112594291579
135	274.2483540435818	282.82494008054573	254.4099208723615
136	-326.7437252594714	-335.33151197755626	-329.7843561496227
137	318.4342393244888	328.25227809163454	342.0196967343677
138	-236.47201128557128	-242.48519341946397	-218.41712371193543
139	-120.4486651257586	-123.53947306286437	-151.81774167730347
140	19.662409429285827	20.649994112529455	7.199683066299073
141	-370.67280892369365	-380.51931281768697	-377.54486459875807
142	385.85357149176656	397.6047736894502	425.95157332993125
143	265.93885941400407	274.2661360735716	297.8504881678926
144	275.09430831356974	283.7204217625672	261.7978474949021
145	378.5904321258339	390.1275593900937	419.9570735265129
146	-1.9832383325336826	-340.0218325041128	-14.414717511065621
147	449.4709575507774	463.0460934505912	434.91725755786064
148	-391.83191210793507	-402.3073317480188	-402.99124406567637
149	221.1827085960027	228.21215390637934	236.27754473785578
150	432.4767472901744	445.5546618144035	447.7575708370258
151	431.64362243934534	444.69630847762653	474.190679234059
152	-334.23171599147423	-343.45185113007784	-319.8989362376712
153	180.83476283644535	186.72785686793594	187.45975387189043
154	-108.61777894895523	-110.99326658161425	-130.60936293963465
155	471.7364198800786	485.94042561272477	506.19951272049485
156	473.5649581055007	487.7872698329925	476.53198103619115
157	-1.0285737129452894	-0.5366537700585345	-12.560325884633363
158	-397.2469079914136	-407.81089979525814	-412.6382736996785
159	-81.54863076406222	-83.12988506067495	-87.59464350239975
160	-439.1478163965273	-450.9212263140411	-435.99424025955204
161	-282.18966318140616	-289.5169134140134	-280.5198253163524
162	114.34244628476333	118.31819491449201	117.68057767441066
163	30.12900720202729	32.03998079832698	52.6045329966103
164	484.49610199612306	499.07332091567696	486.5525808602514
165	-260.5793664742394	-267.3115525503442	-290.2955988293992
166	244.19198545240073	251.92206395510453	231.2584621198754
167	-262.4160363882166	-269.1879923592133	-258.59254796346914
168	194.3481598146822	200.6129551948084	182.53255886967725
169	-0.9168935945276341	1.0537661301227206	9.339455612555787
170	-382.81304700099594	-393.04201650484856	-420.94944839998857
171	-240.07754285533633	-246.21916455769664	-216.57988246200375
172	-338.8254218688923	-347.7478113330291	-379.9774339791517
173	155.22027217857018	160.33210990034394	183.25051690981462
174	132.419005694108	136.9041443108712	108.3837361053643
175	347.99991504655486	358.6621203654555	344.5061300251686
176	-403.9763749699064	-414.7883091853068	-395.80067840901455
177	203.5750460987603	210.11660782746975	216.11757294243245
178	124.90783603123704	129.15188340157798	159.26916373957988
179	207.86618494288535	214.53741357793464	245.83877837197653
180	174.69638208158028	180.41170121674907	212.8854690348112
181	-454.00277101247417	-466.2656797027815	-493.1311566296986
182	-358.8795116096669	-368.38836559145693	-378.64150027362484
183	57.12445276367368	59.53641998209977	44.18129601578968
184	133.73735704718865	138.2604862260518	122.1462333528588
185	176.34397217449506	182.10918674795656	168.31233195004125
186	405.844336354543	418.1440695467943	387.0277727184172
187	304.30137685626613	313.7308739178266	344.56223339410724
188	-472.22681364311234	-484.73571861566916	-453.4271045903351
189	0.6597140262022844	1.5594198687107828	-11.181041922790897
190	-34.21478458730637	-34.67380643589917	-25.369925805435578
191	-252.4419584378165	-258.91428320134315	-279.43575616039635
192	86.11226558219091	89.24642990155577	73.14046194601372
193	-183.40596077714974	-187.86387716005737	-176.49372501196171
194	-475.23515524233164	-488.10225874280326	-496.5105043501855
195	-478.52403699596005	-491.44436637565116	-515.4619365375257
196	408.127727830408	420.5051415597302	414.6756080326131
197	424.3001322178552	437.1510780535877	461.98977730810583
198	178.86362514276982	184.69970202051144	154.74829799440283
199	-452.5789332580549	-464.7862196704785	-438.693808692007
200	0.7135050506284666	-1069.741691215524	-8.757106112794332
201	167.17275627327754	172.6481249902403	184.13005049747593
202	27.78728032103913	29.228219298261948	12.139210048521893
203	192.39747756343627	198.6006274315661	217.74919571056108
204	-187.47333991384832	-192.08342475968215	-212.43747534366412
205	-307.2530187987903	-315.2629811699541	-333.8601810520136
206	57.65213060456471	60.08578501338835	60.379937372163475
207	252.6482385034353	260.5757395951078	248.94387355894918
208	-363.1541036657231	-372.8244836112219	-397.2862343203574
209	227.0263661706977	234.22682910074752	227.16214641794494
210	-246.7879912535532	-253.07790555148088	-280.27547296501336
211	383.56239937649775	395.323387603673	428.0229594896171
212	397.67010252230966	409.8423797788268	403.21687766714035
213	466.40441300396674	480.43347540564326	467.02757730583284
214	99.42478591552127	102.9458288012792	90.56131703446925
215	426.699159163115	439.62483966907814	428.39283976628974
216	392.479930784161	404.4300914807017	397.8945684260989
217	-375.136854626736	-385.1121637375595	-357.06705208902554
218	334.9527685198668	345.2584110288982	317.75784899274475
219	130.21762099667336	134.63734759862143	153.796603872419
220	-25.584102042762282	-25.59514293369617	-1.2059417361573423
221	-11.229695144307982	-10.803447391784722	-31.81140758700378
222	-93.27232906164936	-95.17038143336507	-127.58247983776394
223	-143.72495527307154	-147.08719148415943	-121.12880493298357
224	371.6246655445192	382.962059641439	414.74797726538185
225	-235.92991341874006	-241.92669379839498	-245.59906750177956
226	-231.27823748870617	-237.16362656968246	-227.61306039446728
227	-194.15725196355925	-198.94341028288008	-206.89477260098028
228	312.8489300434447	322.4984550641604	349.38395819633297
229	453.8933831585307	467.598559058273	487.1269046173388
230	107.551754129391	111.24663128274247	108.24973793938724
231	197.50742781941221	203.85620054137885	201.87635441905377
232	-412.53910731921735	-423.62819171673493	-400.222335969648
233	-231.22539622737753	-237.10753499328152	-232.32325249636077
234	144.49060685338037	149.33815146610837	141.61905520417608
235	360.997456859517	372.0524514396507	348.03511183930567
236	-443.58896969500194	-455.55724035721084	-430.504880633032
237	297.9632145865079	307.2115625541413	325.3544402011666
238	74.6432382507665	77.31211788218435	48.84189441384561
239	-130.26935095618074	-133.24671963735724	-133.20344845439325
240	-230.03904328915118	-235.897130333683	-243.16766640209585
241	287.24535300189007	296.1701714764841	319.7087624916519
242	158.6612298408142	163.90148701378394	161.22088269237028
243	-467.31571556623123	-479.918133466984	-491.0363883590499
244	122.16130936982012	126.3946052554967	97.26012864813642
245	97.97439343799309	101.45457292766287	73.98328081823627
246	308.6048895122748	318.1297689030913	332.3949172779361
247	-416.4518616364287	-427.611885267453	-413.5423518821012
248	268.3215967267638	276.72403942642825	296.0861913282364
249	-38.60155172176227	-38.99898324289549	-59.14311059415151
250	-148.87106783320533	-152.40575391996674	-135.19097601139973
251	332.4222857519098	342.6492799567104	316.33009063847203
252	-163.07773967109702	-166.9797437507611	-151.08271731460925
253	-4.829892625610217	-4.05929429216844	-34.081064069729194
254	-342.17860056942834	-351.2221445510235	-325.0741258137917
255	-126.66217420929772	-129.5336506283823	-101.96261377297847
256	-348.42325516029706	-357.59808053625306	-367.43545212268634
257	88.78815448197093	92.0072458182271	99.6613799650324
258	267.00946559102135	275.37256264866545	268.39014681070165
259	53.28067917356439	55.56086468387992	67.25775688103904
260	-321.5417173854874	-330.01941265927934	-333.53827985460623
261	-169.32793807425932	-173.44500990583015	-143.134411263338
262	127.53485526033036	131.87580808588817	145.23915501334355
263	-81.20230963629594	-82.7737303093692	-77.10286083509915
264	173.88924526283046	179.58068930933607	188.5413463816483
265	269.8829249753879	278.3286163650126	279.1617237486579
266	416.8177520678772	429.4512111132481	440.0599982793016
267	329.72295166562486	339.88370158234267	365.2031429316336
268	-45.708551378974164	-46.31563021268436	-72.02023680395276
269	334.39977830509974	344.68564475715175	339.8754712689879
270	457.88164898997064	471.710873509289	458.41536311739776
271	-217.97424962528092	-223.45624961326806	-191.1995812414201
272	482.2639610298105	496.79112932926216	527.7845740664625
273	121.73002069156325	125.9420496490933	114.76277896685342
274	179.9294982312869	185.79432651274385	166.1284327803189
275	303.23956394022895	312.63299048569564	345.529911497157
276	-295.4207363140972	-303.11504884749905	-311.8405220855613
277	-344.4508320722915	-353.55054959636294	-376.7503117178192
278	173.07944323638694	178.74768672061114	187.15234967611946
279	402.16055245471614	414.37138755476764	412.32023397282063
280	-287.48937754631004	-294.9222674771626	-315.81084035134995
281	111.26767049391783	115.15763575852246	92.207203340699
282	-28.73762831609685	-28.88183031792117	-16.863958228575378
283	-280.6724669955742	-287.951899174301	-260.50853798957553
284	314.1192739810373	323.8003277081319	354.0671425124946
285	342.41673267760945	352.9169930874064	326.0457628499458
286	-458.8234100682868	-471.15071201205694	-443.9971392938386
287	477.3199186908719	491.68261993240844	485.0244177533637
288	-93.24387314758803	-95.14091539428293	-79.32303961026827
289	20.483252754227586	21.06194094192292	16.738606922748883
290	-439.8395995646394	-451.62419119273375	-472.8178796531648
291	324.8214113310285	334.82999833830377	364.2553907413845
292	-291.14680898412286	-298.75345107927785	-265.92397419073484
293	-313.9793953892819	-322.20745655131924	-329.39840393063486
294	-87.85100837127281	-89.63704030710126	-76.79650490412378
295	444.1047414604407	457.29733520943535	435.20611417019416
296	366.96048195712655	378.2299992534817	347.11194741994143
297	213.3011804542302	220.13809913163922	216.26964911911642
298	-289.86187301723817	-296.40109415261696	-295.27140587203513
299	-281.4376548980274	-288.74405511295356	-260.37612874873156
300	161.55256051312472	166.87116255578883	177.63948013675767
301	-264.68658383814727	-271.5018748712201	-245.98723401546042
302	-442.1331342558298	-454.1167481113085	-428.8337754961227
303	-67.67775924340498	-68.86384260483872	-83.68803026300102
304	335.5800721540313	345.9125888178398	331.7734000557383
305	311.8849556786207	321.5123854017278	338.81948582255217
306	301.40195490282315	310.7443567584406	308.9160902306747
307	-294.95683776342076	-302.6401132545175	-309.80320197183283
308	468.1966198705513	482.2825710972218	456.76134591635963
309	239.98501238185713	247.5719824319547	279.54519637438955
310	-179.95475012843076	-184.38282588659058	-182.40549593225867
311	477.52239063564963	491.8916943428437	470.8357862970091
312	55.20796565943092	57.55464921947304	46.29958892310403
313	-423.3013903077374	-434.6870214949138	-455.8591775440199
314	284.07897239074805	292.9031896978217	292.2373374365543
315	-441.9894856306783	-453.9899354551332	-424.5828399166029
316	470.70243914759294	484.87533469645575	510.32599142868077
317	-326.1866624001695	-334.7587597248357	-364.350877824376
318	67.45860023574757	70.97426559634712	93.97744750309417
319	111.73851822081014	115.64029780490186	103.96641161486284
320	242.16249735975887	249.81101985981786	241.5402147428715
321	-450.1428497552851	-462.255191346168	-473.5144775893356
322	-112.75955516245664	-115.23428201840879	-117.38676713958215
323	448.69573789757067	462.2455358245635	467.907835985037
324	-422.8507484426441	-434.2192285484191	-409.09046086960717
325	153.06729211607765	158.21072072712857	138.0415135631323
326	153.46721931310628	158.93533364472157	172.9863738069063
327	83.48239360901782	86.529216871032	84.71409623113422
328	198.46077494965712	204.818630937262	217.35309137925435
329	186.67741185365676	192.71142831725737	175.63118643508014
330	-4.5716373082039645	-3.8727461744776748	22.883395381609564
331	109.710933630171	111.92012373441605	123.71036953535511
332	176.55329578372613	182.32497826274385	178.1770201260558
333	-230.01829482231568	-235.87597161378767	-224.36512699303518
334	307.1698304296237	316.5322800762053	299.643592648305
335	415.46164009523693	428.06849126207123	409.72477789831976
336	88.46520214270798	91.67306461495866	111.73394552104044
337	-144.11833882586842	-147.49247190275912	-145.50638211256035
338	419.36653605808425	432.0839372243236	417.3944549321691
339	78.37793615540434	81.306506133255	48.145191851917446
340	-107.98937592924575	-110.35093466392368	-96.400470297604
341	-260.7040020420185	-267.4386629313744	-295.34667335447114
342	-54.92240099431618	-55.743922637112625	-46.00200979442864
343	328.0924993636318	338.2013759975796	334.1580478654477
344	-359.10250857799247	-368.6187174966479	-346.7281525617718
345	11.723815971535945	11.461833806367881	9.759255856215825
346	-336.1985617208045	-345.0206294621234	-338.2383017252082
347	389.2614363962595	401.12037008921004	426.17072225081847
348	-139.4711564184192	-142.7291672485837	-149.90097921917192
349	-365.810018714991	-375.39337537391395	-375.37909112833455
350	-457.6796604651441	-469.93794373550685	-457.1870660054742
351	-52.91806165166988	-53.674488417177905	-34.94260273507365
352	-315.5232469910941	-323.78082267373776	-316.51946295602204
353	-89.72979326287702	-91.62552674379064	-101.30924072253882
354	241.86082487615943	249.4995999126138	271.0441107690455
355	460.3792564068219	474.21506038631946	444.3675089009049
356	172.5900067839491	178.24522589534115	175.20285956479347
357	469.45663939316523	483.58964957901503	473.4097548317004
358	-261.08679723487694	-267.8296771312498	-287.45303748937744
359	-183.67622519061248	-188.146826706079	-214.47762256961818
360	-241.49845991385374	-249.29705822073086	-232.71973818498606
361	-430.8138362697281	-442.36750472100715	-454.7191768976259
362	-193.24207044176117	-198.0082524560119	-213.74737123688425
363	-285.05591742288107	-292.4429121755103	-314.6464468516018
364	227.59399074386118	234.808935583805	254.2848127440604
365	304.3253299286245	313.755721376522	346.46216813183776
366	-444.5427942501572	-456.53100686466706	-475.1594929535737
367	-454.5890636164258	-466.874082195806	-468.6151063670326
368	373.6179687529145	385.00569585937507	403.39431585135674
369	-434.2975833209998	-445.97704900871975	-450.3837902391991
370	-405.346203632286	-416.1884951144019	-420.7759402845871
371	-115.1154150606025	-117.65966502029079	-91.58037132145812
372	126.73939942834313	131.05365308700038	132.3539950641666
373	-101.06066185565581	-103.19523201425973	-114.70410591731131
374	-215.41344861063178	-220.8001737820018	-187.95377381227172
375	-63.30287983365635	-64.34734132234864	-76.37813932400131
376	56.34990695096131	58.73678142691179	64.40346397349475
377	-479.5157848508317	-492.4634105399494	-514.3245608274062
378	-409.29966818586524	-420.21471980477577	-392.351083499819
379	-248.90113170613157	-255.2694492604921	-282.52624854013874
380	-253.1078630933703	-259.59409677180986	-283.2545294376298
381	-423.6255436286957	-435.02259341133424	-465.78587111528816
382	-298.8335893645973	-306.6317495277921	-291.12879542531715
383	-71.39421168740286	-72.6800672533781	-68.54092132292584
384	-394.7031537513201	-405.2919491791622	-389.19930134461913
385	286.6605398884912	295.56789917753116	286.1362187283062
386	290.2257090167595	299.2071260933771	317.4859964399682
387	-120.51972800321488	-123.42597189023083	-111.33658808791174
388	-169.4385974075717	-173.55810050125788	-185.00719365746232
389	147.50138378171394	152.43848909257105	170.03412380574346
390	-6.110996683384023	-371.14463844708075	-1.4156365311182473
391	-349.7810535397	-359.4164416950595	-368.92317548440934
392	-142.1850611931195	-145.50342492052064	-142.1473458376389
393	170.95595962295639	176.57990727227576	172.38274150146265
394	-254.14995696046887	-260.65727606901646	-242.10339898740918
395	141.2353987970255	145.99555185548812	154.20139391758363
396	307.43611258267424	316.87626903490195	285.1811751707853
397	375.6727410293643	387.1121521855148	364.4140666053767
398	-17.441432360839666	-907.1945487807952	16.97556567820549
399	475.40558217702386	489.7679386019083	491.57377371633754
400	-154.04975208149637	-157.68227875636958	-181.27383143763504
401	-77.463535696191	-78.94964363299023	-78.64366921509486
402	-98.6242701199297	-100.69781663699787	-106.69563136990122
403	-61.98921365536839	-62.98661219940454	-86.51244527469572
404	-360.32464060340595	-369.8861955101921	-386.41620601805914
405	385.7306701619664	397.47914647328554	371.11317158702235
406	-173.02500300976234	-177.22400997692083	-153.12107346672465
407	-246.14572926294042	-252.41130591030503	-278.0633030251216
408	-455.7831936273709	-469.1939052155204	-492.5855697018538
409	204.08296702241756	210.63910060788794	241.2230096708831
410	445.9766726603056	459.45502173669064	457.4858012425596
411	102.87540338893545	106.50149164837941	85.04926068797378
412	-85.95751843162472	-87.67703632609665	-77.55052309372009
413	145.84039189142658	150.72858408098585	153.17278215751872
414	440.095064252793	453.3924210067479	486.10253346716
415	-135.31255531092063	-138.382890265636	-147.38267090525028
416	-183.6905072646436	-188.16172069376637	-196.60514232781046
417	-93.26539629099555	-95.16320252715781	-71.54488687410111
418	237.82083573877733	245.34976577573576	241.67859821677433
419	67.3429457466125	70.61843253726218	41.875497619252585
420	-318.50423347142595	-326.8097823390018	-345.9774923652248
421	-130.54159909534292	-133.52540898453498	-135.50742346925048
422	423.5958770114447	436.4310427941968	405.55483010824145
423	292.70404802121027	301.8198849527051	306.8207947179483
424	-409.46365981540754	-21160.595032108264	-2.2079516471375857
425	159.08260562221022	164.3354066798273	195.96428508489504
426	-468.15163418324596	-480.7655920696067	-451.83631363220115
427	-7.302653024395201	-6.5717150260906525	-38.21707401144059
428	205.9048281076139	212.5159324658009	194.21585135251718
429	-207.73918783253646	-212.94046792414744	-222.04451722963913
430	304.7230442793409	314.1690914419014	310.2396368734617
431	-339.4011815955016	-348.34686771257867	-342.60885763580035
432	-20.353665521759417	-20.197576044318815	-52.68212704989187
433	-149.77142418834873	-153.3387650118722	-158.31768842371173
434	235.6388601226715	243.1019350887717	262.0131813637196
435	119.8499456513287	123.9900143846347	156.03107058913935
436	-46.68604994678649	-47.3561290141197	-63.88612242877409
437	240.0069154883172	247.5964665374788	240.9254451485364
438	-325.3588039603426	-333.9113417220796	-342.1115005059853
439	-124.01157772531165	-126.78957930912884	-105.44569793969846
440	-76.76870020076524	-78.24328449009674	-64.62496347897883
441	-227.23182398844585	-232.90727339994004	-215.87166635936867
442	-390.8647364806158	-401.2990072316569	-404.6274052525799
443	-200.6372855561698	-205.64628004420587	-174.18692589291982
444	479.03845792587447	493.4515097103528	461.8851089703571
445	112.42606311890826	116.34658859874253	92.6802459562123
446	305.73372090544433	315.2416175668433	283.490577853597
447	-263.8250488312176	-270.6235675687262	-264.06874115896574
448	-57.25152162357218	-58.159476522887815	-67.29556511836306
449	354.3031001538792	365.1654105881617	346.2828154066257
450	487.11615117457393	501.7629418462775	498.1615297449398
451	-153.3225293591684	-156.92851556370798	-149.21317559072705
452	97.82284673981384	101.29822995870347	88.42151409670973
453	24.326645083160347	25.633017788259842	12.47378288875523
454	-239.24473641272576	-245.35544983240692	-260.0697385443592
455	-82.05098158245319	-83.64701049488892	-59.45885808099159
456	266.36431638658314	274.7049967687596	245.64810503701742
457	-284.11759135218995	-291.48590446430273	-310.05748256874926
458	345.0911254225622	355.6573507142378	357.71763271709153
459	-392.72703693321387	-403.2378114005015	-416.8284455532925
460	-394.25352452355236	-404.81876688931044	-407.9922224387313
461	-296.6303536242101	-304.3592477023389	-274.86361666198263
462	92.03112523939076	95.39918005840946	69.96592021113574
463	-36.3974198335182	-36.74364814511154	-29.640448699761333
464	234.21755719724908	241.63758037834006	271.45470038213864
465	200.72430734249136	207.22510700763036	223.51199112645418
466	-250.02501454749734	-256.4300921820356	-281.7037733396421
467	-409.4057593704433	-420.32254214167926	-444.3747840812663
468	-61.21894376358331	-62.18335377022308	-72.58258855314075
469	100.45012676211262	104.00082167035747	118.56289957993582
470	-160.35240072867302	-164.19254818808872	-131.85522096503615
471	-143.53540982109558	-146.8919053137741	-143.63282781151747
472	-79.05656844827075	-80.58036798783081	-100.38182582922232
473	-43.590065553489126	-44.09359076315028	-34.31538213110303
474	250.47736203113664	258.34923254809206	288.4793299180014
475	267.7949374864888	276.1808836765661	269.00427610970587
476	263.08897576968195	271.34019759000876	298.9045519766928
477	401.8295453074966	414.0306713737438	414.749601258522
478	109.81285859508975	113.67642079539506	86.94524458386383
479	241.4051505883324	249.029821931489	241.45518560002603
480	378.05135957007445	389.5713168149018	400.73816357967206
481	458.08892441615683	471.92859660912575	452.55640626869126
482	417.4907014081777	430.14403016864304	435.0322207367387
483	56.69020511436764	59.088047329571104	57.83158618350943
484	64.62588443455137	67.34612711765799	42.99463007688341
485	150.4823483804359	155.5058504734569	185.3962938596997
486	16.457223459628565	17.09879911698799	-4.6575130470965185
487	-108.70717520800434	-111.0847578731758	-112.107932654061
488	-126.67396150264504	-129.54580677141587	-114.28387177162301
489	-467.154708234218	-479.754623345469	-488.2866992420395
490	358.93927018123117	369.93187634046603	351.33463690678735
491	-265.4785842476878	-272.315496086446	-253.57029272616091
492	156.08592974199146	161.2403209230692	187.6053545170514
493	117.59440572874473	121.66602051645665	150.83883016596621
494	-441.0984681223598	-453.60957174100105	-461.84461672168504
495	-174.5788629408622	-178.8231416411729	-211.49188605824017
496	-244.3241000332345	-250.51711909211215	-254.15068746174296
497	-227.262015959447	-232.9373879370551	-263.83344957223625
498	-181.41566124089297	-185.94916404080809	-166.3426064338197
499	135.9671156021748	140.54965443317286	144.3267405043195
