Epoch	Explore_Iteration	MacroPopSize	MicroPopSize	RMSE	Accuracy_Estimate	RuleCount	TreeCount	AveGenerality	ExpRules	Time(min)
1	100	1000	1000	47897.43983058652	2.0877506731679177e-05	0	1000	0.8701999999999996	0.0	1.3101680994033813
2	200	1000	1000	14904.051024554361	6.709135033168385e-05	0	1000	0.8704499999999993	0.0	2.583208080132802
3	300	1000	1000	929.3604171315395	0.0010748522632585459	0	1000	0.8714999999999994	0.0	3.8598711331685385
4	400	998	1000	791.7756972132347	0.0012613908366707004	0	998	0.8714999999999996	0.0	5.118807264169058
5	500	998	1000	511.37657908514615	0.0019516895205973516	0	998	0.8716499999999995	0.0	6.330473983287812
6	600	998	1000	325.568537127804	0.0030621443473859383	0	998	0.8717999999999997	0.0	7.5416095495224
7	700	998	1000	333.83145808175675	0.002986577204331342	0	998	0.8719999999999997	0.0	8.706253719329833
8	800	997	1000	293.0999087971409	0.0034002050666726404	0	997	0.8718999999999995	0.0	9.86548353433609
9	900	997	1000	286.1140487082394	0.0034829365003179753	0	997	0.8723499999999995	0.0	10.976133263111114
10	1000	997	1000	299.57833616586277	0.0033269197399781597	0	997	0.8727499999999995	0.0	12.099573616186778
11	1100	997	1000	280.61206014404655	0.003550984284865119	0	997	0.8728999999999995	0.9368104312938816	12.24551968574524
12	1200	996	1000	295.67666880135863	0.0033706728744131715	0	996	0.8732999999999995	0.9367469879518072	12.382482981681823
13	1300	993	1000	280.7911932361056	0.0035487269439330054	0	993	0.8736499999999993	0.9395770392749244	12.51853878100713
14	1400	991	1000	280.0560229322932	0.003558009501333125	0	991	0.8737999999999992	0.9394550958627649	12.650326279799144
15	1500	989	1000	269.89230318051654	0.003691503923364048	0	989	0.8743499999999992	0.9433771486349848	12.77566016515096
16	1600	987	1000	290.5384694912838	0.0034300790621043485	0	987	0.8748499999999994	0.9432624113475178	12.897460234165191
17	1700	986	1000	265.56872538582724	0.0037513778053018644	0	986	0.8755499999999994	0.9432048681541582	13.025647548834483
18	1800	986	1000	271.8704707106666	0.0036647424596571035	0	986	0.8756499999999994	0.949290060851927	13.144818317890167
19	1900	986	1000	263.96897737422086	0.0037740267178058375	0	986	0.8760499999999994	0.949290060851927	13.262375668684642
20	2000	986	1000	274.71141143612425	0.0036269808158871804	0	986	0.8763499999999993	0.9553752535496958	13.37547359863917
21	2100	985	1000	268.1549877093285	0.003715331484326573	0	985	0.8768999999999995	0.9522842639593908	13.48998871644338
22	2200	983	1000	281.98054148133673	0.003533811882489286	0	983	0.8776499999999995	0.9552390640895219	13.60041103363037
23	2300	983	1000	267.4951719346688	0.003724461757708342	0	983	0.8779999999999994	0.953204476093591	13.712850832939148
24	2400	982	1000	263.8954725421737	0.0037750739580526094	0	982	0.8780999999999993	0.9511201629327902	13.822668731212616
25	2500	981	1000	248.25984610639856	0.00401187762738625	0	981	0.8786499999999993	0.9520897043832823	13.93284346262614
26	2600	978	1000	276.3032767470595	0.003606160055988606	0	978	0.8792999999999991	0.9539877300613497	14.045981832345326
27	2700	978	1000	253.18224297737896	0.003934185127514967	0	978	0.8797999999999991	0.9560327198364008	14.14983038107554
28	2800	978	1000	257.8402169402773	0.003863387273511411	0	978	0.8802499999999991	0.9488752556237219	14.262181762854258
29	2900	976	1000	246.3073305750888	0.004043551793125577	0	976	0.8812499999999993	0.9477459016393442	14.379642232259114
30	3000	976	1000	260.8753091598876	0.003818611243679531	0	976	0.8813499999999992	0.9477459016393442	14.490363999207814
31	3100	974	1000	250.14392732947763	0.003981780529728248	0	974	0.8813999999999993	0.9527720739219713	14.600314966837566
32	3200	972	1000	264.9749059758581	0.0037597531854782103	0	972	0.8816499999999993	0.9516460905349794	14.711776300271351
33	3300	970	1000	252.62769328050916	0.003942787110767167	0	970	0.8816999999999992	0.9463917525773196	14.82356051603953
34	3400	970	1000	246.92312884350045	0.004033508308259703	0	970	0.8819999999999992	0.9484536082474226	14.937722333272298
35	3500	969	1000	231.77764800774537	0.0042959451156870795	0	969	0.882049999999999	0.9473684210526315	15.048812985420227
36	3600	969	1000	257.70274676152917	0.0038654402108911304	0	969	0.881999999999999	0.9494324045407637	15.160985084374746
37	3700	968	1000	235.38632758435003	0.004230363110333311	0	968	0.8824499999999988	0.9462809917355371	15.27525199651718
38	3800	966	1000	241.61538653840634	0.004121750125858974	0	966	0.8827499999999987	0.94824016563147	15.392240448792775
39	3900	965	1000	233.1962000036777	0.004269924106301881	0	965	0.8832999999999988	0.9492227979274611	15.51029691696167
40	4000	963	1000	242.29000310229063	0.004110320963658966	0	963	0.8834999999999985	0.9460020768431984	15.6253347158432
41	4100	963	1000	230.9764660672038	0.004310782110588317	0	963	0.8838999999999984	0.9439252336448598	15.73832939863205
42	4200	964	1000	244.33905743238418	0.004075991855783507	0	964	0.8844999999999983	0.9387966804979253	15.859948515892029
43	4300	961	1000	235.5618466458725	0.0042272243566688775	0	961	0.8850999999999981	0.9406867845993756	15.982084266344707
44	4400	960	1000	229.00478400621267	0.004347735653937481	0	960	0.8856999999999982	0.9333333333333333	16.109010883172353
45	4500	960	1000	214.77807273660275	0.0046343911933103875	0	960	0.885749999999998	0.934375	16.22847656408946
46	4600	961	1000	235.93049222837854	0.004220647121418609	0	961	0.886049999999998	0.9281997918834547	16.359555248419444
47	4700	960	1000	216.68326347073744	0.004593830430764501	0	960	0.8863499999999979	0.9291666666666667	16.48717091480891
48	4800	960	1000	221.48177394339638	0.004494750209311164	0	960	0.8869999999999979	0.925	16.617634546756744
49	4900	961	1000	215.0179987707734	0.004629243885650222	0	961	0.8869999999999978	0.9292403746097815	16.748136798540752
50	5000	961	1000	224.62387518175518	0.0044321550598066485	0	961	0.8871499999999977	0.9302809573361083	16.8734068830808
51	5100	961	1000	212.6766678056095	0.004679968151271159	0	961	0.8870499999999976	0.9302809573361083	16.999277114868164
52	5200	961	1000	228.148913411718	0.004363974435275951	0	961	0.8871499999999976	0.9365244536940687	17.1253600358963
53	5300	961	1000	219.40500098760864	0.004537102132524755	0	961	0.8872999999999975	0.9375650364203955	17.250607299804688
54	5400	962	1000	214.1822843110132	0.004647222717250516	0	962	0.8870999999999973	0.9386694386694386	17.375088500976563
55	5500	961	1000	200.42421517655333	0.004964646376422394	0	961	0.8872999999999971	0.9354838709677419	17.50031076669693
56	5600	962	1000	220.52014178982995	0.004514262188170513	0	962	0.8874499999999971	0.9417879417879418	17.621241450309753
57	5700	960	1000	202.48319419705282	0.0049144107647121045	0	960	0.8876499999999969	0.9375	17.748981316884358
58	5800	960	1000	208.32035767570565	0.00477736619172643	0	960	0.8877499999999969	0.940625	17.87572853167852
59	5900	960	1000	202.55545369488	0.0049126662137923	0	960	0.888099999999997	0.9385416666666667	17.99883310000102
60	6000	960	1000	210.32842060405295	0.004731971199811359	0	960	0.8882999999999966	0.9322916666666666	18.1341570019722
61	6100	961	1000	198.9382799474216	0.005001543477632063	0	961	0.8882999999999965	0.9302809573361083	18.26604636510213
62	6200	962	1000	212.08758049904245	0.004692906070161577	0	962	0.8884499999999966	0.9251559251559252	18.39752660195033
63	6300	960	1000	203.34013761118652	0.004893801147882047	0	960	0.8887499999999966	0.921875	18.537531646092734
64	6400	960	1000	198.316055898447	0.005017157275626141	0	960	0.8889999999999965	0.9197916666666667	18.68096168041229
65	6500	960	1000	185.72862578269456	0.005355365283755422	0	960	0.8891499999999962	0.9166666666666666	18.823820467789968
66	6600	964	1000	203.43161653120143	0.0048916112730898196	0	964	0.8892999999999959	0.9087136929460581	18.97522741953532
67	6700	964	1000	185.88520146794198	0.005350878465203349	0	964	0.8893499999999958	0.9149377593360996	19.12218624750773
68	6800	964	1000	191.42589985626952	0.005196805631398576	0	964	0.8898999999999958	0.9107883817427386	19.27856378555298
69	6900	963	1000	185.78586075508883	0.0053537242913219586	0	963	0.8898999999999958	0.9148494288681205	19.426856795946758
70	7000	964	1000	192.6969310717073	0.005162704408722905	0	964	0.8904999999999956	0.9149377593360996	19.5756644487381
71	7100	963	1000	181.84742981821907	0.005469040505486827	0	963	0.8908999999999956	0.9138110072689511	19.723793216546376
72	7200	963	1000	193.27841316468394	0.005147252253663047	0	963	0.8913499999999954	0.9138110072689511	19.87519185145696
73	7300	961	1000	184.85057164160114	0.005380666796809347	0	961	0.8914499999999954	0.9167533818938606	20.03007354736328
74	7400	961	1000	180.08948480353226	0.005522131785205092	0	961	0.8918999999999955	0.918834547346514	20.18218901952108
75	7500	961	1000	166.98274220332019	0.005952992473415135	0	961	0.8923499999999951	0.9094693028095734	20.337981963157652
76	7600	961	1000	180.1673567667003	0.005519758182969783	0	961	0.892249999999995	0.9125910509885536	20.496540864308674
77	7700	960	1000	165.41669608228082	0.00600901245813445	0	960	0.8927499999999949	0.9104166666666667	20.653227881590524
78	7800	960	1000	168.33207581947525	0.005905555667232823	0	960	0.892999999999995	0.90625	20.821931298573812
79	7900	961	1000	162.68246315624808	0.006109389978115246	0	961	0.8933999999999954	0.8959417273673257	20.98949429591497
80	8000	960	1000	166.8872934712338	0.005956376920039767	0	960	0.8937999999999954	0.896875	21.15357921520869
81	8100	960	1000	156.07575121534816	0.006366355037379494	0	960	0.8945999999999954	0.89375	21.319761617978415
82	8200	961	1000	164.01079247993405	0.006060209668537916	0	961	0.8950499999999952	0.8834547346514048	21.500424230098723
83	8300	957	1000	155.0537924033539	0.006408046767715131	0	957	0.8955999999999952	0.8861024033437827	21.679631265004478
84	8400	956	1000	150.53502713234172	0.0065991343316727635	0	956	0.895449999999995	0.8891213389121339	21.858686113357543
85	8500	956	1000	140.10933496945324	0.007086703372363535	0	956	0.8955999999999948	0.8964435146443515	22.026833415031433
86	8600	956	1000	151.46528850549592	0.006558869955268231	0	956	0.8958999999999947	0.895397489539749	22.197284563382468
87	8700	957	1000	138.01062991555105	0.007193694472196119	0	957	0.8964999999999946	0.8934169278996865	22.37202385266622
88	8800	955	1000	140.54438764060097	0.007064921588690086	0	955	0.8965999999999945	0.8994764397905759	22.546029615402222
89	8900	953	1000	135.83300922316795	0.007308178090047328	0	953	0.8970499999999946	0.9076600209863589	22.71403464873632
90	9000	952	1000	139.8219655371382	0.0071011649083698915	0	952	0.8977499999999947	0.9065126050420168	22.87882266441981
91	9100	951	1000	130.56716788211145	0.007600680444045381	0	951	0.8979499999999946	0.9032597266035752	23.051610481739043
92	9200	949	1000	137.0144441828671	0.00724561842726414	0	949	0.8980999999999947	0.9146469968387777	23.21977641582489
93	9300	949	1000	130.25181822142827	0.007618942072961998	0	949	0.8983499999999949	0.9104320337197049	23.384113216400145
94	9400	948	1000	125.67903420364702	0.007893966087493352	0	948	0.8990999999999949	0.8955696202531646	23.56834333340327
95	9500	947	1000	113.40469904679922	0.008740899703699519	0	947	0.8992999999999949	0.8901795142555439	23.746719868977866
96	9600	946	1000	120.68958135873686	0.008217630374222696	0	946	0.8995499999999947	0.8932346723044398	23.93769237995148
97	9700	946	1000	111.15650273723325	0.008916112535559868	0	946	0.8997499999999944	0.8932346723044398	24.113223866621652
98	9800	947	1000	112.31249583899212	0.008825152006367586	0	947	0.9002499999999943	0.8870116156282999	24.298657365640004
99	9900	950	1000	107.17099435134372	0.009244622423937048	0	950	0.9007499999999946	0.8778947368421053	24.4870888988177
100	10000	950	1000	109.42773482820728	0.009055696031035163	0	950	0.9010499999999949	0.8821052631578947	24.667161285877228
101	10100	950	1000	102.88951318753168	0.009625610606095469	0	950	0.9012499999999948	0.888421052631579	26.087583967049916
102	10200	950	1000	108.36887364117139	0.009143369285130452	0	950	0.9013499999999947	0.8905263157894737	26.270555078983307
103	10300	948	1000	102.49503355002847	0.009662299394459445	0	948	0.9017999999999947	0.890295358649789	26.462302366892498
104	10400	948	1000	99.36119279531643	0.009964010711186636	0	948	0.9023999999999947	0.8997890295358649	26.64722830057144
105	10500	947	1000	90.41915088986359	0.010938627084873509	0	947	0.9036999999999947	0.8975712777191129	26.833052146434785
106	10600	947	1000	94.05063132690351	0.010520708658533192	0	947	0.9036499999999946	0.8986272439281943	27.004175651073457
107	10700	946	1000	86.76599445837772	0.011393934589030852	0	946	0.9042499999999946	0.8942917547568711	27.194336080551146
108	10800	946	1000	85.48624397793077	0.011562532421400751	0	946	0.9043499999999947	0.8911205073995772	27.39743556578954
109	10900	946	1000	81.44448855138751	0.012129373564816304	0	946	0.9045999999999946	0.8985200845665962	27.58336723248164
110	11000	947	1000	84.05923373772163	0.011756513150394455	0	947	0.9050999999999951	0.8944033790918691	27.768150198459626
111	11100	947	1000	78.67674454012102	0.012550713583641116	0	947	0.9054999999999946	0.8922914466737064	27.958234135309855
112	11200	948	1000	80.12403217680728	0.012326803453513398	0	948	0.9056999999999947	0.8818565400843882	28.166243215401966
113	11300	946	1000	73.23325646859236	0.013471051218439998	0	946	0.9070499999999954	0.8668076109936576	28.388323402404787
114	11400	945	1000	68.81027177881569	0.014324539563008198	0	945	0.9072499999999953	0.8751322751322751	28.589218334356943
115	11500	945	1000	63.857770336431486	0.01541835303330319	0	945	0.9082499999999954	0.8772486772486773	28.79332136710485
116	11600	945	1000	63.81369919490218	0.015428836996217207	0	945	0.9083499999999955	0.8783068783068783	28.985522333780924
117	11700	945	1000	60.1109973055309	0.016363666837253436	0	945	0.9085999999999956	0.8825396825396825	29.18192313114802
118	11800	946	1000	59.667384999181955	0.01648332131034631	0	946	0.9093499999999954	0.8858350951374208	29.39717883268992
119	11900	946	1000	55.20084625160861	0.017793326376671373	0	946	0.9093499999999952	0.872093023255814	29.614445865154266
120	12000	946	1000	53.44470974027408	0.01836725743916081	0	946	0.9093499999999951	0.8784355179704016	29.8134202003479
121	12100	946	1000	48.70025541273548	0.02012062094440976	0	946	0.9100499999999956	0.8636363636363636	30.04486734867096
122	12200	944	1000	48.242114503133585	0.02030782004571237	0	944	0.9102499999999955	0.8697033898305084	30.26795969804128
123	12300	944	1000	43.82926603274511	0.022306856402011122	0	944	0.9105499999999955	0.8813559322033898	30.491160762310027
124	12400	945	1000	42.312922477385	0.023087797885772556	0	945	0.9113499999999959	0.8634920634920635	30.723477133115132
125	12500	942	1000	38.18769893731099	0.025518211763331942	0	942	0.9114999999999961	0.8630573248407644	30.996003663539888
126	12600	942	1000	34.6800878519682	0.02802683682139077	0	942	0.9115999999999964	0.861995753715499	31.2044952472051
127	12700	940	1000	32.23936660635358	0.030084809131376584	0	940	0.9125999999999964	0.8351063829787234	31.46094238360723
128	12800	940	1000	30.18769529783999	0.03206392747043602	0	940	0.9128499999999962	0.8393617021276596	31.70399474700292
129	12900	938	1000	27.478844118070064	0.035113784669564295	0	938	0.9129999999999959	0.8507462686567164	31.94631029764811
130	13000	940	1000	27.00869727053055	0.035703195701720605	0	940	0.9129499999999956	0.8404255319148937	32.18452034791311
131	13100	938	1000	26.460934071861143	0.03641536727713449	0	938	0.9132999999999957	0.8582089552238806	32.4175442814827
132	13200	939	1000	25.93182848505888	0.03713078748272794	0	939	0.9133999999999954	0.8594249201277955	32.6458775639534
133	13300	937	1000	24.51141113521938	0.039198145280935306	0	937	0.9134499999999954	0.8697972251867663	32.86308388312658
134	13400	937	1000	25.543474268474696	0.03767404334057677	0	937	0.9133999999999955	0.8697972251867663	33.10230656464895
135	13500	937	1000	23.384913429090453	0.04100896248444461	0	937	0.9134499999999957	0.871931696905016	33.331729249159494
136	13600	936	1000	19.73792510355526	0.0482208318819978	0	936	0.9136499999999956	0.8696581196581197	33.55536291599274
137	13700	936	1000	22.928751393190737	0.0417907304718191	0	936	0.9137999999999957	0.8942307692307693	33.76538951794306
138	13800	935	1000	22.16312610185104	0.04317206561855598	0	935	0.913899999999995	0.895187165775401	33.98028298219045
139	13900	934	1000	21.232330089076246	0.04497954087553537	0	934	0.914299999999995	0.880085653104925	34.22676645119985
140	14000	941	1000	21.11684822545529	0.04521439898697023	0	941	0.9141999999999941	0.8533475026567482	34.510609145959215
141	14100	941	1000	21.379641014977683	0.0446834692000084	0	941	0.9141999999999941	0.8618490967056323	34.733708532651264
142	14200	941	1000	20.941335246620866	0.04557607769809759	0	941	0.9141999999999939	0.8671625929861849	34.96387128432592
143	14300	941	1000	19.88202093818433	0.04788808530363197	0	941	0.9141999999999939	0.8618490967056323	35.205781551202136
144	14400	942	1000	21.464973881631465	0.0445137397118299	0	942	0.9140999999999939	0.8757961783439491	35.4310511469841
145	14500	940	1000	20.489347875871463	0.046534683405763735	0	940	0.913949999999994	0.8712765957446809	35.67805591424306
146	14600	940	1000	17.432703302417966	0.054251402173267876	0	940	0.9143999999999944	0.851063829787234	35.96651345094045
147	14700	944	1000	20.825957902787376	0.045817003975449376	0	944	0.9144499999999943	0.8453389830508474	36.21163646777471
148	14800	942	1000	20.00302534989233	0.04761218840337811	0	942	0.9142999999999942	0.8535031847133758	36.44935704867045
149	14900	942	1000	19.93379953749609	0.0477696367641634	0	942	0.9143999999999944	0.8694267515923567	36.678110949198405
150	15000	943	1000	20.478981635039496	0.046557142093210845	0	943	0.9143499999999946	0.8981972428419936	36.91025258302689
151	15100	944	1000	20.635058155644884	0.0462212762640107	0	944	0.9144499999999948	0.8824152542372882	37.14804354906082
152	15200	944	1000	20.171181658172706	0.04723401915612822	0	944	0.9144499999999945	0.8654661016949152	37.411891400814056
153	15300	946	1000	19.264207369455555	0.04934809350141719	0	946	0.9144999999999945	0.8657505285412262	37.65655165115992
154	15400	946	1000	20.845120650087946	0.04577681286443131	0	946	0.914449999999994	0.8562367864693446	37.91242451667786
155	15500	946	1000	19.678711970266395	0.048358911398247856	0	946	0.914449999999994	0.8763213530655392	38.13780064980189
156	15600	947	1000	17.1440406998613	0.055114514817399214	0	947	0.9147499999999945	0.883843717001056	38.377846968173984
157	15700	948	1000	20.500879312345337	0.04650972574065014	0	948	0.9148999999999948	0.8860759493670886	38.60041924715042
158	15800	947	1000	19.585466144563437	0.048577962382653994	0	947	0.9149999999999949	0.8859556494192186	38.81908870140712
159	15900	950	1000	19.556609522276876	0.04864615436297098	0	950	0.9148999999999948	0.88	39.05394415060679
160	16000	947	1000	20.17925645375254	0.04721601073123698	0	947	0.9149499999999947	0.8870116156282999	39.28535888195038
161	16100	949	1000	20.56987665872745	0.04636095123869831	0	949	0.9149499999999943	0.8798735511064278	39.54290106296539
162	16200	950	1000	20.092480773606525	0.04741026011749749	0	950	0.9149499999999943	0.8936842105263157	39.76269688208898
163	16300	952	1000	19.23464151952398	0.049420198476712376	0	952	0.9148999999999942	0.8855042016806722	40.01161036491394
164	16400	951	1000	20.841721913389602	0.04578393608184213	0	951	0.914899999999994	0.900105152471083	40.23053044875463
165	16500	955	1000	19.65482827021695	0.04841483002993258	0	955	0.9149999999999939	0.8701570680628272	40.506092782815294
166	16600	955	1000	17.12409349087036	0.05517517334059932	0	955	0.9150499999999941	0.8743455497382199	40.74390613238017
167	16700	958	1000	20.442308302434512	0.04663676997342969	0	958	0.9156999999999951	0.8643006263048016	41.00383179982503
168	16800	961	1000	19.538675272843175	0.04868863189644118	0	961	0.9161499999999954	0.8480749219562955	41.27712224721908
169	16900	962	1000	19.650284004236575	0.04842548411415755	0	962	0.9164499999999961	0.8274428274428275	41.591106883684795
170	17000	963	1000	20.1374864123057	0.047309314858640227	0	963	0.9164999999999961	0.8276220145379024	41.860125199953714
171	17100	963	1000	20.383247731080864	0.04676558082177972	0	963	0.9165499999999962	0.8452751817237798	42.108567317326866
172	17200	966	1000	19.790952967921505	0.048097843400584206	0	966	0.9166499999999961	0.8291925465838509	42.39325455029805
173	17300	966	1000	18.956036850518796	0.05011015000075043	0	966	0.916499999999996	0.8364389233954451	42.67898635069529
174	17400	970	1000	20.452277183161236	0.04661509785007536	0	970	0.9166999999999964	0.8154639175257732	42.98868199984233
175	17500	969	1000	19.151776961990944	0.04962341543805984	0	969	0.9165999999999964	0.8235294117647058	43.284874351819354
176	17600	969	1000	17.084495434004047	0.05529598564965836	0	969	0.916399999999996	0.8255933952528379	43.55820397933324
177	17700	968	1000	20.352802597045454	0.04683225986168055	0	968	0.9164999999999962	0.8388429752066116	43.8182048479716
178	17800	968	1000	19.32474225674913	0.049201115928933135	0	968	0.9166999999999964	0.8512396694214877	44.08043665091197
179	17900	969	1000	19.480471982330883	0.04882699973236603	0	969	0.9168499999999967	0.8761609907120743	44.33704043229421
180	18000	969	1000	20.06809928269389	0.047465126615453	0	969	0.9167999999999967	0.8792569659442725	44.57645449638367
181	18100	969	1000	20.287391279949354	0.046976164756359906	0	969	0.9170499999999974	0.8679050567595459	44.829083549976346
182	18200	969	1000	19.804385977121488	0.048066787508157974	0	969	0.9172499999999977	0.8792569659442725	45.06361761887868
183	18300	969	1000	18.972315531120966	0.05006930710872231	0	969	0.9171999999999977	0.8937048503611971	45.296419298648836
184	18400	972	1000	20.533044958255743	0.046440250412266994	0	972	0.917599999999998	0.8868312757201646	45.59359863201777
185	18500	972	1000	19.31187500601023	0.04923228405571139	0	972	0.9174999999999979	0.8991769547325102	45.817812049388884
186	18600	972	1000	17.0959162844861	0.05526108677112498	0	972	0.9171999999999975	0.8960905349794238	46.062191633383435
187	18700	971	1000	20.354554810227885	0.046828417116944264	0	971	0.9172499999999975	0.893923789907312	46.293252766132355
188	18800	971	1000	19.333563182631003	0.04917977193757183	0	971	0.9173999999999977	0.8949536560247168	46.527771949768066
189	18900	971	1000	19.528277278577182	0.04871329368897292	0	971	0.9176499999999981	0.8898043254376931	46.78267186880112
190	19000	971	1000	20.026459429839782	0.047559124413539926	0	971	0.9175499999999979	0.8970133882595263	47.00541991790136
191	19100	969	1000	20.322796779808883	0.046898163047116144	0	969	0.917799999999998	0.9060887512899897	47.23496434688568
192	19200	965	1000	19.70478662652192	0.04829801040881262	0	965	0.9183499999999981	0.8953367875647669	47.47877856492996
193	19300	964	1000	18.963720934784213	0.0500908624833374	0	964	0.9184499999999982	0.8900414937759336	47.715052549044294
194	19400	966	1000	20.571654934588427	0.046357129438250926	0	966	0.918449999999998	0.906832298136646	47.977070065339404
195	19500	967	1000	19.41499408684311	0.048983604685169706	0	967	0.9183999999999978	0.9027921406411582	48.21045128107071
196	19600	967	1000	17.160974890257446	0.05506312332034859	0	967	0.9180499999999975	0.8996897621509824	48.47251161734263
197	19700	966	1000	20.4395045542807	0.04664286889037909	0	966	0.9180999999999974	0.8871635610766045	48.73654309908549
198	19800	965	1000	19.44910153609053	0.04890190399001659	0	965	0.9180999999999973	0.8849740932642487	49.00558816591899
199	19900	968	1000	19.558106074544515	0.048642613107158804	0	968	0.9183999999999972	0.8739669421487604	49.307492196559906
200	20000	968	1000	20.042483187415833	0.04752290835133166	0	968	0.9183499999999972	0.8708677685950413	49.55707058509191
201	20100	966	1000	20.395691721457286	0.046738381400266725	0	966	0.9180499999999969	0.8530020703933747	49.89425969918569
202	20200	966	1000	19.737632701653503	0.04822151179870524	0	966	0.9183499999999973	0.8530020703933747	50.189876302083334
203	20300	965	1000	18.94753193932446	0.05013151516898215	0	965	0.9190499999999986	0.8321243523316062	50.51384794712067
204	20400	965	1000	20.559722563206495	0.046382786098861276	0	965	0.919299999999999	0.8321243523316062	50.82621561686198
205	20500	964	1000	19.37498381338242	0.049079793591943546	0	964	0.9193999999999991	0.8236514522821576	51.13068008025487
206	20600	963	1000	17.15912658635206	0.055068727851237884	0	963	0.9192499999999988	0.8317757009345794	51.42404013077418
207	20700	965	1000	20.405089421966185	0.046717861359354414	0	965	0.9190999999999983	0.8352331606217617	51.70845088561376
208	20800	965	1000	19.361166812811945	0.049113098929613686	0	965	0.919049999999998	0.8393782383419689	51.99429488182068
209	20900	966	1000	19.54835144793305	0.04866570452300637	0	966	0.9190499999999979	0.8530020703933747	52.30760465065638
210	21000	967	1000	19.99777884714453	0.04762408477961416	0	967	0.9188499999999977	0.8500517063081696	52.576972699165346
211	21100	969	1000	20.2321498993656	0.04709838639703082	0	969	0.9182999999999969	0.8297213622291022	52.98154623111089
212	21200	970	1000	19.523964719558176	0.04872352947708279	0	970	0.9184999999999971	0.8340206185567011	53.2966238339742
213	21300	970	1000	18.830405550255016	0.050427612156784166	0	970	0.9191999999999979	0.8474226804123711	53.60559684832891
214	21400	970	1000	20.293736180140396	0.046962167256145965	0	970	0.919399999999998	0.856701030927835	53.88633576631546
215	21500	970	1000	18.961029712252728	0.050097615925403266	0	970	0.9194499999999981	0.865979381443299	54.157138566176094
216	21600	972	1000	17.09579788075875	0.0552614483533384	0	972	0.9196499999999984	0.8497942386831275	54.47633599837621
217	21700	973	1000	20.24123781008441	0.04707823569138912	0	973	0.9195499999999982	0.8499486125385406	54.76449284553528
218	21800	971	1000	19.067869528476532	0.049830900015618934	0	971	0.9192999999999977	0.8403707518022657	55.09078795115153
219	21900	970	1000	19.305472147935358	0.04924780831071092	0	970	0.9191499999999975	0.8412371134020619	55.40072984695435
220	22000	972	1000	19.77626288510256	0.04813185150429731	0	972	0.9188999999999974	0.8364197530864198	55.707361765702565
221	22100	972	1000	19.988232246498832	0.04764574682876476	0	972	0.9188499999999973	0.8744855967078189	55.97830908298492
222	22200	974	1000	19.38233524117843	0.04906209166747979	0	974	0.918949999999997	0.8696098562628337	56.294920500119524
223	22300	974	1000	18.645846336085512	0.05090134488954028	0	974	0.9194499999999977	0.8675564681724846	56.618975631395976
224	22400	973	1000	20.174841837962802	0.04722585451416096	0	973	0.9194999999999978	0.8663926002055499	56.89969891309738
225	22500	974	1000	18.853827547842997	0.05036812159218358	0	974	0.9195499999999981	0.8583162217659137	57.20511721372604
226	22600	974	1000	17.127671096836213	0.05516428418510572	0	974	0.9195499999999981	0.87782340862423	57.48868891795476
227	22700	973	1000	20.22050946607853	0.04712422204558863	0	973	0.9194999999999978	0.8797533401849948	57.77083926598231
228	22800	972	1000	19.026492794105096	0.04993385563219314	0	972	0.918999999999997	0.8765432098765432	58.090647502740225
229	22900	971	1000	19.316915056296665	0.04922007092263142	0	971	0.9188999999999969	0.8805355303810505	58.378961165746055
230	23000	972	1000	19.79158320890397	0.04809638544369008	0	972	0.9188999999999967	0.8765432098765432	58.68658013343811
231	23100	973	1000	20.014812001031494	0.04758548398867027	0	973	0.9186499999999964	0.869475847893114	58.98636083205541
232	23200	972	1000	19.3571344076182	0.049122827406679226	0	972	0.9183999999999963	0.8662551440329218	59.34749791622162
233	23300	972	1000	18.622177893182208	0.0509627425377411	0	972	0.918949999999997	0.8724279835390947	59.65991501808166
234	23400	973	1000	20.067996957170557	0.0474653571496576	0	973	0.9191499999999976	0.868448098663926	59.95982138315836
235	23500	972	1000	18.71632815568069	0.05071938304657802	0	972	0.9190999999999975	0.8693415637860082	60.27622501452764
236	23600	972	1000	17.161608804669687	0.055061201392185115	0	972	0.9190499999999975	0.8713991769547325	60.557476397355394
237	23700	972	1000	20.1816061969558	0.04721077290841707	0	972	0.9189999999999974	0.8765432098765432	60.833818352222444
238	23800	973	1000	18.904994671225815	0.050238646958573475	0	973	0.9189499999999973	0.8859198355601233	61.131902766227725
239	23900	972	1000	19.21629333749867	0.049465051941303524	0	972	0.9188499999999971	0.8724279835390947	61.49635095198949
240	24000	975	1000	19.698677184299644	0.04831226609778328	0	975	0.9188499999999967	0.8656410256410256	61.862499916553496
241	24100	976	1000	19.958514852932748	0.047713304450103675	0	976	0.9187999999999964	0.8668032786885246	62.176755130290985
242	24200	978	1000	19.271367634102766	0.04933066273820065	0	978	0.918499999999996	0.8701431492842536	62.531086866060896
243	24300	978	1000	18.618620295389864	0.050971984010261304	0	978	0.9185999999999962	0.8834355828220859	62.83247113227844
244	24400	978	1000	20.016473362698928	0.04758172233476855	0	978	0.919449999999997	0.8660531697341514	73.31964649756749
245	24500	976	1000	18.61043931636472	0.050993248232104105	0	976	0.9197499999999972	0.8657786885245902	79.10930834611257
246	24600	978	1000	17.25020783427241	0.05479389654522625	0	978	0.9194499999999973	0.8517382413087935	85.12705791393915
247	24700	977	1000	20.188750840977605	0.04719485388756698	0	977	0.9193499999999969	0.8362333674513818	91.83554339806238
248	24800	977	1000	18.78635763191841	0.050539872906514516	0	977	0.9192999999999968	0.8362333674513818	92.22677951653799
249	24900	978	1000	19.18830794145904	0.04953362128712053	0	978	0.9190999999999966	0.8476482617586912	92.58693293333053
250	25000	977	1000	19.675982001937864	0.04836529650230275	0	977	0.9189499999999964	0.8638689866939611	92.970607483387
251	25100	977	1000	19.918849564227344	0.0478037760599449	0	977	0.9187499999999961	0.8597748208802457	96.92058705091476
252	25200	977	1000	19.23237951162671	0.04942572372297294	0	977	0.9187499999999962	0.8741044012282497	97.24994816382726
253	25300	978	1000	18.603012901380207	0.051012566539176844	0	978	0.9186499999999956	0.8629856850715747	97.62592178185781
254	25400	978	1000	20.000223257108455	0.047618541372483066	0	978	0.9191999999999959	0.8701431492842536	97.9871065457662
255	25500	976	1000	18.567104153044674	0.051106182712499046	0	976	0.9194999999999961	0.8709016393442623	98.33897598187129
256	25600	978	1000	17.274628977504815	0.054720673192925104	0	978	0.9196999999999961	0.8599182004089979	98.75483073393504
257	25700	977	1000	20.172982004895747	0.04723000282949156	0	977	0.919549999999996	0.8751279426816786	99.08616524934769
258	25800	976	1000	18.77603239573683	0.050566260207764044	0	976	0.9190499999999956	0.8709016393442623	99.4815623164177
259	25900	977	1000	19.1884207634256	0.049533344470987666	0	977	0.9187999999999956	0.8659160696008188	99.87297108173371
260	26000	978	1000	19.71298234594521	0.04827889983673746	0	978	0.9184499999999954	0.8640081799591002	100.26053991715114
261	26100	979	1000	19.90532359594837	0.04783470561507158	0	979	0.9181499999999954	0.8621041879468846	100.69177061716715
262	26200	980	1000	19.2153108128004	0.04946745609109293	0	980	0.9180999999999951	0.8581632653061224	101.08364978233973
263	26300	980	1000	18.628875175855793	0.05094535428245196	0	980	0.9176499999999945	0.8367346938775511	101.82412086725235
264	26400	980	1000	19.950693778276708	0.047731116238111264	0	980	0.9177499999999945	0.8204081632653061	102.34565236568451
265	26500	980	1000	18.464233420852015	0.05137628481832225	0	980	0.9180999999999951	0.8244897959183674	102.75177508195242
266	26600	976	1000	17.40613786442511	0.05432970280706054	0	976	0.9181999999999956	0.8422131147540983	103.14777966340382
267	26700	975	1000	20.208293584136975	0.047151365386037626	0	975	0.9179499999999952	0.8143589743589743	103.64202526807784
268	26800	975	1000	18.778719308915015	0.05055939084737717	0	975	0.9178999999999952	0.8276923076923077	104.0139932513237
269	26900	976	1000	19.217810944444448	0.049461338952463844	0	976	0.9177999999999948	0.8206967213114754	104.470099234581
270	27000	975	1000	19.685412045270454	0.04834324778309851	0	975	0.9171499999999934	0.8082051282051282	104.97335271835327
271	27100	974	1000	19.93882527832183	0.04775817108686177	0	974	0.9170999999999934	0.8100616016427105	105.41436643600464
272	27200	974	1000	19.179871444000714	0.04955432955928422	0	974	0.9169999999999933	0.8141683778234087	105.82401221593221
273	27300	975	1000	18.60758727601329	0.05100066550377354	0	975	0.9167999999999934	0.8194871794871795	106.37519671519597
274	27400	976	1000	19.92274505289145	0.0477948757427412	0	976	0.9167999999999936	0.8391393442622951	106.81975446542104
275	27500	976	1000	18.43599928836245	0.05145091771014638	0	976	0.9173999999999944	0.8319672131147541	107.2714015841484
276	27600	975	1000	17.41567711053155	0.05430156024119908	0	975	0.9173999999999943	0.837948717948718	107.70723351637523
277	27700	975	1000	20.192263957019115	0.047187030230849344	0	975	0.9172499999999941	0.8564102564102564	108.1592651128769
278	27800	975	1000	18.759641360151885	0.050608205977697635	0	975	0.9169499999999936	0.8543589743589743	108.57151681582133
279	27900	977	1000	19.225499790805912	0.049442535924604396	0	977	0.916849999999993	0.8587512794268168	109.02268029848734
280	28000	978	1000	19.672145888407737	0.04837427161157794	0	978	0.9165999999999928	0.8701431492842536	109.44427354733149
281	28100	978	1000	19.919792532843406	0.04780162128424706	0	978	0.9164999999999927	0.876278118609407	109.82785889705022
282	28200	978	1000	19.242160715063275	0.049401840745975624	0	978	0.9160999999999925	0.8558282208588958	110.3263085325559
283	28300	980	1000	18.61416234439984	0.050983569037579425	0	980	0.9160999999999928	0.8622448979591837	110.85728673140208
284	28400	980	1000	19.915649500955315	0.047811089966597754	0	980	0.9159499999999929	0.8683673469387755	111.28927994966507
285	28500	980	1000	18.38084978311585	0.0515973247401761	0	980	0.9160999999999933	0.8755102040816326	111.72641723155975
286	28600	978	1000	17.499457813344723	0.05405563828355242	0	978	0.9162999999999932	0.8773006134969326	112.17925230264663
287	28700	978	1000	20.2158702474884	0.04713452657537737	0	978	0.9161499999999932	0.8793456032719836	112.62993497848511
288	28800	979	1000	18.73008849261761	0.05068400987528105	0	979	0.9158499999999925	0.8661899897854954	113.10999255180359
289	28900	981	1000	19.21404940004692	0.04947054299756875	0	981	0.9155999999999916	0.8481141692150866	113.729352247715
290	29000	982	1000	19.69098762996222	0.04833022076490536	0	982	0.9152499999999915	0.8523421588594705	114.21709093252818
291	29100	982	1000	19.93373689060283	0.04776977972092984	0	982	0.9149499999999914	0.8207739307535642	114.84316044648489
292	29200	984	1000	19.19892169605233	0.04950759327887486	0	984	0.914599999999991	0.8170731707317073	115.49461423556009
293	29300	984	1000	18.59901720641147	0.05102296658389931	0	984	0.9145499999999911	0.8282520325203252	116.06017251412074
294	29400	984	1000	19.920936089759184	0.04779900840524535	0	984	0.914449999999991	0.8292682926829268	116.61257968346278
295	29500	984	1000	18.406761003790724	0.051528433817712806	0	984	0.9144999999999911	0.8313008130081301	117.12801405191422
296	29600	982	1000	17.469514633428716	0.05414327446320976	0	982	0.9155499999999924	0.7912423625254582	117.79222873051961
297	29700	982	1000	20.228254629939162	0.04710702869512669	0	982	0.9155499999999924	0.8004073319755601	118.26093655029932
298	29800	983	1000	18.724295245280437	0.05069889633898461	0	983	0.9155999999999922	0.8056968463886063	118.77930583159129
299	29900	985	1000	19.218368608770223	0.04945997470667465	0	985	0.9153999999999917	0.8243654822335026	119.310702085495
300	30000	985	1000	19.67527871922142	0.04836694167853315	0	985	0.9151999999999915	0.8081218274111676	119.86664443413416
301	30100	982	1000	19.94072400454726	0.047753840783291486	0	982	0.9148999999999915	0.8279022403258656	125.1665074467659
302	30200	982	1000	19.190256744400912	0.04952884020542811	0	982	0.9147499999999914	0.8513238289205702	125.6582640171051
303	30300	984	1000	18.60518306970037	0.051006919774469785	0	984	0.9145999999999914	0.8526422764227642	126.15842278401057
304	30400	985	1000	19.929626284782604	0.04777916176778916	0	985	0.9140499999999909	0.8324873096446701	126.84972661733627
305	30500	984	1000	18.385677155973298	0.051584476103372565	0	984	0.9139999999999909	0.8282520325203252	127.39886698325475
306	30600	985	1000	17.480286928890052	0.054111713949457664	0	985	0.9142999999999915	0.8629441624365483	127.89601534605026
307	30700	985	1000	20.2067331213909	0.047154834942083355	0	985	0.9143499999999914	0.8629441624365483	128.35270506540934
308	30800	985	1000	18.723786998459822	0.05070020275913988	0	985	0.9142499999999913	0.868020304568528	128.83079398473103
309	30900	985	1000	19.224611979312836	0.04944470633220903	0	985	0.913999999999991	0.8527918781725888	129.44889704783756
310	31000	985	1000	19.70911892115674	0.048287906588743636	0	985	0.9139999999999909	0.8730964467005076	129.9422508517901
311	31100	985	1000	19.92749050551707	0.047784037925444146	0	985	0.9139999999999908	0.884263959390863	130.44650793472925
312	31200	985	1000	19.216990689509537	0.04946334572528113	0	985	0.9137499999999903	0.8710659898477158	131.09176348050434
313	31300	986	1000	18.621433310525152	0.050964676442041015	0	986	0.9136499999999903	0.8722109533468559	131.68062543471655
314	31400	984	1000	19.91150441326503	0.047820567102080845	0	984	0.91334999999999	0.8821138211382114	132.37296413580577
315	31500	985	1000	18.316766576753658	0.05176849841957651	0	985	0.9132499999999901	0.8812182741116751	132.99798873265584
316	31600	984	1000	17.66319273524472	0.05358140025589183	0	984	0.9131999999999904	0.8597560975609756	133.83276342948278
317	31700	982	1000	20.273998816568017	0.04700573731447273	0	982	0.9132999999999903	0.8503054989816701	134.57303936481475
318	31800	982	1000	18.71568269818741	0.050721043511819976	0	982	0.9133999999999904	0.8462321792260692	135.28438011805216
319	31900	982	1000	19.220792068834733	0.049454046933267694	0	982	0.9135999999999908	0.8625254582484725	136.02972251574198
320	32000	983	1000	19.698517613359392	0.048312638551205836	0	983	0.9133499999999904	0.8555442522889115	136.65916338364283
321	32100	983	1000	19.92127017338276	0.047798245121477255	0	983	0.9131999999999902	0.8524923702950152	137.33416086435318
322	32200	982	1000	19.194283302836997	0.049518964600220046	0	982	0.9130499999999901	0.8564154786150713	138.0061346968015
323	32300	984	1000	18.59786703600995	0.051025961047830234	0	984	0.9126999999999901	0.8434959349593496	138.72782909870148
324	32400	985	1000	19.901228207836137	0.047844078350624736	0	985	0.9123499999999897	0.8304568527918782	139.671379951636
325	32500	982	1000	18.32056179552574	0.051758329316882505	0	982	0.9118999999999894	0.8217922606924644	140.57654214700062
326	32600	981	1000	17.62261246658062	0.05369815871938264	0	981	0.9117499999999893	0.8399592252803262	141.4372567653656
327	32700	979	1000	20.254277737597157	0.04704935224550483	0	979	0.9116999999999892	0.8437180796731358	142.3992567618688
328	32800	978	1000	18.70428058686249	0.05075039383405521	0	978	0.9116999999999892	0.8496932515337423	143.28894593318304
329	32900	979	1000	19.229196510498447	0.049433500706813786	0	979	0.9117999999999896	0.8518896833503575	144.40902541478474
330	33000	981	1000	19.717345907619595	0.04826873116175619	0	981	0.9117999999999897	0.8481141692150866	145.44775683482487
331	33100	981	1000	19.926135084415158	0.047787132978260996	0	981	0.9117999999999897	0.855249745158002	146.40638796488443
332	33200	980	1000	19.178768853568616	0.04955703726311082	0	980	0.9117499999999891	0.8510204081632653	147.47856404781342
333	33300	981	1000	18.60686850302418	0.05100253514964713	0	981	0.911699999999989	0.8613659531090724	148.47179088195165
334	33400	979	1000	19.92954714552398	0.047779342431394235	0	979	0.9113999999999889	0.8794688457609806	149.77637144724528
335	33500	980	1000	18.405153156088993	0.051532703295681936	0	980	0.9113499999999886	0.8928571428571429	150.8251678665479
336	33600	980	1000	17.474114002595947	0.05412979479608505	0	980	0.910999999999988	0.8816326530612245	152.32857841650645
337	33700	980	1000	20.234345961521562	0.04709351546838716	0	980	0.9107999999999881	0.8826530612244898	153.64714936812717
338	33800	978	1000	18.697974438202433	0.050766641165935864	0	978	0.9104999999999882	0.8619631901840491	155.28218909899394
339	33900	976	1000	19.22320670694291	0.04944814215129819	0	976	0.910349999999988	0.8637295081967213	156.76871566375095
340	34000	977	1000	19.744980387782913	0.04820443217140459	0	977	0.9102999999999881	0.8761514841351075	158.10346337954203
341	34100	975	1000	19.930636207850746	0.047776856377873315	0	975	0.910199999999988	0.8728205128205129	159.60243223110834
342	34200	974	1000	19.208457829495448	0.04948423122819597	0	974	0.9099999999999882	0.8747433264887063	161.26290638049443
343	34300	976	1000	18.624101518908287	0.050957746984567745	0	976	0.9100499999999884	0.8627049180327869	162.9168000817299
344	34400	976	1000	19.895631816483615	0.0478568922338661	0	976	0.9098499999999881	0.8657786885245902	164.60662958224614
345	34500	976	1000	18.314511632683097	0.05177454232432404	0	976	0.909749999999988	0.8668032786885246	166.18757731517155
346	34600	978	1000	17.628234565812527	0.05368195233246903	0	978	0.9096999999999877	0.878323108384458	167.99018823305767
347	34700	979	1000	20.234494248077503	0.04709318660087873	0	979	0.9096499999999877	0.8876404494382022	169.48885006507237
348	34800	978	1000	18.695509572779073	0.05077299453993757	0	978	0.9096499999999877	0.908997955010225	170.92273153464
349	34900	979	1000	19.226743760237685	0.049439495148291185	0	979	0.9095999999999876	0.9141981613891726	172.56957544883093
350	35000	979	1000	19.68630707004799	0.04834115613839624	0	979	0.9094999999999877	0.9080694586312564	174.1953579823176
351	35100	979	1000	19.921101239258007	0.04779863108369845	0	979	0.9094499999999877	0.9039836567926456	175.75214456717174
352	35200	979	1000	19.189193195548647	0.049531449340951474	0	979	0.9093499999999878	0.9039836567926456	177.40037833452226
353	35300	979	1000	18.60644775308574	0.051003629652526736	0	979	0.9091499999999876	0.9141981613891726	178.9798533161481
354	35400	979	1000	19.949654756652688	0.04773348351635456	0	979	0.9090499999999876	0.906026557711951	181.133103732268
355	35500	980	1000	18.394142279171657	0.051561960596419376	0	980	0.9086999999999873	0.8938775510204081	278.7019813855489
356	35600	978	1000	17.438581408723323	0.05423410716004965	0	978	0.9085999999999873	0.885480572597137	280.69903031587603
357	35700	979	1000	20.15977550432541	0.04725948060250372	0	979	0.9083499999999871	0.8753830439223698	282.2935456474622
358	35800	981	1000	18.704345854739735	0.05075022573050591	0	981	0.9081499999999869	0.8634046890927625	283.3644748965899
359	35900	981	1000	19.215992353496574	0.04946578839732491	0	981	0.9081499999999868	0.8634046890927625	284.33507838249204
360	36000	981	1000	19.671361860396356	0.048376106361713404	0	981	0.9079499999999865	0.8603465851172273	285.4058852314949
361	36100	982	1000	19.923766951240054	0.047792541483106826	0	982	0.9079499999999865	0.860488798370672	286.3693258682887
362	36200	982	1000	19.179582792190764	0.0495550383919229	0	982	0.9078499999999864	0.8625254582484725	287.4210946639379
363	36300	984	1000	18.600764166565988	0.051018419052546456	0	984	0.9076999999999864	0.8567073170731707	288.42351368268334
364	36400	985	1000	19.930519456241935	0.04777712287985181	0	985	0.9076999999999864	0.8629441624365483	289.6093438506126
365	36500	983	1000	18.388308696442067	0.051577474634675546	0	983	0.9074999999999862	0.8687690742624619	290.86817589600884
366	36600	983	1000	17.4354028808691	0.05424345789794083	0	983	0.9074499999999863	0.8891149542217701	291.96393059889476
367	36700	983	1000	20.173666820196352	0.047228475279782765	0	983	0.9073499999999862	0.8921668362156663	292.9786496480306
368	36800	983	1000	18.698120575925607	0.05076626453501188	0	983	0.9072499999999862	0.896236012207528	294.13796553214394
369	36900	984	1000	19.211113113143295	0.04947773011817442	0	984	0.907099999999986	0.883130081300813	295.4454359173775
370	37000	982	1000	19.68370303277946	0.04834724219426297	0	982	0.907099999999986	0.8971486761710794	296.488459833463
371	37100	982	1000	19.926624237544075	0.04778601596935631	0	982	0.906999999999986	0.8920570264765784	297.7483615835508
372	37200	982	1000	19.17805520247373	0.04955878998078095	0	982	0.906949999999986	0.905295315682281	298.7989328344663
373	37300	982	1000	18.61901418637701	0.05097096064563615	0	982	0.9068999999999862	0.9103869653767821	299.9192819158236
374	37400	982	1000	19.939744386893786	0.047756074836610776	0	982	0.9066499999999857	0.8930753564154786	301.5987138191859
375	37500	983	1000	18.3947465305956	0.051560354162013926	0	983	0.9065499999999856	0.8931841302136317	302.8991984963417
376	37600	984	1000	17.428665076425467	0.054263290143529264	0	984	0.9064999999999854	0.8851626016260162	304.49965974887215
377	37700	984	1000	20.188490913222026	0.04719543284585599	0	984	0.9064999999999854	0.8780487804878049	305.7921040813128
378	37800	984	1000	18.67165247875504	0.0508345702568698	0	984	0.9063499999999854	0.8729674796747967	307.2064018170039
379	37900	982	1000	19.216439889599428	0.049464693361488496	0	982	0.9063499999999854	0.8890020366598778	308.3971658507983
380	38000	982	1000	19.675559437771014	0.048366284985409215	0	982	0.9062499999999856	0.8788187372708758	309.6682228485743
381	38100	984	1000	19.920456452229043	0.04780010427991649	0	984	0.9061499999999856	0.866869918699187	311.23937511841456
382	38200	984	1000	19.178156864886287	0.049558540291664815	0	984	0.9060499999999855	0.8617886178861789	312.57035956382754
383	38300	984	1000	18.60779698285091	0.05100012004788736	0	984	0.9060499999999855	0.866869918699187	313.7905082503955
384	38400	984	1000	19.929930960427825	0.04777846624963541	0	984	0.9059999999999856	0.8770325203252033	315.2158452987671
385	38500	985	1000	18.412473481909387	0.051513270626327275	0	985	0.9059499999999855	0.8751269035532995	316.87575891812645
386	38600	985	1000	17.396792653888163	0.054357301232541205	0	985	0.9059499999999855	0.8934010152284264	318.0929947177569
387	38700	982	1000	20.151148680223884	0.04727875611479154	0	982	0.9058999999999854	0.8961303462321792	319.452413948377
388	38800	980	1000	18.69444499468687	0.050775739060926986	0	980	0.9059499999999855	0.9061224489795918	320.77835561434426
389	38900	980	1000	19.212817971810146	0.04947355689813525	0	980	0.9057999999999854	0.8959183673469387	322.2476032336553
390	39000	982	1000	19.68275065477769	0.048349468438280536	0	982	0.9057499999999852	0.8981670061099797	323.5028742313385
391	39100	982	1000	19.922479998140847	0.047795481228270216	0	982	0.9056499999999852	0.9185336048879837	324.611153113842
392	39200	981	1000	19.17112348677285	0.049575820635660024	0	981	0.905599999999985	0.9164118246687054	326.0281981309255
393	39300	981	1000	18.60340887388139	0.05101153612790021	0	981	0.9053499999999849	0.8715596330275229	328.07281116644543
394	39400	981	1000	19.94193185485363	0.047751086524915505	0	981	0.905249999999985	0.8644240570846076	329.5586785674095
395	39500	981	1000	18.397804260370467	0.051552226560146845	0	981	0.905249999999985	0.8756371049949032	330.78824093341825
396	39600	981	1000	17.401331141667335	0.05434389459660528	0	981	0.9050499999999849	0.8644240570846076	332.4143146832784
397	39700	981	1000	20.1448486299099	0.04729284269197727	0	981	0.9050499999999849	0.8685015290519877	333.7663873672485
398	39800	980	1000	18.697372265303347	0.050768193164602286	0	980	0.905049999999985	0.863265306122449	335.19609921773275
399	39900	981	1000	19.222775020197428	0.04944919769919081	0	981	0.9049999999999851	0.8583078491335372	336.69223901430763
400	40000	980	1000	19.68512928259151	0.048343908628194765	0	980	0.9047999999999852	0.8510204081632653	338.1315565466881
401	40100	980	1000	19.911147505235387	0.04782138329566259	0	980	0.9047499999999851	0.8418367346938775	339.52724051475525
402	40200	980	1000	19.17117541337365	0.04957569301276276	0	980	0.9044999999999851	0.8377551020408164	341.33524438142774
403	40300	980	1000	18.612663636696197	0.050987464962635363	0	980	0.9043999999999851	0.8653061224489796	342.90903528134027
404	40400	978	1000	19.918940879419118	0.047803567387287735	0	978	0.9043499999999851	0.8803680981595092	344.2813334822655
405	40500	978	1000	18.34657006192456	0.051688748796256755	0	978	0.9043499999999851	0.8773006134969326	345.7692343990008
406	40600	979	1000	17.52272401687365	0.053987739551106514	0	979	0.9043499999999851	0.8774259448416751	347.4108224630356
407	40700	979	1000	20.17618662206737	0.0472228554577393	0	979	0.9043499999999851	0.8794688457609806	348.9469434857368
408	40800	980	1000	18.664860028724974	0.05085212905351342	0	980	0.9042499999999851	0.8673469387755102	350.7873126308123
409	40900	980	1000	19.224026569657944	0.04944613757085829	0	980	0.904199999999985	0.8673469387755102	352.49242436885834
410	41000	980	1000	19.70303169319372	0.048302104484956074	0	980	0.9040499999999849	0.8581632653061224	354.5291857679685
411	41100	980	1000	19.889269336159114	0.04787146854720333	0	980	0.9040499999999849	0.8571428571428571	356.11297463178636
412	41200	981	1000	19.173640747453472	0.04956963458002644	0	981	0.9040499999999849	0.8674821610601428	357.53014801343284
413	41300	982	1000	18.58989718712154	0.05104672017663284	0	982	0.9039999999999849	0.8747454175152749	359.06307061910627
414	41400	980	1000	19.94213201586651	0.0477506301288887	0	980	0.9039499999999848	0.8663265306122448	360.5633500178655
415	41500	982	1000	18.40032441989573	0.05154552977343328	0	982	0.9037499999999847	0.8543788187372708	362.4504908323288
416	41600	983	1000	17.392718721641057	0.05436934121236737	0	983	0.9036499999999849	0.8463886063072228	364.1531616648038
