InstanceID	Endpoint Predictions	Best Endpoint Predictions	True Endpoint
0	-168.65130253412184	-172.66043071699443	-190.84667025187878
1	-428.53975861607563	-464.6177150227655	-435.58614855771737
2	509.042797967165	464.5480228127493	479.7273935570318
3	231.5041166691407	213.65761538684012	250.8838261488949
4	136.09819647974845	129.70182732209287	130.8691869918112
5	512.9922484979878	458.27273932408093	448.60476205024514
6	-85.37881247411339	-84.74567639356003	-62.17859984420761
7	-336.69006867982006	-360.3614464049611	-360.58978507182286
8	78.18057858546378	77.8320341818871	79.85823002769132
9	-454.53084624966573	-498.90876327648033	-489.2116786694542
10	-247.37567481319775	-262.07602853666936	-274.11991465336575
11	-443.7153610962666	-488.40699489945416	-471.2044571988278
12	-108.35838840385108	-109.15774658133081	-98.78978638373928
13	201.8493304792686	190.32432233147813	175.7365423527293
14	34.72996855629144	35.067380128651564	52.588803091943916
15	402.58246194853143	388.28650714971866	360.6691683699272
16	264.4400150998291	248.0183686879576	270.7737256942442
17	-347.22638221809643	-372.9043088520993	-343.184600325047
18	40.48269378001483	40.54425463219669	49.68242971405328
19	7.916870876273739	8.517510049351802	37.34589278514861
20	94.10809285641538	96.3343346061321	86.53290263920283
21	-406.4365790178456	-442.50390180649543	-436.8458603435829
22	-205.82074135961741	-207.97024655834892	-231.64481122310363
23	554.7504064634314	497.5784516397972	511.39668233780776
24	244.11077036457024	229.50781950475636	221.09954562309198
25	187.75939111946232	176.33927552209795	149.2614823095744
26	-76.73239967107409	-78.6116787374642	-81.60186449191785
27	119.92599249518412	116.16613484929992	111.76878350862135
28	293.4794880725005	274.19434864842356	295.7596818692454
29	-179.83117532040222	-189.45820046162277	-172.0300880197382
30	-430.21300556345795	-468.7213904890439	-488.89407754630923
31	-350.0122919953124	-371.963376184361	-400.6486943957781
32	157.0553178517126	153.3139264652994	167.6486904213226
33	-278.23203954642145	-291.49792223429694	-283.03893724041626
34	324.41616304116366	304.2645736555463	305.4342204424423
35	547.2676934615224	489.09128847602636	499.77951312227776
36	256.55732752423523	238.0125520890523	214.32874594068775
37	-203.03914960678097	-211.09107793332248	-217.4585991213136
38	334.1216611677978	308.14387265967906	335.40381822871643
39	297.30782179843953	279.74995468921963	292.77206464088954
40	147.37263707564787	149.25825787838278	115.7553136230489
41	-248.5102702086025	-260.3666082060099	-283.7089919668099
42	28.86160499354874	30.906350969310093	21.051376517587087
43	263.825751657265	249.56885254833077	264.07989267291043
44	-395.80863945292964	-429.61998083208294	-449.32126092647866
45	20.08023962462091	21.28662802235486	30.03597646426801
46	-348.7758000155057	-374.76569336165636	-362.65761986261253
47	206.84844960337477	197.85636272524494	221.07466949549308
48	-353.2976011279894	-379.44307995382405	-384.17466007326874
49	357.8731069691845	330.8184797783011	335.1175728697679
50	63.51369685914444	60.49125658289208	64.04964349854006
51	-114.84006237463902	-115.2897276673695	-134.4603136940819
52	-381.158907430419	-412.00403683353824	-389.65349856215283
53	357.160770008996	330.3274051007255	342.2507181325269
54	420.4580369718329	392.0473649896929	406.05428194740614
55	-257.78752649723424	-231.8941380968016	-283.98824276329344
56	-226.18609301693775	-237.04895349378003	-206.23700253792342
57	176.96041866842472	167.44080863128653	187.36501639085563
58	70.52343294092397	66.8834993531833	91.97608379181399
59	138.19607111449469	134.20697315105903	107.51207154186208
60	-317.6402154732065	-336.13683036481126	-341.34209963022874
61	-430.33759579061734	-464.69208630786727	-494.7860751086187
62	-407.5738220139274	-445.5780934100435	-457.28115657504526
63	-6.753575728002579	-9.635549840211517	-37.048070054797
64	-288.1220411472018	-305.1814315781652	-306.8173396857938
65	-374.32260252441273	-404.33546120982	-429.3661247413909
66	-264.10581915781296	-278.7516286798172	-295.40250622992596
67	-88.16301738878215	-90.27275495321852	-75.58954619644561
68	419.5611997413025	387.0948309635839	386.85336313072787
69	-217.28841084939597	-224.00429051861718	-207.42135812516813
70	103.64444866444158	98.30516609192412	122.0947351642818
71	511.9485747513061	462.16591458725145	487.5655552488204
72	274.7039131452233	259.8002856561702	292.6132843248369
73	-423.27452556986896	-465.01303083893845	-441.7442750513389
74	427.05025098659127	393.7235164075645	376.8764734904419
75	306.41895882072066	285.4949558860771	312.0612946099484
76	547.9409246605967	492.4560488993436	484.1120984879398
77	-387.0407287679635	-416.4765466655644	-446.95018068808315
78	-283.62659020332904	-305.1768615944767	-285.7647391631147
79	-187.543383594054	-192.50203561948257	-190.32774395205257
80	218.22114396204842	209.98339006881199	188.01790415909258
81	7.5644090831973125	8.530995364561639	2.797378013065658
82	-307.0064598788868	-324.17915038939515	-317.21257451256025
83	309.65964564427657	291.6539945920379	297.36648380862465
84	482.2498101930192	437.5164573050804	430.9563214705047
85	-233.31866200058286	-242.26608961981756	-219.48012070827355
86	467.3723417236414	425.0496016081685	455.53099669024937
87	-448.86677413615195	-501.8158187790763	-478.2583756749169
88	396.83221197429094	367.65866106780373	356.0871179364006
89	493.59020001999636	450.07830016754707	473.5447215936524
90	216.74992270015088	204.7301504290414	190.69575032501558
91	61.08954827403327	60.896246476474396	63.65014179803567
92	-358.5036381194831	-385.8131631051554	-365.25093146625176
93	215.78216181622213	203.8673889562933	180.91647377905156
94	251.68387289872246	253.7518665808539	220.8815128544805
95	-133.67713896514147	-134.9953043259295	-155.59069272334912
96	139.66388113787363	134.92010529185734	106.63135648548358
97	180.6965355841091	179.16752094984975	167.15209152393552
98	438.0975035877396	399.92539632866516	398.2390344982071
99	-362.04141602660644	-387.2761251381436	-404.185888045776
100	274.61544417274274	259.8004642444853	238.44806601001542
101	-321.6861899807597	-343.9892979833821	-361.8386614045925
102	340.20353996546237	317.89849886095203	298.71505871365156
103	336.47297643247975	311.94970206733865	286.113155304543
104	-302.3980453383148	-325.47886170728503	-301.36249379767673
105	-10.476722615702087	-8.253541684953678	-30.965958810809397
106	-89.39457459603875	-91.6179028045804	-121.55360349292431
107	3.8189667684611055	5.0629792929628	-3.066749278764239
108	-389.4190107832905	-426.00077237889644	-443.8235220956785
109	287.38126678949294	273.79368204842945	271.459922934739
110	502.5974765559858	454.8341902161068	486.360905755915
111	-171.42429264140952	-179.02694202215065	-206.9562090581396
112	445.64031431937275	405.5213156686967	397.9235153808863
113	151.47345334489998	147.43716290587304	169.65725977593146
114	185.72527309074567	178.58140974993142	177.57710206446723
115	104.86705294477139	102.75512356118176	123.14030674021338
116	516.0274140856665	468.5516710881952	471.56242730679287
117	426.9039733560176	393.5131686548949	420.18523438752425
118	-442.414961125221	-486.37130870946095	-474.4477408263567
119	-165.3281904958479	-172.46252425337045	-143.55490378051607
120	-330.0159280293953	-349.4862456449955	-360.1226245160974
121	-145.26214455088603	-148.65608518877815	-117.41602728732624
122	-253.48467137110313	-266.13315455869423	-290.80197567980167
123	553.584292020774	499.73086515532486	507.9737620218861
124	139.53086266085415	135.57870940024765	163.97710079462146
125	-180.30450574191835	-181.22708434541914	-166.39597652404822
126	327.31272586248355	303.1793743576632	281.1245912674951
127	273.0876939435211	255.1218571602304	232.17432697379616
128	-173.78896434214036	-184.44393800830818	-156.5533183169807
129	-83.96464524703967	-75.60560966230722	-107.84262857385527
130	-67.06431297849966	-66.68766758708028	-59.23907975212438
131	-285.90420762306024	-304.0089160904925	-267.91194536383495
132	-351.39012686350907	-374.61523633932535	-378.0514436482299
133	189.54098585605954	179.67191025237986	209.3779424610863
134	-207.53780706251186	-216.1729812294804	-208.17735309448358
135	-263.03698248462666	-274.27049456964306	-302.9186449223098
136	-217.36311174744486	760.760869310583	-259.9214429408021
137	-153.23445056480494	-154.3454462644237	-163.66665636868342
138	54.52330605163194	56.03500248087488	41.622099628545605
139	484.4313735448406	442.170225259942	468.34213537471607
140	-364.0071057886057	-392.06647551194567	-421.41823710105405
141	382.4804991835301	367.07934866270045	348.92075626322145
142	178.81183584932714	112.58861164407074	169.92307620543704
143	74.02037790562156	74.71852973309531	46.343309335683614
144	461.7327566499389	423.2110732952182	434.97367813634685
145	-318.98020021674085	-336.50778698298905	-316.0418693003089
146	-222.6113574386441	-230.21320773500304	-222.59792615181033
147	-238.1378218711375	-246.4970213890319	-247.46431119264986
148	522.6451550019135	474.0531894369432	489.49304542152555
149	-50.15507665793564	-54.140073921073544	-75.29195081011729
150	100.15132462135814	98.87501181401971	81.68986220331557
151	-275.28909122017654	-291.70944621759816	-299.37299899872016
152	393.63701970285956	362.04162336781445	384.17345476867644
153	174.6574261860158	165.58969435182723	179.81596720639678
154	322.7584948820518	298.0190652548977	308.0202775574369
155	-262.54559479097	-274.1183243592965	-291.5830736992318
156	-425.76105202791325	-461.4077287748692	-479.0555158243179
157	-198.85772906358514	-204.61217805509818	-176.06747947629015
158	44.78284228736101	41.33364697534165	50.17531298891501
159	408.7085639169286	374.75065299102454	365.23705815495543
160	-207.0421058695905	-215.82346014281538	-206.17729197198327
161	377.30627840494026	346.535356630639	372.83427074564975
162	174.204616303765	160.94626186916173	143.7241234470537
163	-248.76237052335085	-261.20465554879456	-266.00418852991186
164	-11.936579275424876	-10.080401145231333	-6.648665851695094
165	-221.61544102902087	-230.2882343429129	-226.3578948288688
166	-354.1049710368306	-380.3839894232562	-392.7407826109816
167	264.3508238695628	248.09059491952422	277.20839456002665
168	-137.61843539985517	-140.72560707807395	-118.11052498395044
169	121.98416858529748	116.51361626111859	122.97252761152942
170	498.892035632525	454.8441349349815	474.8989085574357
171	84.22902981619305	74.11921124907262	104.71125609426042
172	-279.1635186636615	-292.54854671125304	-271.0554010782605
173	502.53173132270376	454.32212410136515	460.10582771448816
174	322.7673526504287	298.1120519810136	325.88248417299354
175	-331.3612590752431	-354.2844526377673	-323.6370335546798
176	-22.78281041430549	-21.26281259787307	-28.378013972735882
177	-87.68416683602359	-90.17334281332623	-99.30445618281112
178	-214.00152059838436	-223.15230558092486	-206.44767798172302
179	-184.3730303869884	-190.95493170441367	-219.89063710851468
180	-202.6576231293843	-211.25707735731575	-204.74896890014605
181	-364.2737913787988	-392.8179314111036	-388.65499853702886
182	157.74806214401028	153.01731544183596	172.0110731560754
183	-104.99492447895565	-104.44363099743948	-135.2570359061669
184	273.12445910529743	255.67712962668114	225.92329552072422
185	-439.61262643550197	-479.98215295001586	-500.4595613835368
186	221.75476807213803	197.85270233730387	208.8561097752652
187	406.2096831279222	372.82736466420033	362.70703185257634
188	-108.14983539807014	-111.37673097515317	-74.6150922198479
189	276.74712545323524	262.33481060289625	292.3694662897862
190	59.083930358931326	60.15121122370947	45.847650329335416
191	-401.86106812288483	-437.6726404723492	-417.6731240250334
192	-208.21408402085189	-217.03815850231936	-184.4476888731012
193	261.4275978662407	247.49481776765694	243.4837340605606
194	-160.2797992204204	-165.60407431560228	-179.93451044950373
195	536.6383457164206	486.1143704980797	513.7602765465405
196	-122.75352469506538	-121.82454778180028	-105.85517163990716
197	-261.37213730171726	-273.0320158513614	-298.53873650050605
198	-252.41186014918105	-252.52045967262418	-249.33735593893223
199	-100.06014199632737	-102.72058771070539	-86.93970194597225
200	4.057374553119521	2.1983381938003252	-27.831642641147823
201	-103.83358474108742	-104.49934749781363	-111.77863993641222
202	-45.05754772337293	-46.254827744695056	-63.95942325296387
203	170.4868752207292	159.6831421029486	138.65542231992757
204	14.866035133696565	10.02412635822059	-1.3813459735549944
205	86.01413925574053	84.4637483816542	58.862241803333944
206	126.83385233315047	123.23695492803537	150.7208292785109
207	300.2386750813677	280.09605234708124	288.803955506006
208	-431.8755640394571	-473.92409351329155	-474.3630246956175
209	-424.2410909373141	-461.7862614374379	-456.899072213452
210	-390.3155956904924	-423.16319500340387	-392.2098962308036
211	-340.94668142302277	-361.7614380589871	-355.3277701336389
212	-423.0685128184804	-464.1085822149062	-438.1563938389296
213	291.63549580845705	269.4093368106403	301.1641770422717
214	319.9235588400811	307.21801645301673	276.47770183740835
215	-92.60722506912086	-82.0288131783558	-122.2066948531153
216	442.16266887741676	407.17547855619824	413.6644615468158
217	482.4017037790899	437.56504200692785	454.2964452314446
218	-294.55467662888503	-308.2751754051833	-313.59464289679954
219	-329.4996297049581	-349.5221883571036	-372.56553049620794
220	383.4745786336105	355.895108390352	373.7901571451372
221	496.50588997006486	449.6330096552434	446.26725569800647
222	277.909958064088	259.5474118738153	274.05446639816046
223	61.35542330830138	64.65485912881304	59.68634668759811
224	66.82237413743881	58.37155195997025	35.55694705818337
225	352.3618109121203	328.94870908807644	325.42127296141
226	263.6184819687908	248.61225773907117	239.49125612479696
227	-386.92881939564	-421.5864471028274	-442.5202005956029
228	-432.25662015811497	-291.5286652185347	-506.1746540909676
229	384.7966503964251	353.94385025402426	362.61060061896967
230	346.8051719265449	323.7345780318364	329.7000790201547
231	-286.10916541735514	-299.00171394723725	-279.08740208255784
232	-79.5094551324131	-79.01892294774873	-88.16081500417728
233	141.73777302410292	134.9973467135886	165.70262101039
234	-437.23965164082125	-480.51405661441873	-483.4690702064779
235	280.996133275433	266.4590141264204	234.1039046223854
236	454.31964479637736	416.9705315967566	430.355911188527
237	-315.32262534148197	-335.8060301250688	-303.4811897166804
238	205.5489751338102	196.97403463596802	226.86625042291476
239	188.48660739632433	178.59383538747656	179.67594048724166
240	-327.495926627466	-354.4043579472996	-377.9563543623177
241	-91.68875579177327	-91.56522755403272	-70.36111736238108
242	-329.6645879736523	-349.6687327264942	-343.1360219462171
243	365.1191305077959	337.0856863230898	310.36129328105255
244	-312.81449783694796	-330.76672750670656	-313.3724735695584
245	-24.230642950977465	-22.892133660184086	-41.052923224565475
246	-233.35549277337685	-241.96777328980062	-267.77805314759155
247	282.13885476075205	267.2614519245665	273.44940528548005
248	160.21495582937246	157.06362415403342	170.80787143561645
249	-105.77808520246266	-94.4955045160018	-110.79459451302101
250	29.239834040714385	15.534210031019237	58.61765015576481
251	-265.22607642364756	-279.50789185389004	-279.9676746040087
252	-129.9915315864598	-135.3309194889981	-122.95490127652367
253	140.0940759910068	136.75541264195888	110.41141199216072
254	-58.12305457003696	-59.11221039300509	-50.775394231929646
255	510.68231364448303	461.6479265002167	448.5113326435916
256	382.8659911486908	355.3367238873191	325.08464523442507
257	-86.17186255071262	-85.76148823120542	-72.29700932120798
258	445.5145812835125	406.205302113123	381.768438191327
259	15.3144658989946	16.071855739935625	9.602566625802343
260	371.7896166655343	343.1010397428001	367.22716122687626
261	121.52368675529146	115.90767011934628	115.00309357131859
262	92.06647319628811	90.57399873535276	74.95277079687988
263	-192.5830020071542	-195.83298382817503	-178.7756249068433
264	-232.20832042923087	-235.52066295938326	-224.50810107902828
265	513.682774290366	467.76698180648697	493.7214521095694
266	-430.2567228773364	-468.5697832404627	-443.2872421140995
267	-332.687406349583	-356.02941075628087	-331.0943939879992
268	-137.5427160565164	-141.82238515060428	-166.34088992733487
269	249.63136291470715	234.64375201262988	239.59124809429088
270	-214.28650664163348	-223.69613594909393	-187.32248250919702
271	227.04356456908357	216.5114175419216	234.48879347701126
272	-196.69458748858716	-204.48233641806524	-169.81355694388333
273	337.8169442858243	310.49974401782674	330.0581178757826
274	492.88084613755507	448.9965491394868	457.16405908385514
275	-19.7286548435906	-21.13540517774575	-3.9904518734514003
276	-71.82864607251423	-83.00346163519869	-39.903218217743
277	87.03235196055927	88.90116123710526	89.96629910110047
278	334.3977839593645	309.62886906284194	309.058159659478
279	-423.3532280499224	-462.7699679534283	-486.3443994157935
280	220.73223481967412	211.21357672898154	202.46025518852247
281	401.1174365496849	368.4683050740637	394.3083904612024
282	-137.7821075823617	-141.89390289140408	-119.86242677669158
283	-115.26872019933867	-115.8163367272788	-145.3840231532769
284	-168.7263946026205	-171.93726381266856	-149.63224881812818
285	-426.1976463015245	-469.0683821449442	-452.24011440275154
286	10.86429910026002	8.7856949626056	33.010712514325746
287	-277.5038928394886	-294.3260297688216	-271.34707475679124
288	-34.81564426341215	-32.955970486803615	-37.25383027668776
289	-433.47043661749564	-475.26436465118667	-461.25908425420346
290	-272.57128126820226	-284.33863797902035	-261.29756626852276
291	353.635110664364	335.2024435223773	332.58452784839017
292	-454.0957264373932	-507.1523237946534	-477.4256930775354
293	7.930054216345679	8.516157198861691	-17.22463373275255
294	439.56491432814477	404.3162401221844	432.3319074010048
295	248.25529528602198	235.52639640589422	260.14958748449135
296	-440.926999465463	-481.61194035895403	-459.1458429375415
297	304.70839792527534	286.92570777422577	293.1712984735762
298	-191.62216010788433	-205.2640186120255	-205.52168167699082
299	-24.4621112953403	-22.772269978718146	-23.834154787361403
300	87.80181338197762	84.76604444039752	55.54860077935775
301	-341.0434540585133	-353.00285867346815	-347.5081791705829
302	394.42214994170564	361.9849052161605	339.18270990562763
303	-386.6085372191672	-425.0275601111305	-404.3897092391735
304	-251.96124296046986	-261.3967836674958	-230.57263048646183
305	-430.38907640237665	-468.98126001734056	-458.6707622867402
306	-73.53835590197578	-73.03242740101093	-95.21223285465446
307	-381.9717442793281	-410.6921392903027	-375.42051473269987
308	-87.0471869241784	-95.22677721791348	-81.52136756095634
309	453.8994056781446	420.5233777561358	394.44152545578265
310	308.304656947656	285.29247828041827	277.61927749318875
311	-391.0671829083968	-424.17678353715127	-413.5771913380896
312	-328.1008274348647	-347.3339253144085	-351.66018998511726
313	-256.7114663993134	-267.86616107373044	-283.4736260696393
314	-222.64922737013723	-230.26081013307976	-207.47720734106284
315	-380.7267667210064	-411.831805591035	-385.21341961064405
316	114.94675430809477	109.82211230578919	122.23586089338153
317	-103.18240882836868	-103.3941363942224	-130.2436589092449
318	-121.48420787952354	-122.43523013854171	-122.08568341870505
319	136.15982196260686	129.72129297556256	148.51601475924102
320	-446.04028191213547	-487.8932591301475	-509.772696041404
321	-426.9753951252355	-467.27935269491735	-447.954221370874
322	-264.49594608690677	-278.6566796541882	-256.8201996180878
323	-146.6050017958379	-148.5264611418806	-125.6904714233885
324	376.3824309673435	350.05446195827295	326.80229427524927
325	54.171687629667176	54.016534461266005	37.22208848075013
326	-175.9414969473082	-396.2961939532509	-154.18546477423163
327	-144.24611776829886	-150.3981951570742	-151.47461685908553
328	-275.09194995465293	-292.0933112181586	-296.42141823116344
329	252.24840464873398	236.50641279854523	215.32350091793398
330	-138.24178048399904	-143.3957024662383	-129.32229589351525
331	278.1621980054671	259.863654477878	291.45249668351454
332	-333.53472533472336	-354.2567519478074	-323.26584712163844
333	-107.96555374171285	-111.35585931751928	-98.12096423101211
334	-214.1151019034754	-223.45999708923415	-214.56161971498858
335	526.7005396461572	475.119027515001	502.1083958172335
336	219.26624258029574	209.54935417353997	225.55582297689693
337	250.287338409402	235.02983082224947	261.91769635850056
338	-13.639778837442	-14.829932367705098	-24.308757952723276
339	148.64886916391268	165.47335636297072	138.0631004449363
340	184.4592801390857	180.6662067012971	206.41441717886724
341	-193.4405022115699	-198.7766282167739	-165.49841964413892
342	186.68946575942118	179.58323386088273	168.31298230143395
343	-433.0907581390794	-474.7318277469362	-462.26816857364406
344	-81.39619147552938	-83.89257674856051	-72.43800982972543
345	-35.01040980443843	-33.720899150928346	-40.201728676936874
346	-190.53949204425228	-197.50700662798712	-187.3087471864466
347	538.284111797219	487.29299271558517	496.8352561042313
348	534.5361779201189	481.3077008505285	506.05831039993114
349	-321.0308628399096	-342.1046724625469	-352.96555427457866
350	532.4034105639412	478.7336311480481	470.6303103142833
351	-420.8878384743599	-461.77292193269443	-487.17725313758854
352	492.9112693968385	449.1770688690156	442.5441454578779
353	-142.28239545560422	-146.86863626777216	-143.98371100529326
354	553.20456245116	499.50730799976503	518.7471873210587
355	-265.39738995833517	-281.76383969949734	-244.62868832028244
356	-434.89960669325603	-474.9028587065613	-506.7842918086746
357	197.1882942031812	186.30559832455026	180.3139032554266
358	-335.37662215121077	-355.77705520801254	-368.8515895305052
359	-257.5308163012511	-262.71243415431746	-293.26794480246093
360	321.30400045353457	298.97319925978957	293.7108420239015
361	-259.64283999594954	-293.90017921000333	-274.1602708568918
362	-187.40129393812933	-192.07013295256402	-187.02468573400395
363	-122.912737500022	-122.9830441491757	-130.32433256360937
364	164.83287281668402	175.7549224511401	155.82480264802913
365	248.7969585197156	236.54912181088523	226.94769635939286
366	-196.9666550738951	-204.60116072660725	-219.77114573846166
367	-297.69964216537153	-316.40187141795076	-293.0562369455402
368	189.97802458951915	179.9168759533854	184.72690361416113
369	99.42980052949481	93.1552622567089	84.68432225914282
370	-100.25102906805347	-1236.9891838869864	-81.85210037547861
371	464.1623453808018	425.77126484448746	427.86214662006853
372	-125.63280584504122	-128.98953369464382	-122.42443685051937
373	-364.5205415095275	-392.6858499968907	-358.6703802868307
374	-251.04355630121898	-261.2574620130233	-232.03978152417722
375	420.90575389185693	384.87997381898725	410.9634111267133
376	133.6585751143573	121.72910817170234	145.19507271798332
377	-58.948844902958605	-62.7252611545423	-80.72570247661974
378	408.2992927703582	374.7496731596554	348.4412740319493
379	-146.51108409658943	-148.2810344484979	-171.59406114751695
380	346.9087965128314	323.9546294742459	323.54335183122697
381	-118.94558935116679	-121.69734784757263	-95.85603430208718
382	264.3365617076245	247.90855995846405	258.0574352630385
383	210.2430756159878	198.52026357823718	204.19464744318338
384	-380.4296839845795	-411.45380362293156	-383.8759014648624
385	528.7136031038865	480.4678324840849	496.5998352818637
386	68.24982577938482	64.18290336155478	44.162033788882894
387	203.9689634021571	192.5412324034996	188.09129616821065
388	-246.14067053386623	-254.39558080673206	-236.39220401641404
389	-254.0332690470289	-264.8172873244255	-251.88020687314176
390	133.2065019909519	130.22906039516764	137.33059057808248
391	-44.713403943764035	-46.206113570924416	-40.97722109406494
392	-372.7035538546421	-399.7888425701848	-418.8651523681427
393	-6.965371558996152	-8.478262334914582	-33.455806487623164
394	177.93245803608872	167.24292734999298	144.38926254200874
395	-170.23794017737276	-173.6621024347225	-170.73400050154058
396	-256.74591745724985	-267.7958988361022	-250.81975873026295
397	-165.34421501598706	-172.47507976912428	-193.725525263636
398	418.07934785483155	385.6426916745105	371.69914923915195
399	-84.04341529388512	-82.89874999556709	-53.081871643248675
400	-139.36799949365212	-141.0682694951754	-158.17039409494163
401	-22.803086792560208	-21.280568029534752	-44.7597625779005
402	-344.02533182091855	-373.05424724731245	-352.91793096593244
403	453.5100547631545	424.04346773699496	386.2095555917448
404	-449.1266280022239	-495.6134419329314	-492.4342164868102
405	-416.6694145985773	-454.69007114761854	-465.4224206801224
406	-12.042189714533531	-9.604517473690661	-8.280368068720048
407	-23.27574963147739	-22.02383887340769	-5.582804083286554
408	486.47810387261893	443.1310550092836	423.1125644177803
409	-377.4522422314224	-405.62410834178746	-397.7129302447478
410	-202.17793089592496	-209.86920910694676	-222.85882419840343
411	115.33606789643811	158.91788692363764	147.9372399913729
412	-189.49173063352836	-197.01030056452103	-171.60049458844136
413	154.0694626557848	146.89598725247842	164.836795356363
414	-403.17557227162905	-436.1583113911167	-442.54420518481953
415	-127.68022851080518	-128.39715761944663	-156.52852985068296
416	136.3835780665423	129.75024956738932	149.61183805285435
417	-128.32279007370715	-129.61475892995927	-157.59045134854046
418	431.9286706778351	398.06012358084155	408.9248703657344
419	96.77717740785006	91.33226690957329	94.23492930978206
420	-371.00133667470294	-396.91961925370157	-405.22154705577583
421	-25.508413189488703	-27.883677483321847	-55.00788383159052
422	-249.6074966302006	-284.11596683471043	-276.17475227285524
423	-85.72562364017779	-85.38008522990815	-87.49065572887542
424	372.0998970818824	343.3046598655339	372.630962813518
425	-237.23013743346112	-241.93160504055365	-214.53142775835335
426	489.8375669462684	443.66596516048077	443.53799602328746
427	85.91703335398056	84.77363519662264	53.51398336540415
428	-323.5492933212166	-349.2725634852768	-339.7888305613743
429	468.30667790832274	422.5952101827077	445.78407063503374
430	360.69789644933485	335.8146901188205	347.5666862067606
431	-60.38391535326743	-59.587473893978014	-59.902492504560406
432	390.83293465620403	360.3458505496304	353.38648898286556
433	-377.9282173026734	-406.05068384059007	-428.7178782154388
434	548.2340908012313	493.0332958015346	472.6071908787796
435	174.43179918625756	163.59560877652422	176.54703380207616
436	-382.0723554705135	-410.66626152283874	-385.70498886921666
437	211.0851677612434	201.46819356295214	188.4517379897401
438	256.17403303317224	242.50187128191467	222.36423518678473
439	-253.82212832888246	-287.10738481654795	-276.0552952125451
440	402.86710157345453	373.17779819583495	384.3012105058818
441	235.84865503106604	221.05046810111048	239.96948265371594
442	-449.48947221868224	-492.05142349981844	-473.55804595127984
443	-405.1788736638409	-435.5424236182175	-405.38269250990277
444	209.03797406237183	198.0857027224317	194.92039025460573
445	85.20101528140516	84.0980557196968	112.42816373784186
446	440.32696917822875	404.5805663031641	431.4795299116876
447	487.4438753929618	441.57974809385126	472.26633076783565
448	453.7849991616727	419.9238030839978	407.7498426806147
449	-356.8247605833851	-368.87325580872636	-403.36093775774526
450	144.39534100996042	140.42724045580363	114.88089320884352
451	53.662391358825566	53.43993469342888	77.19919549941935
452	314.42982116474695	292.8072330865054	312.2157431759986
453	415.5032804067781	380.8929245119544	376.5888806252757
454	6.646741952395561	2.946639219860189	16.26625382869637
455	54.26822791946109	38.79069288542644	22.458571991011453
456	408.64883547677994	374.7745199149645	384.9358462101816
457	-3.0161355321609298	-4.694569454404004	-15.549134354196278
458	139.68296172174385	135.99902674810963	115.78518998397253
459	-341.0371170940688	-361.8999004249552	-335.43095339194196
460	411.3930951446527	379.8686971318493	412.96948524675054
461	471.35538023487896	430.57550509982866	414.74058165847964
462	72.3790284552643	71.66269739890431	54.49259936314286
463	180.07345063290705	174.3454786768478	154.5801384353444
464	418.7997811930237	386.23088502118185	404.3125123983152
465	505.6992631634441	462.8332093988502	452.8850545247278
466	269.44368907141245	255.34929980250223	227.106318768727
467	-39.174310466504494	-34.87162338029978	-41.446061219191044
468	-124.71421027168131	-128.13696501312052	-156.76904893967912
469	147.42992819579618	139.16263397113576	165.18479084902273
470	12.239267177103583	-109.28521408171946	10.215044920139391
471	-215.76421607821757	-222.50800561453354	-221.1864019546437
472	-447.1814809765458	-492.317166923517	-493.27498730910463
473	-145.30278083348716	-149.69979606098576	-166.0730786246064
474	-335.1460444819202	-355.8577169202363	-352.854767135537
475	-9.775448150643186	-6.863825355237358	10.815708012133854
476	-452.1733110956718	-498.5636448089471	-516.1295101249702
477	-362.6813824830865	-393.2884575666994	-365.6009692420575
478	510.37837187861754	460.97838289753105	487.3870690542898
479	494.71709400111837	554.0774762405205	480.52960859515997
480	-197.0734393130359	-205.55045307998498	-188.5564186945287
481	355.22367002314246	323.47673640858125	312.8783059844112
482	175.21622405385665	166.02002562494005	155.26846542756533
483	-121.78284000573554	-123.08037641896749	-102.80422607893198
484	-152.72832447194574	-154.8823601308609	-177.63957617270736
485	-392.19116742815453	-421.9447468730148	-392.5480794768548
486	-217.9171115305234	-228.6638601989181	-218.41942317265935
487	260.96423107301064	247.2893975552627	248.9132612714403
488	-172.25810240237135	-178.36007530361084	-202.28658682441926
489	-358.2237808882243	-385.9919378042957	-376.1507452118539
490	-255.29113084935545	-269.72141404557664	-283.62990697147285
491	229.4714036267868	215.79605597431328	224.23271307213145
492	-443.42504788543295	-487.88036920743235	-452.2819823107106
493	328.8365489391713	305.266077052702	301.444333830735
494	-268.69609775826524	-278.2849830755362	-303.7729758186449
495	411.6916052095601	380.0306042317498	404.9410850915325
496	-237.45019979574877	-248.4384166309671	-230.04500274040578
497	-136.38785071180786	-140.53184662523762	-117.5280178718682
498	472.20255015125326	421.8804314116549	403.01278011811763
499	-219.32785682114476	-228.8679318465852	-212.88055272375232
