Epoch	Explore_Iteration	MacroPopSize	MicroPopSize	RMSE	Accuracy_Estimate	RuleCount	TreeCount	AveGenerality	ExpRules	Time(min)
1	100	1000	1000	5867750.842462332	1.7042302177188904e-07	0	1000	0.8702499999999996	0.0	1.1199755509694418
2	200	1000	1000	80796.75476488519	1.237658153880535e-05	0	1000	0.8706499999999995	0.0	2.2427612503369647
3	300	1000	1000	660.8458390811151	0.001510925869668331	0	1000	0.8711999999999996	0.0	3.3696051160494487
4	400	998	1000	7302.891135370408	0.0001369133221547238	0	998	0.8710999999999995	0.0	4.462219234307607
5	500	998	1000	316.7786370369797	0.0031468446379031784	0	998	0.8709499999999997	0.0	5.542276064554851
6	600	997	1000	305.96308917501347	0.003257720668265281	0	997	0.8709999999999997	0.0	6.607080670197805
7	700	997	1000	303.49130612870925	0.00328416601680344	0	997	0.8710499999999997	0.0	7.676208766301473
8	800	997	1000	313.94734164202856	0.0031751339598116287	0	997	0.8712499999999995	0.0	8.732043917973836
9	900	997	1000	301.66350170137923	0.0033039993074111818	0	997	0.8712999999999994	0.0	9.77358425060908
10	1000	997	1000	304.78528865664015	0.003270268508969635	0	997	0.8714499999999995	0.0	10.803389533360798
11	1100	997	1000	285.9213580732506	0.003485275570683384	0	997	0.8719999999999994	0.9428284854563691	10.9309720993042
12	1200	995	1000	295.440737283355	0.003373355528542431	0	995	0.8722999999999994	0.942713567839196	11.052592984835307
13	1300	994	1000	300.67485451749707	0.003314827155877522	0	994	0.8721499999999992	0.9436619718309859	11.174532135327658
14	1400	994	1000	254.0599576164986	0.003920646773977645	0	994	0.872399999999999	0.9416498993963782	11.292193686962127
15	1500	993	1000	275.8859175165095	0.0036115957393910232	0	993	0.8727999999999989	0.9425981873111783	11.412183550993602
16	1600	993	1000	297.0918304106353	0.0033546709368802684	0	993	0.8732499999999989	0.9375629405840886	11.538488487402597
17	1700	993	1000	295.91613261901875	0.0033679544158792055	0	993	0.8733999999999987	0.9405840886203424	11.663744783401489
18	1800	993	1000	285.66409874829884	0.0034884033416337744	0	993	0.8742999999999989	0.9365558912386707	11.789959534009297
19	1900	993	1000	289.5415935690803	0.0034418479905605533	0	993	0.8743499999999987	0.9395770392749244	11.914355250199636
20	2000	992	1000	286.154086700617	0.003482450873292243	0	992	0.8746999999999988	0.938508064516129	12.036841102441151
21	2100	992	1000	271.0375390756162	0.0036759632637392648	0	992	0.8751999999999989	0.9405241935483871	12.159203453858693
22	2200	991	1000	281.4971455221074	0.0035398587768092787	0	991	0.8757999999999989	0.941473259334006	12.28023818731308
23	2300	990	1000	283.5293553217216	0.003514575847083634	0	990	0.875849999999999	0.9414141414141414	12.400305783748626
24	2400	988	1000	238.87480977059903	0.004168841242464501	0	988	0.876299999999999	0.9412955465587044	12.518966670831045
25	2500	988	1000	261.766677886907	0.0038056575820104295	0	988	0.8766499999999987	0.9402834008097166	12.638576968510945
26	2600	988	1000	277.09040487553955	0.0035959529076436633	0	988	0.8771499999999989	0.9402834008097166	12.757937737305959
27	2700	988	1000	279.6721101474441	0.0035628762668106747	0	988	0.8774499999999988	0.944331983805668	12.871880165735881
28	2800	988	1000	267.3488399996225	0.0037264927249225552	0	988	0.878049999999999	0.9483805668016194	12.988650333881377
29	2900	988	1000	275.08569143156717	0.0036220638411747176	0	988	0.878649999999999	0.9504048582995951	13.100457266966503
30	3000	987	1000	271.3217783941053	0.0036721264303466597	0	987	0.8795499999999994	0.9493414387031408	13.212050481637318
31	3100	986	1000	255.91284750045884	0.0038923705440546876	0	986	0.8799999999999996	0.949290060851927	13.321479221185049
32	3200	982	1000	262.8607374656731	0.003789877984897601	0	982	0.8809499999999995	0.9501018329938901	13.433981104691822
33	3300	981	1000	260.7083066856905	0.0038210479929511433	0	981	0.8812999999999995	0.9541284403669725	13.54087663491567
34	3400	978	1000	223.28561657066447	0.004458600668602997	0	978	0.8814999999999994	0.9591002044989775	13.643078819910686
35	3500	978	1000	249.805918147991	0.003987146744320196	0	978	0.8816999999999997	0.9631901840490797	13.742224967479705
36	3600	978	1000	264.28690689242086	0.0037695037863497726	0	978	0.8822499999999999	0.9642126789366053	13.842452132701874
37	3700	978	1000	266.7864546882113	0.003734318829398292	0	978	0.8826000000000002	0.9601226993865031	13.941435551643371
38	3800	977	1000	251.84396038479832	0.003955008450580031	0	977	0.8830000000000002	0.9580348004094166	14.044950564702352
39	3900	975	1000	257.65388109348385	0.003866170481465057	0	975	0.8832000000000002	0.958974358974359	14.148886434237163
40	4000	975	1000	256.89222562439136	0.003877588777943449	0	975	0.8833000000000003	0.963076923076923	14.245273764928182
41	4100	972	1000	242.443581309046	0.004107727936891148	0	972	0.8843000000000004	0.9619341563786008	14.344388834635417
42	4200	968	1000	248.28981378590007	0.004011395350709514	0	968	0.8844500000000003	0.9648760330578512	14.442087169488271
43	4300	967	1000	246.8896070837332	0.004034053753863976	0	967	0.8855000000000006	0.9586349534643226	14.54409640232722
44	4400	964	1000	210.6438440239792	0.004724918906153964	0	964	0.8860000000000006	0.9585062240663901	14.641126398245493
45	4500	961	1000	235.868317927979	0.004221754976552225	0	961	0.8865500000000005	0.9583766909469302	14.742055082321167
46	4600	961	1000	247.60113265630758	0.0040225078193127355	0	961	0.8868000000000007	0.9573361082206036	14.841684369246165
47	4700	959	1000	250.5896060504336	0.0039747269996501374	0	959	0.8868500000000007	0.9603753910323254	14.939809584617615
48	4800	958	1000	237.04487154391862	0.004200888653950702	0	958	0.8873000000000009	0.9624217118997912	15.039511100451152
49	4900	956	1000	242.68081594514547	0.004103728872219092	0	956	0.8876000000000008	0.9633891213389121	15.135194702943165
50	5000	953	1000	240.37747829001373	0.0041428885871386285	0	953	0.8883500000000009	0.9569779643231899	15.236426683266957
51	5100	949	1000	228.0982695192261	0.004364939124588539	0	949	0.8886000000000006	0.9652265542676501	15.329800987243653
52	5200	950	1000	233.75655889217174	0.004259731888723584	0	950	0.8891000000000009	0.96	15.427211487293244
53	5300	948	1000	232.02023421816293	0.0042914728128878275	0	948	0.8893500000000009	0.9662447257383966	15.522182933489482
54	5400	946	1000	197.97726998025374	0.0050256996696117036	0	946	0.8900500000000011	0.9608879492600423	15.61845376888911
55	5500	943	1000	222.3584085550871	0.004477109263398826	0	943	0.8903500000000011	0.9639448568398727	15.713716502984365
56	5600	943	1000	234.3447699383666	0.004249085289899944	0	943	0.8905500000000014	0.9660657476139979	15.810325165589651
57	5700	939	1000	236.39797602277372	0.004212335828440548	0	939	0.8911500000000016	0.9616613418530351	15.903798353672027
58	5800	933	1000	223.25202413476998	0.0044592685566977285	0	933	0.8919000000000015	0.9646302250803859	16.000947801272073
59	5900	932	1000	226.76573706596372	0.004390475990295186	0	932	0.8921000000000013	0.9635193133047211	16.09252645174662
60	6000	932	1000	225.04278395333841	0.00442394126682862	0	932	0.8927000000000017	0.9613733905579399	16.18897711833318
61	6100	933	1000	213.39769818175566	0.0046642291800737985	0	933	0.8927000000000017	0.9603429796355841	16.282914018630983
62	6200	932	1000	220.15150647056151	0.004521786968397227	0	932	0.8928500000000017	0.9645922746781116	16.374481916427612
63	6300	929	1000	218.47609342944287	0.004556304900339771	0	929	0.8934000000000016	0.961248654467169	16.467701637744902
64	6400	928	1000	186.2483910091593	0.005340499828119136	0	928	0.893650000000002	0.9644396551724138	16.560243320465087
65	6500	926	1000	209.9072061163706	0.004741421682141283	0	926	0.8938500000000019	0.9632829373650108	16.650533386071523
66	6600	924	1000	219.82962539524365	0.004528377921260281	0	924	0.8939500000000021	0.9664502164502164	16.73973556756973
67	6700	923	1000	223.39431738029688	0.004456440838941698	0	923	0.894550000000002	0.9685807150595883	16.82997133731842
68	6800	924	1000	211.7747498529153	0.0046998057837749525	0	924	0.8950500000000023	0.9653679653679653	16.920794971783955
69	6900	923	1000	216.2402116035721	0.004603199346099131	0	923	0.8951000000000024	0.9664138678223185	17.011365969975788
70	7000	920	1000	214.55335341446596	0.0046392226525801255	0	920	0.8952000000000025	0.9695652173913043	17.098266768455506
71	7100	920	1000	203.23684438039538	0.004896276198517243	0	920	0.8952000000000025	0.9706521739130435	17.183539136250815
72	7200	916	1000	209.48431071167727	0.0047509479287024215	0	916	0.8955000000000026	0.9672489082969432	17.274525785446166
73	7300	914	1000	207.94053668207042	0.00478605069116687	0	914	0.8956000000000025	0.9693654266958425	17.360592901706696
74	7400	912	1000	177.2098855626783	0.005611360990680225	0	912	0.8958500000000027	0.9682017543859649	17.450197569529216
75	7500	910	1000	199.3967488582288	0.004990100915796057	0	910	0.896250000000003	0.967032967032967	17.54000016848246
76	7600	910	1000	208.40828934216867	0.004775360149979648	0	910	0.8965500000000034	0.9626373626373627	17.63209921916326
77	7700	910	1000	211.81438030972186	0.004698930582344288	0	910	0.8966000000000034	0.9637362637362638	17.72241493463516
78	7800	908	1000	200.12258543528742	0.0049720920096353715	0	908	0.8969500000000034	0.9636563876651982	17.817000285784403
79	7900	908	1000	204.21752603214054	0.004872878156826543	0	908	0.8970500000000035	0.9636563876651982	17.908082282543184
80	8000	908	1000	203.0747141927771	0.004900166117862893	0	908	0.8974000000000036	0.9647577092511013	17.998681819438936
81	8100	902	1000	192.38662911009044	0.005170988318074068	0	902	0.8978500000000033	0.9623059866962306	18.090171817938486
82	8200	899	1000	196.06026907015658	0.005074589640613878	0	899	0.898200000000003	0.9621802002224694	18.18395253419876
83	8300	897	1000	194.81956041092286	0.005106742134960996	0	897	0.8985000000000031	0.959866220735786	18.27543131907781
84	8400	897	1000	165.88702711357666	0.005992077498746741	0	897	0.8990000000000038	0.955406911928651	18.37115546862284
85	8500	895	1000	186.7507852931578	0.005326209413391162	0	895	0.899200000000004	0.9553072625698324	18.465440817674
86	8600	895	1000	194.3319125539723	0.005119491162119703	0	895	0.9001000000000042	0.9541899441340782	18.565726319948833
87	8700	891	1000	197.00878292313146	0.005050281029141054	0	891	0.9012500000000045	0.9539842873176206	18.660761217276256
88	8800	891	1000	186.12595702957293	0.0053439940448345305	0	891	0.9014000000000046	0.9528619528619529	18.760931531588238
89	8900	891	1000	190.21381710317024	0.0052297475943406625	0	891	0.901550000000005	0.9528619528619529	18.856211066246033
90	9000	889	1000	187.1781255962547	0.005314113937692995	0	889	0.901650000000005	0.9516310461192351	18.95413103501002
91	9100	887	1000	177.21834052088906	0.005611094778894485	0	887	0.9021000000000055	0.9481397970687712	19.052569234371184
92	9200	888	1000	181.17944899470058	0.00548909333911252	0	888	0.9022500000000055	0.9481981981981982	19.151315100987752
93	9300	885	1000	181.05970070323121	0.005492703745734829	0	885	0.9023000000000054	0.9468926553672317	19.25311195453008
94	9400	881	1000	154.7054305741213	0.006422383575914937	0	881	0.9024500000000053	0.9534619750283768	19.34836681683858
95	9500	876	1000	174.55051863981242	0.005696365967746073	0	876	0.902750000000005	0.9531963470319634	19.44401883284251
96	9600	872	1000	181.6948259390973	0.005473608761823159	0	872	0.903200000000005	0.9598623853211009	19.538400586446127
97	9700	870	1000	184.0381508374862	0.005404290928513827	0	870	0.9036000000000052	0.9620689655172414	19.626664837201435
98	9800	871	1000	174.1684262624745	0.005708791369179671	0	871	0.9038000000000052	0.965556831228473	19.71438244978587
99	9900	871	1000	177.75944420818576	0.005594110031106306	0	871	0.904100000000006	0.9632606199770379	19.80408718585968
100	10000	869	1000	174.60032013936868	0.0056947504378484625	0	869	0.904450000000006	0.9631760644418872	19.891419287522634
101	10100	867	1000	165.62384747894038	0.0060015418868922124	0	867	0.9047500000000062	0.9642445213379469	20.677107032140096
102	10200	866	1000	169.35735283450407	0.005870013729148887	0	866	0.9046500000000063	0.964203233256351	20.763507731755574
103	10300	866	1000	169.77767566233769	0.005855566285942456	0	866	0.9046500000000063	0.9676674364896074	20.846378254890443
104	10400	865	1000	144.98964928204495	0.006849800687362762	0	865	0.9048000000000063	0.9676300578034682	20.928767502307892
105	10500	865	1000	163.53472609664067	0.00607774433837537	0	865	0.9051500000000064	0.9641618497109826	21.015685085455576
106	10600	862	1000	169.83447804105074	0.005853619313073937	0	862	0.9054500000000065	0.9617169373549884	21.104320752620698
107	10700	860	1000	171.98459711201434	0.00578086151423332	0	860	0.9056000000000067	0.9627906976744186	21.189686687787376
108	10800	854	1000	162.02615576506514	0.006133985036371016	0	854	0.9063000000000069	0.9590163934426229	21.28323171933492
109	10900	853	1000	164.67670545934766	0.0060358515533456905	0	853	0.906600000000007	0.9613130128956624	21.37056673367818
110	11000	850	1000	161.00538857070853	0.006172634187186571	0	850	0.9071500000000071	0.96	21.46214260260264
111	11100	850	1000	152.83481290004423	0.0065004791902971955	0	850	0.9071500000000071	0.9647058823529412	21.545937168598176
112	11200	848	1000	157.0401984813456	0.00632750407560413	0	848	0.9075000000000071	0.9622641509433962	21.632536164919536
113	11300	844	1000	156.47675883337834	0.006350143395179167	0	844	0.908000000000007	0.9585308056872038	21.724538401762644
114	11400	843	1000	132.19352677977295	0.0075078723732080205	0	843	0.9084500000000073	0.9549228944246738	21.81308878660202
115	11500	841	1000	149.38344981246263	0.0066496679072534995	0	841	0.9089500000000073	0.9583828775267539	21.901875118414562
116	11600	842	1000	155.11021760982027	0.006405730613350282	0	842	0.9090500000000075	0.9584323040380047	21.991767752170563
117	11700	843	1000	157.91057408961052	0.006292847444098306	0	843	0.9091500000000073	0.9572953736654805	22.078607098261514
118	11800	840	1000	149.52841991658798	0.006643263780714154	0	840	0.9096500000000074	0.9571428571428572	22.170087420940398
119	11900	840	1000	152.56737738446404	0.006511799687094005	0	840	0.9097000000000074	0.9595238095238096	22.260732118288676
120	12000	839	1000	149.46338367129695	0.006646135262946133	0	839	0.9106500000000078	0.9558998808104887	22.350497368971507
121	12100	836	1000	141.91504673213188	0.006997163859690136	0	836	0.9110500000000078	0.9521531100478469	22.44005338350932
122	12200	835	1000	144.1494510237244	0.006889450789838343	0	835	0.9117000000000076	0.9473053892215569	22.538523117701214
123	12300	832	1000	143.37934712186433	0.006926198379023999	0	832	0.9123000000000078	0.9459134615384616	22.63420291741689
124	12400	833	1000	121.37139267815589	0.008171844563623298	0	833	0.9125000000000079	0.943577430972389	22.729979566733043
125	12500	831	1000	137.1906954576095	0.007236377215474349	0	831	0.9128000000000078	0.9422382671480144	22.824794467290243
126	12600	829	1000	142.69184057650293	0.006959337398615827	0	829	0.9131500000000077	0.9433051869722557	22.92353194952011
127	12700	828	1000	145.24041583664973	0.006838054954090107	0	828	0.9134500000000078	0.9444444444444444	23.01382030248642
128	12800	827	1000	136.76637417107577	0.00725866530216015	0	827	0.9136000000000077	0.9480048367593712	23.10789792140325
129	12900	826	1000	138.95683471540147	0.0071450601325292445	0	826	0.9143000000000078	0.9418886198547215	23.207375518480937
130	13000	825	1000	135.58794096910253	0.007321290539303241	0	825	0.9147000000000076	0.9503030303030303	23.297568837801617
131	13100	824	1000	129.3763373005542	0.0076701034919758335	0	824	0.9149000000000076	0.9538834951456311	23.38578438361486
132	13200	821	1000	131.32852676505007	0.007556949544035238	0	821	0.9155500000000075	0.9561510353227771	23.47484796444575
133	13300	817	1000	131.0136242767516	0.007574975730562576	0	817	0.9165500000000076	0.9571603427172583	23.563108201821645
134	13400	815	1000	109.95675790390207	0.009012520002306524	0	815	0.9168000000000074	0.9595092024539877	23.647683783372244
135	13500	811	1000	123.93450993536354	0.008004193561229502	0	811	0.9170500000000074	0.9556103575832305	23.735592087109882
136	13600	809	1000	127.58035737618067	0.007777237677714283	0	809	0.9173000000000076	0.9567367119901112	23.822486182053883
137	13700	807	1000	129.93959744644104	0.007637109167141251	0	807	0.9174000000000072	0.9591078066914498	23.905254566669463
138	13800	805	1000	122.39773919730177	0.008103876185292916	0	805	0.9180500000000074	0.9577639751552796	23.991201635201772
139	13900	803	1000	125.11240144202866	0.007929434286918087	0	803	0.9188000000000077	0.9613947696139477	24.074424568812052
140	14000	799	1000	119.49128093806115	0.008299355706194646	0	799	0.9190500000000077	0.9599499374217773	24.15697211821874
141	14100	796	1000	113.45339152193955	0.008737181019299984	0	796	0.9191500000000077	0.957286432160804	24.24161634842555
142	14200	792	1000	113.58550051757834	0.008727107666179736	0	792	0.9196500000000077	0.9595959595959596	24.32720156510671
143	14300	787	1000	112.94361326566039	0.008776270747781997	0	787	0.9203500000000077	0.9606099110546379	24.412479201952618
144	14400	786	1000	95.38212476907019	0.010375367864072116	0	786	0.9207000000000076	0.9567430025445293	24.494189767042794
145	14500	783	1000	107.23959721556042	0.009238763130358738	0	783	0.9211000000000074	0.9616858237547893	24.57702622016271
146	14600	779	1000	109.0542816463963	0.009086425217085088	0	779	0.9216000000000072	0.9563543003851092	24.66216886440913
147	14700	778	1000	110.66964202861081	0.008954985274724806	0	778	0.9218000000000072	0.9537275064267352	24.74400718609492
148	14800	777	1000	103.73174511300428	0.009548203354398536	0	777	0.921900000000007	0.9575289575289575	24.828089686234794
149	14900	776	1000	106.30714709551248	0.009319043764250997	0	776	0.9227000000000073	0.9587628865979382	24.91232771873474
150	15000	774	1000	101.05330795180456	0.009798800451154974	0	774	0.9230000000000073	0.9573643410852714	24.993523768583934
151	15100	772	1000	95.41406108605939	0.01037193111394196	0	772	0.9237000000000075	0.9520725388601037	25.079442584514616
152	15200	768	1000	94.7792193580851	0.01044067812101651	0	768	0.9239500000000078	0.953125	25.16523716847102
153	15300	766	1000	95.6489400430904	0.010346724956881631	0	766	0.9239500000000078	0.9516971279373369	25.250013236204783
154	15400	764	1000	80.74075279884853	0.012233799735865497	0	764	0.9241000000000078	0.9554973821989529	25.3323375026385
155	15500	763	1000	91.19115098310478	0.010847028042672588	0	763	0.9244500000000075	0.9515072083879423	25.416812884807587
156	15600	764	1000	92.02896402852775	0.010749340384929423	0	764	0.9248000000000077	0.9502617801047121	25.504262602329256
157	15700	763	1000	94.19235718933278	0.010505045042755382	0	763	0.9250500000000073	0.9501965923984272	25.585765953858694
158	15800	760	1000	86.77735145172578	0.011392460395093626	0	760	0.9256500000000077	0.9394736842105263	25.67591191927592
159	15900	758	1000	86.94781352340242	0.011370379318570616	0	758	0.9259000000000076	0.9406332453825857	25.76341516971588
160	16000	758	1000	81.12307014615999	0.012176846265248393	0	758	0.9263500000000079	0.9366754617414248	25.853035616874696
161	16100	758	1000	77.34485337031101	0.012764080306249608	0	758	0.9266000000000082	0.9406332453825857	25.94167414903641
162	16200	752	1000	75.73922246470991	0.013031145845396991	0	752	0.9275000000000082	0.9348404255319149	26.03455888827642
163	16300	751	1000	77.06272070585541	0.012810211980287678	0	751	0.9278000000000082	0.9374167776298269	26.124562736352285
164	16400	749	1000	64.27735613488203	0.015319247886414223	0	749	0.9279500000000084	0.9359145527369827	26.21421062151591
165	16500	747	1000	73.33573757064664	0.013452479691206769	0	747	0.9284000000000086	0.9384203480589023	26.303280786673227
166	16600	747	1000	73.34349883133773	0.013451075288623273	0	747	0.9284500000000085	0.9410977242302544	26.392556055386862
167	16700	746	1000	75.43353777214946	0.013083261996599297	0	746	0.9289500000000088	0.938337801608579	26.479324718316395
168	16800	745	1000	68.71453534918376	0.014344210930923293	0	745	0.9293000000000086	0.9476510067114094	26.5700941880544
169	16900	740	1000	70.36055033547775	0.014013344842477175	0	740	0.9302500000000086	0.9486486486486486	26.65445772012075
170	17000	741	1000	63.99199308200806	0.015386510746611234	0	741	0.9306500000000087	0.9473684210526315	26.740203583240508
171	17100	739	1000	62.02132911167117	0.015867643765939014	0	739	0.9314000000000089	0.9485791610284168	26.822260133425395
172	17200	734	1000	59.87366520431777	0.016427464924997977	0	734	0.9317500000000087	0.9509536784741145	26.90702811876933
173	17300	732	1000	60.488566281442445	0.01626318615761586	0	732	0.932250000000009	0.9453551912568307	26.993013087908427
174	17400	730	1000	50.80867873971743	0.019301785421394713	0	730	0.9324500000000089	0.947945205479452	27.074874114990234
175	17500	726	1000	57.775639427349574	0.01701385148239967	0	726	0.9328000000000086	0.9449035812672176	27.160538649559022
176	17600	724	1000	55.249308994836056	0.01777799617221617	0	724	0.9337500000000084	0.9406077348066298	27.249831449985503
177	17700	724	1000	57.575054914945184	0.01707211374282219	0	724	0.9337500000000084	0.9447513812154696	27.330134284496307
178	17800	723	1000	53.175684032845375	0.018458465598583395	0	723	0.9338500000000083	0.950207468879668	27.41294340292613
179	17900	723	1000	54.9754151562105	0.017864985855116956	0	723	0.9340000000000086	0.9488243430152143	27.495208835601808
180	18000	720	1000	49.16310401874224	0.01993497052388094	0	720	0.9342000000000087	0.9555555555555556	27.57994196812312
181	18100	717	1000	47.73665372719482	0.02051843783936288	0	717	0.9345000000000085	0.9539748953974896	27.663780434926352
182	18200	716	1000	44.0497119611171	0.022197700195355545	0	716	0.9346000000000083	0.9539106145251397	27.744683436552684
183	18300	712	1000	46.29600191758404	0.021143436219885067	0	712	0.9351000000000083	0.9536516853932584	27.824554534753165
184	18400	711	1000	38.53942593432605	0.025291211907349738	0	711	0.9355500000000082	0.9549929676511955	27.90163908402125
185	18500	713	1000	44.00375259282646	0.02222036924448382	0	713	0.9357500000000081	0.9509116409537167	27.983261752128602
186	18600	710	1000	41.28273696818097	0.023650313856279692	0	710	0.9361000000000078	0.956338028169014	28.063776882489524
187	18700	709	1000	43.64940740834799	0.022396713820955046	0	709	0.9363000000000079	0.9548660084626234	28.139626117547355
188	18800	709	1000	39.65409689640201	0.024597766924900073	0	709	0.9362000000000079	0.9506346967559943	28.220617520809174
189	18900	706	1000	41.7095649151518	0.023413958957124295	0	706	0.9366000000000075	0.9518413597733711	28.299034551779428
190	19000	703	1000	35.642382761118945	0.02729080165226305	0	703	0.9372500000000072	0.9530583214793741	28.37840613524119
191	19100	701	1000	35.356293925354265	0.027505553840365914	0	701	0.9374500000000073	0.9543509272467903	28.45696608622869
192	19200	699	1000	32.56789647078786	0.029790368332142603	0	699	0.9379000000000077	0.9542203147353362	28.533327333132426
193	19300	693	1000	34.35619238337169	0.028283588604702474	0	693	0.9389000000000077	0.950937950937951	28.615910518169404
194	19400	691	1000	28.000536878800702	0.03448212025105634	0	691	0.9390500000000075	0.9507959479015919	28.693399202823638
195	19500	684	1000	31.63504139290664	0.030641909962993152	0	684	0.9395000000000071	0.9576023391812866	28.771869202454884
196	19600	683	1000	28.067552889920034	0.034402620811839216	0	683	0.9396500000000072	0.95900439238653	28.846239666144054
197	19700	680	1000	30.212313165680666	0.03203863791484524	0	680	0.9402000000000073	0.9529411764705882	28.920103800296783
198	19800	676	1000	26.757562612792356	0.03602621793381598	0	676	0.9404500000000069	0.9526627218934911	28.99969616731008
199	19900	674	1000	27.982087287015787	0.0345040710869713	0	674	0.940600000000007	0.9510385756676558	29.074945203463237
200	20000	672	1000	23.50450631616424	0.04080882051234619	0	672	0.940800000000007	0.9538690476190477	29.148461202780407
201	20100	669	1000	23.188821972314933	0.04134140972820172	0	669	0.941150000000007	0.9476831091180867	29.225790750980376
202	20200	669	1000	20.042274190844513	0.04752338035948128	0	669	0.9415500000000071	0.9491778774289985	29.306117149194083
203	20300	668	1000	22.2799841762485	0.04295535565785539	0	668	0.9422500000000072	0.937125748502994	29.394403803348542
204	20400	667	1000	19.497882545140843	0.04878552688541268	0	667	0.9424500000000073	0.9400299850074962	29.471949819723765
205	20500	667	1000	21.232490657864126	0.044979216021677614	0	667	0.942550000000007	0.9340329835082459	29.55522313515345
206	20600	666	1000	18.850406093706532	0.05037680313840254	0	666	0.9426500000000071	0.9324324324324325	29.64158614873886
207	20700	663	1000	20.76862768670698	0.04593766839104195	0	663	0.9430000000000072	0.9351432880844646	29.724027450879415
208	20800	662	1000	20.616664215993733	0.046260606632364684	0	662	0.9431000000000072	0.9365558912386707	29.80850200255712
209	20900	660	1000	21.146090957725015	0.045154695783960884	0	660	0.9433500000000073	0.9333333333333333	29.891695551077525
210	21000	662	1000	21.302647123967642	0.04483772686002575	0	662	0.9436500000000073	0.9244712990936556	29.977639051278434
211	21100	661	1000	19.436436774946454	0.04893220922083273	0	661	0.943800000000007	0.9319213313161876	30.06478302081426
212	21200	658	1000	18.372312937373138	0.05162006226271496	0	658	0.9439500000000066	0.9331306990881459	30.150780483086905
213	21300	657	1000	19.75454125990982	0.04818222611991112	0	657	0.9439500000000064	0.9497716894977168	30.23304758469264
214	21400	657	1000	18.819108062698703	0.050456357412071814	0	657	0.9443000000000066	0.9406392694063926	30.31369121869405
215	21500	655	1000	19.37558447333643	0.04907834674919897	0	655	0.9445000000000062	0.9465648854961832	30.392643801371257
216	21600	653	1000	19.890520948525257	0.04786860042715181	0	653	0.944400000000006	0.9509954058192955	30.47037084897359
217	21700	653	1000	20.299051432165164	0.04695044768471854	0	653	0.9445500000000062	0.9479326186830015	30.54624596834183
218	21800	654	1000	22.33789099320542	0.04284877327994802	0	654	0.9446000000000067	0.9403669724770642	30.62975203593572
219	21900	650	1000	22.470590524139066	0.042606512135752124	0	650	0.9454500000000065	0.9338461538461539	30.716938849290212
220	22000	650	1000	27.356431604916104	0.03526536815114042	0	650	0.9459500000000061	0.9307692307692308	30.80477075179418
221	22100	648	1000	23.60566089271472	0.04064105428259728	0	648	0.9461000000000058	0.9305555555555556	30.88736375172933
222	22200	646	1000	24.2746496940774	0.03956533570609011	0	646	0.9463000000000058	0.9256965944272446	30.979340851306915
223	22300	648	1000	23.494770990625877	0.04082503977615055	0	648	0.946300000000006	0.9274691358024691	31.06537956794103
224	22400	645	1000	22.138941853536405	0.0432171879911253	0	645	0.946350000000006	0.9271317829457364	31.15371861855189
225	22500	646	1000	22.40692441457537	0.042722400529362374	0	646	0.9464000000000061	0.9226006191950464	31.240248052279153
226	22600	645	1000	24.92973546417873	0.03856576174413636	0	645	0.9468000000000056	0.9224806201550387	31.328296101093294
227	22700	646	1000	24.483604497552555	0.039240916648821796	0	646	0.9468500000000055	0.9210526315789473	31.414781483014426
228	22800	646	1000	27.52342225869001	0.035058906709391706	0	646	0.9468500000000055	0.9318885448916409	31.50102336804072
229	22900	646	1000	25.88192996010565	0.037199710046267445	0	646	0.9468500000000055	0.9427244582043344	31.579184651374817
230	23000	649	1000	30.738625959284125	0.03150735010654996	0	649	0.9469000000000057	0.9506933744221879	31.654289702574413
231	23100	649	1000	26.396706804280928	0.03650073737489292	0	649	0.9469000000000057	0.9522342064714946	31.72901841799418
232	23200	648	1000	27.75721005506884	0.03477388794271219	0	648	0.9471500000000055	0.9598765432098766	31.805426001548767
233	23300	647	1000	26.10623834596189	0.03689187659448783	0	647	0.9473000000000052	0.955177743431221	31.883852569262185
234	23400	646	1000	24.201399719838722	0.03968033566059399	0	646	0.9473000000000051	0.9628482972136223	31.95632346868515
235	23500	645	1000	24.475187088837675	0.03925388247445549	0	645	0.9475000000000051	0.9534883720930233	32.03521715402603
236	23600	644	1000	27.266633199789556	0.03537740037633647	0	644	0.9476500000000051	0.953416149068323	32.11024670203527
237	23700	646	1000	26.152521194594655	0.036828992520925585	0	646	0.9477000000000054	0.9489164086687306	32.18655426899592
238	23800	646	1000	29.54442411168218	0.03273919967662886	0	646	0.9477000000000054	0.9458204334365325	32.26605916420619
239	23900	644	1000	27.42281709173951	0.03518300092395236	0	644	0.9477000000000052	0.937888198757764	32.346763881047565
240	24000	644	1000	32.677981998902744	0.029692990513284934	0	644	0.9478500000000052	0.9394409937888198	32.42855021556218
241	24100	645	1000	28.018522086643447	0.0344607487939669	0	645	0.9478500000000054	0.9333333333333333	32.51223286787669
242	24200	645	1000	29.718317859732032	0.03255386589090798	0	645	0.9478500000000054	0.937984496124031	32.59455271561941
243	24300	645	1000	27.763289147779233	0.03476653851589182	0	645	0.9478500000000056	0.9426356589147287	32.67463260094325
244	24400	644	1000	25.53762539774694	0.03768234666862472	0	644	0.9478500000000056	0.9409937888198758	32.754411967595416
245	24500	643	1000	25.873461469283246	0.03721143259282078	0	643	0.9478500000000054	0.9517884914463453	32.83251631657283
246	24600	643	1000	28.32876000737433	0.034096224993779595	0	643	0.947900000000006	0.9440124416796267	32.91270900170009
247	24700	643	1000	26.841805193490547	0.0359172112961196	0	643	0.9479000000000058	0.9486780715396579	32.99230425357818
248	24800	642	1000	29.7944037509605	0.03247343277327814	0	642	0.9479000000000055	0.9470404984423676	33.07347905238469
249	24900	641	1000	27.739534165280684	0.03479527518605601	0	641	0.9479000000000055	0.9516380655226209	33.150653251012166
250	25000	641	1000	33.20067439007226	0.02923918951406055	0	641	0.9479000000000053	0.9547581903276131	33.2237339536349
251	25100	641	1000	28.37311868456776	0.034044733578984465	0	641	0.9479000000000053	0.9578783151326054	33.983090086778006
252	25200	641	1000	29.506046199180002	0.0327803869918377	0	641	0.9479000000000053	0.9563182527301092	34.05599688688914
253	25300	642	1000	27.24840652905301	0.035400226875505945	0	642	0.9479000000000053	0.956386292834891	34.13283040126165
254	25400	643	1000	25.082073042191205	0.03834051067882402	0	643	0.9479000000000053	0.9580093312597201	34.20535561641057
255	25500	643	1000	25.389525162666946	0.037893823167939836	0	643	0.9479000000000053	0.9580093312597201	34.28013786872228
256	25600	644	1000	28.043610212519923	0.03443098129615191	0	644	0.9479000000000055	0.9596273291925466	34.355920334657036
257	25700	641	1000	26.359133970566504	0.03655086455133484	0	641	0.9479000000000055	0.9656786271450858	34.42505116462708
258	25800	642	1000	29.394603495581634	0.03290057724047517	0	642	0.9479000000000056	0.9672897196261683	34.49669721523921
259	25900	648	1000	27.993693476646648	0.034490259090497154	0	648	0.9479000000000063	0.9567901234567902	34.57493189970652
260	26000	648	1000	33.41278220094853	0.02905896983744711	0	648	0.9479000000000063	0.9567901234567902	34.64693605105082
261	26100	646	1000	28.627446653862975	0.033752486729045045	0	646	0.9479000000000063	0.958204334365325	34.72133518457413
262	26200	648	1000	29.700484352482967	0.032572776003096604	0	648	0.9479000000000061	0.9521604938271605	34.80005791982015
263	26300	648	1000	27.58029539688249	0.03498914150863112	0	648	0.947900000000006	0.9583333333333334	34.87307523488998
264	26400	646	1000	25.413002565673732	0.037860140948140344	0	646	0.9479000000000058	0.9613003095975232	34.9444020708402
265	26500	645	1000	25.701284605373857	0.037451381638722414	0	645	0.948050000000006	0.9503875968992248	35.02244081894557
266	26600	648	1000	28.936720945872555	0.033403792012093175	0	648	0.9480500000000058	0.9444444444444444	35.10830758412679
267	26700	649	1000	27.20987002964923	0.03544858586547817	0	649	0.9481000000000062	0.9352850539291218	35.188895018895465
268	26800	652	1000	30.27594157088897	0.03197345786483948	0	652	0.9481000000000063	0.9309815950920245	35.276138202349344
269	26900	653	1000	28.40094848097965	0.03401250815588245	0	653	0.9481000000000065	0.9356814701378254	35.36251035133998
270	27000	651	1000	33.49995969823905	0.028985541106328946	0	651	0.9481500000000065	0.9262672811059908	35.45012713273366
271	27100	648	1000	28.610144820979077	0.03377220901977792	0	648	0.9481500000000064	0.9259259259259259	35.535417151451114
272	27200	646	1000	29.69166373554959	0.032582137241446395	0	646	0.9481500000000064	0.9287925696594427	35.624512167771655
273	27300	645	1000	27.41397853984681	0.035193945071705944	0	645	0.9481500000000063	0.9286821705426357	35.70882241725921
274	27400	647	1000	25.57023647843896	0.03763609709727173	0	647	0.9481500000000065	0.9227202472952086	35.79588549931844
275	27500	646	1000	26.145231595378352	0.0368388826039803	0	646	0.9481500000000064	0.9380804953560371	35.8807183821996
276	27600	644	1000	29.127119970351334	0.033192684896004625	0	644	0.9483000000000061	0.9518633540372671	35.95828111966451
277	27700	641	1000	27.620323849438996	0.03494020561264898	0	641	0.948300000000006	0.9578783151326054	36.030850851535796
278	27800	644	1000	30.44517939937172	0.03180137684378993	0	644	0.948300000000006	0.9580745341614907	36.10826747020086
279	27900	644	1000	28.524357458642427	0.03387033913949846	0	644	0.9483000000000058	0.9658385093167702	36.181379135449724
280	28000	642	1000	34.15846000468185	0.028442656472064926	0	642	0.9483000000000057	0.9766355140186916	36.24953668117523
281	28100	643	1000	29.034103913275	0.033295483124369245	0	643	0.9483000000000057	0.9751166407465007	36.315856234232584
282	28200	642	1000	30.48197771100205	0.03176420519637585	0	642	0.9483000000000057	0.9797507788161994	36.38057595491409
283	28300	640	1000	28.23409229705432	0.034206637573651014	0	640	0.9483000000000055	0.9765625	36.44692393541336
284	28400	643	1000	25.954460554578812	0.03709961095215196	0	643	0.9483500000000054	0.9751166407465007	36.514723034699756
285	28500	641	1000	26.519386915260576	0.036338018833023525	0	641	0.9484500000000056	0.9641185647425897	36.586345581213635
286	28600	643	1000	29.310747157093306	0.03299159848542303	0	643	0.9485500000000058	0.9580093312597201	36.66142539978027
287	28700	644	1000	27.783278695404693	0.034742393685666256	0	644	0.948550000000006	0.9565217391304348	36.73190523386002
288	28800	645	1000	30.867075814007578	0.03138035023472211	0	645	0.9486000000000059	0.9550387596899225	36.80915110111236
289	28900	646	1000	29.18378677070171	0.03313036921433143	0	646	0.9486000000000062	0.955108359133127	36.88535645008087
290	29000	646	1000	34.725975780664875	0.0279908379868859	0	646	0.9486500000000064	0.9473684210526315	36.96406430403392
291	29100	644	1000	29.604848964044	0.03267456085716504	0	644	0.9486500000000061	0.9487577639751553	37.04169306755066
292	29200	643	1000	31.35811752748218	0.030904146359895218	0	643	0.9487000000000061	0.9440124416796267	37.123305102189384
293	29300	645	1000	28.91617527641751	0.03342673288815384	0	645	0.9488500000000065	0.9333333333333333	37.207828267415366
294	29400	643	1000	26.32160714710767	0.036601067961181864	0	643	0.9488500000000065	0.9346811819595645	37.291262817382815
295	29500	641	1000	26.809428265707144	0.03595902765225626	0	641	0.9488500000000064	0.9438377535101404	37.37131008307139
296	29600	640	1000	29.839044534686824	0.03242642614544138	0	640	0.9489000000000063	0.9484375	37.45024181604386
297	29700	640	1000	28.102095744737216	0.03436178647652338	0	640	0.9489000000000064	0.946875	37.526574651400246
298	29800	644	1000	31.555385568544406	0.030716883935978254	0	644	0.9489500000000067	0.9440993788819876	37.60945890347163
299	29900	648	1000	29.508985682967086	0.032777228662776936	0	648	0.948950000000007	0.9367283950617284	37.69345421791077
300	30000	645	1000	34.8328464545329	0.027907355930231963	0	645	0.948950000000007	0.937984496124031	37.77603155374527
301	30100	645	1000	29.2686086778825	0.0330375277781006	0	645	0.9489500000000071	0.931782945736434	38.545815885066986
302	30200	645	1000	30.582743607763884	0.03166286033978927	0	645	0.9489500000000071	0.9348837209302325	38.62945548295975
303	30300	641	1000	28.171978676743745	0.03427947110071118	0	641	0.9489500000000068	0.9485179407176287	38.70991860230764
304	30400	642	1000	25.66830324369637	0.03749769870478624	0	642	0.9489500000000067	0.9470404984423676	38.78781971534093
305	30500	643	1000	26.41655411897	0.03647431386383025	0	643	0.9489500000000068	0.9471228615863142	38.8637377500534
306	30600	646	1000	29.579885784511273	0.03270123397604384	0	646	0.9490000000000068	0.9458204334365325	38.94362926880519
307	30700	646	1000	27.945521871740088	0.034547658336618686	0	646	0.949050000000007	0.9427244582043344	39.0229482849439
308	30800	648	1000	31.1763399469063	0.031078736787654694	0	648	0.9490500000000069	0.9367283950617284	39.11568560202917
309	30900	648	1000	28.97347650010698	0.03336282996723556	0	648	0.949100000000007	0.9382716049382716	39.202637418111166
310	31000	647	1000	34.61507252906833	0.028077999818302196	0	647	0.9491000000000068	0.9227202472952086	39.29914618333181
311	31100	650	1000	29.34984048689311	0.032949102333235	0	650	0.9491000000000067	0.9230769230769231	39.38608551820119
312	31200	650	1000	30.852307023869418	0.03139490019516081	0	650	0.9491000000000065	0.9230769230769231	39.4754074494044
313	31300	648	1000	28.54730793068628	0.03384403081139763	0	648	0.9491000000000065	0.9120370370370371	39.571983369191486
314	31400	649	1000	26.0827343998269	0.03692389347533503	0	649	0.9491000000000065	0.9152542372881356	39.66185870170593
315	31500	650	1000	26.632759383870336	0.036188930179145096	0	650	0.9491000000000066	0.9123076923076923	39.75364485184352
316	31600	654	1000	29.69706267588826	0.03257640675781901	0	654	0.9491500000000066	0.9051987767584098	39.85185095469157
317	31700	654	1000	27.82281813937994	0.03469473370592182	0	654	0.9491500000000067	0.9067278287461774	39.94568761587143
318	31800	654	1000	30.977212750310994	0.03127226903133622	0	654	0.9491500000000067	0.9113149847094801	40.04693986972173
319	31900	655	1000	28.637507558298665	0.03374102893210379	0	655	0.9491500000000066	0.9099236641221374	40.14250453313192
320	32000	654	1000	33.7758706679534	0.02875557048012369	0	654	0.9491500000000063	0.918960244648318	40.23646926879883
321	32100	659	1000	28.868594871742758	0.03347998137488724	0	659	0.9491500000000067	0.9074355083459787	40.337668001651764
322	32200	661	1000	30.477858892699373	0.0317683614825508	0	661	0.9491500000000067	0.9046898638426626	40.4345210035642
323	32300	662	1000	28.436796445198528	0.033971087915822144	0	662	0.9491500000000067	0.9108761329305136	40.53040638367335
324	32400	662	1000	25.743813802977737	0.03739182479234345	0	662	0.9491500000000068	0.9078549848942599	40.62758872111638
325	32500	661	1000	26.241403482320113	0.03670882818680792	0	661	0.9492000000000066	0.9092284417549168	40.72353231906891
326	32600	661	1000	29.09540527247695	0.03322766352359198	0	661	0.9492000000000071	0.9092284417549168	40.82599875132243
327	32700	655	1000	27.203013934828213	0.03545720334396917	0	655	0.9493000000000065	0.9068702290076336	40.92159146865209
328	32800	656	1000	30.48402360801124	0.03176214109258722	0	656	0.9493000000000064	0.913109756097561	41.01841368277868
329	32900	659	1000	28.576924043857595	0.03381014193758514	0	659	0.9493000000000066	0.9165402124430956	41.111639535427095
330	33000	661	1000	34.32618028177492	0.028307617523989952	0	661	0.9493000000000069	0.9198184568835098	41.201659234364826
331	33100	658	1000	28.976518364105573	0.0333594444776288	0	658	0.9493000000000067	0.9331306990881459	41.289284869035086
332	33200	660	1000	30.111407095448083	0.03214255134562236	0	660	0.9493000000000068	0.9272727272727272	41.381260402997334
333	33300	660	1000	27.87381145973427	0.034633460199549396	0	660	0.9493500000000066	0.9318181818181818	41.46843433380127
334	33400	659	1000	25.436140268116176	0.03782700461784391	0	659	0.9494000000000068	0.928679817905918	41.55574230353037
335	33500	658	1000	25.805504115180703	0.03730577107235496	0	658	0.9494000000000067	0.9300911854103343	41.64240913391113
336	33600	656	1000	28.50614912034793	0.033891240633308645	0	656	0.9494500000000069	0.9375	41.731938815116884
337	33700	656	1000	26.92870549820472	0.03580545471626964	0	656	0.9494500000000066	0.9435975609756098	41.812971365451816
338	33800	655	1000	30.20045051029018	0.032050819255644764	0	655	0.9494500000000066	0.9374045801526718	41.902789481480916
339	33900	658	1000	27.93992645153955	0.03455433798957709	0	658	0.9494500000000066	0.9376899696048632	41.986316816012064
340	34000	656	1000	32.84163012327687	0.02954940398430105	0	656	0.9494500000000066	0.9420731707317073	42.072664149602254
341	34100	652	1000	27.960635349714774	0.03452962919923815	0	652	0.9494500000000065	0.9432515337423313	42.155016819636025
342	34200	651	1000	29.101879529585254	0.033220516978588084	0	651	0.9495000000000062	0.9447004608294931	42.2395094037056
343	34300	650	1000	26.926976675712645	0.03580767125679142	0	650	0.9495000000000062	0.9461538461538461	42.32050606807073
344	34400	647	1000	24.619709965257975	0.039032448117331	0	647	0.9495000000000061	0.9567233384853169	42.39938195149104
345	34500	643	1000	25.048617900683574	0.038389752723646725	0	643	0.9495000000000059	0.9564541213063764	42.47598920265833
346	34600	642	1000	27.547486847406667	0.03502935320875164	0	642	0.9495000000000058	0.9610591900311527	42.550538098812105
347	34700	641	1000	25.93907005525692	0.03712080624716512	0	641	0.9495000000000057	0.9547581903276131	42.62621318499247
348	34800	640	1000	29.10633540436685	0.033215600190747645	0	640	0.9495500000000058	0.959375	42.70396709839503
349	34900	639	1000	27.0485040935544	0.03565252523501965	0	639	0.9495500000000059	0.9624413145539906	42.77714646657308
350	35000	640	1000	31.828972271281955	0.03046089873714315	0	640	0.949550000000006	0.9625	42.8501021027565
351	35100	639	1000	27.050231942046782	0.03565032909767204	0	639	0.9495500000000061	0.9593114241001565	42.924781735738115
352	35200	638	1000	28.31387765966277	0.03411353528898858	0	638	0.9495500000000061	0.9592476489028213	43.0003078699112
353	35300	636	1000	26.589206359114495	0.03624605894723881	0	636	0.9495500000000059	0.960691823899371	43.073084302743275
354	35400	636	1000	24.323191179096312	0.0394894937580172	0	636	0.9495500000000058	0.9559748427672956	43.14718629916509
355	35500	635	1000	25.13262692082361	0.03826634050337881	0	635	0.9495500000000058	0.952755905511811	43.22382788260778
356	35600	633	1000	27.581588959051796	0.03498755794972343	0	633	0.9496000000000051	0.9462875197472354	43.30323598384857
357	35700	630	1000	26.179009521312697	0.036793099440060165	0	630	0.9496500000000052	0.9492063492063492	43.379593368371324
358	35800	627	1000	29.360457458690213	0.03293758011916139	0	627	0.9496500000000052	0.94896331738437	43.455243217945096
359	35900	626	1000	27.287431539472703	0.035351389135651466	0	626	0.9496500000000051	0.9488817891373802	43.53285851875941
360	36000	621	1000	32.0666968927397	0.030241907839895714	0	621	0.9496500000000051	0.9500805152979066	43.60920638243358
361	36100	621	1000	27.11618047471841	0.03556670867506997	0	621	0.9496500000000052	0.9468599033816425	43.6840287009875
362	36200	621	1000	28.302111784068664	0.034127233128080976	0	621	0.9496500000000049	0.9468599033816425	43.761667434374495
363	36300	621	1000	26.422942529439695	0.03646581685851026	0	621	0.9496500000000049	0.9404186795491143	43.83952736854553
364	36400	618	1000	23.933602172256464	0.040106519430742206	0	618	0.9496500000000049	0.9433656957928802	43.915903834501904
365	36500	616	1000	24.15122655845057	0.0397594923522332	0	616	0.9496500000000048	0.9496753246753247	43.990545467535654
366	36600	618	1000	26.321440346406508	0.036601291415133116	0	618	0.9496500000000049	0.9514563106796117	44.06480103333791
367	36700	619	1000	25.02790722738376	0.038420299844464934	0	619	0.949650000000005	0.9531502423263328	44.136106884479524
368	36800	621	1000	28.37371386062147	0.03404404375779681	0	621	0.9496500000000051	0.9533011272141707	44.21114286979039
369	36900	620	1000	26.553913153585633	0.03629248573246187	0	620	0.9496500000000052	0.9596774193548387	44.281344834963484
370	37000	620	1000	31.4930113074278	0.03077584870600784	0	620	0.9496500000000052	0.9483870967741935	44.36312743425369
371	37100	620	1000	26.81840924758028	0.03594741852778597	0	620	0.9496500000000053	0.9564516129032258	44.436925649642944
372	37200	619	1000	27.898216186228215	0.034604212023182306	0	619	0.9496500000000054	0.9579967689822294	44.51060936848322
373	37300	618	1000	26.06130198083937	0.036953137018612234	0	618	0.9496500000000055	0.9563106796116505	44.58268650372823
374	37400	619	1000	23.98344386586088	0.040026507369004864	0	619	0.9496500000000054	0.9515347334410339	44.65642637014389
375	37500	620	1000	24.327555933261067	0.03948268844554258	0	620	0.9496500000000057	0.9435483870967742	44.73259824911754
376	37600	621	1000	26.60143111217141	0.03623000546370328	0	621	0.9496500000000058	0.9420289855072463	44.81165496905645
377	37700	620	1000	24.97259543874969	0.038502120527702625	0	620	0.9496500000000059	0.9387096774193548	44.89198489983877
378	37800	619	1000	28.154619846749664	0.03429988129690829	0	619	0.9496500000000058	0.9402261712439418	44.971678932507835
379	37900	619	1000	26.316906992850885	0.03660736555063537	0	619	0.9496500000000055	0.9402261712439418	45.0490481376648
380	38000	617	1000	31.01197029959285	0.031238314625473673	0	617	0.9496500000000055	0.9546191247974068	45.12345818281174
381	38100	614	1000	26.009479545425748	0.037024038109218484	0	614	0.9496500000000054	0.9446254071661238	45.20286943515142
382	38200	612	1000	27.026692457110233	0.035680271638557366	0	612	0.9496500000000054	0.9428104575163399	45.28330320119858
383	38300	616	1000	25.562569974979144	0.037646959648180094	0	616	0.9496500000000053	0.939935064935065	45.362147684892015
384	38400	616	1000	23.656008927165573	0.040558064484565344	0	616	0.9496500000000053	0.9448051948051948	45.4387372692426
385	38500	615	1000	24.071103495595004	0.0398865570546466	0	615	0.9496500000000054	0.9512195121951219	45.51303255160649
386	38600	615	1000	26.32777924281839	0.03659280145359031	0	615	0.9496500000000054	0.9495934959349593	45.589016969998674
387	38700	619	1000	25.025501759626668	0.03842385093037087	0	619	0.9496500000000058	0.9466882067851373	45.663901166121164
388	38800	618	1000	27.90225862137414	0.03459937208023141	0	618	0.9496500000000057	0.948220064724919	45.74020638465881
389	38900	620	1000	26.036793270251923	0.03698663484253812	0	620	0.9496500000000054	0.9419354838709677	45.81709001859029
390	39000	618	1000	30.829353494036873	0.03141754042184196	0	618	0.9496500000000052	0.941747572815534	45.89372858603795
391	39100	620	1000	26.093061556809953	0.03690981906578387	0	620	0.9496500000000053	0.9451612903225807	45.970933651924135
392	39200	617	1000	27.212702997679454	0.035445026308973365	0	617	0.9496500000000055	0.9497568881685575	46.049307819207506
393	39300	617	1000	25.46504241066195	0.03778569421816346	0	617	0.9496500000000055	0.9546191247974068	46.12007108132045
394	39400	617	1000	23.51340092227438	0.04079401316735854	0	617	0.9496500000000055	0.9578606158833063	46.1902186314265
395	39500	616	1000	23.944577582328808	0.04008887289029172	0	616	0.9496500000000053	0.9545454545454546	46.26433513561884
396	39600	617	1000	26.327734299346048	0.0365928616344872	0	617	0.9496500000000051	0.9529983792544571	46.340105632940926
397	39700	615	1000	25.093415149584107	0.03832384508763463	0	615	0.949650000000005	0.9626016260162602	46.411812615394595
398	39800	614	1000	28.153336719423866	0.034301390939368334	0	614	0.949650000000005	0.9592833876221498	46.48388772010803
399	39900	612	1000	26.337775913686485	0.03657942047507077	0	612	0.9496500000000049	0.9640522875816994	46.55280740261078
400	40000	609	1000	31.338809276447943	0.030922598029244405	0	609	0.9496500000000051	0.9638752052545156	46.62111231486003
401	40100	610	1000	26.715401914862817	0.03608102105363063	0	610	0.9496500000000051	0.9606557377049181	46.694587620099384
402	40200	609	1000	27.572099121807494	0.03499917859506359	0	609	0.9496500000000051	0.9605911330049262	46.767297931512196
403	40300	607	1000	25.77648392424746	0.03734620284086102	0	607	0.9496500000000052	0.9604612850082372	46.83400251865387
404	40400	606	1000	23.822968497131313	0.04028527047905515	0	606	0.9496500000000053	0.9636963696369637	46.9015300710996
405	40500	604	1000	24.234475315056613	0.03962832543632606	0	604	0.9496500000000053	0.9668874172185431	46.96820625066757
406	40600	605	1000	26.447660720487566	0.03643297730117951	0	605	0.9496500000000051	0.9702479338842975	47.0356951157252
407	40700	606	1000	25.151099933518264	0.038239309342330365	0	606	0.949650000000005	0.971947194719472	47.09880363543828
408	40800	605	1000	28.109047034958067	0.03435358082313946	0	605	0.9496500000000052	0.971900826446281	47.166577486197156
409	40900	607	1000	26.29140224778109	0.03664157638075575	0	607	0.9496500000000052	0.9703459637561779	47.23303742011388
410	41000	607	1000	31.181640168651356	0.031073618210861603	0	607	0.9496500000000052	0.9637561779242174	47.30225768486659
411	41100	605	1000	26.54250059162153	0.03630752395460424	0	605	0.9496500000000052	0.971900826446281	47.36689279874166
412	41200	603	1000	27.604571888606905	0.03495944647919364	0	603	0.9496500000000048	0.9734660033167496	47.433112533887225
413	41300	604	1000	26.204748527412036	0.03675828868597629	0	604	0.949650000000005	0.9685430463576159	47.498758951822914
414	41400	604	1000	24.133464407969186	0.039787590909390325	0	604	0.9496500000000049	0.9685430463576159	47.563139684995015
415	41500	604	1000	24.585036211048614	0.03908534628409715	0	604	0.9496500000000049	0.9685430463576159	47.62893548409144
416	41600	603	1000	27.22786763282941	0.03542598445647328	0	603	0.9496500000000051	0.9684908789386402	47.69347306489944
417	41700	602	1000	25.890133777925566	0.03718836091551586	0	602	0.9496500000000047	0.96843853820598	47.75941507021586
418	41800	606	1000	28.757521144830626	0.03360494965736474	0	606	0.9496500000000047	0.966996699669967	47.8256246527036
419	41900	607	1000	26.77719374012812	0.03600075692870865	0	607	0.9496500000000045	0.9637561779242174	47.8927087187767
420	42000	612	1000	32.03196252586229	0.030273708357989707	0	612	0.9496500000000051	0.9509803921568627	47.97035245100657
421	42100	613	1000	27.329382170917302	0.035299040196739316	0	613	0.949650000000005	0.9445350734094616	48.04690323670705
422	42200	614	1000	28.829478439159413	0.0335238848389392	0	614	0.9496500000000049	0.9478827361563518	48.12013281583786
423	42300	611	1000	26.908954515785194	0.03583079399962489	0	611	0.9496500000000052	0.9427168576104746	48.198011235396066
424	42400	611	1000	24.665228612739956	0.038963221995365754	0	611	0.9496500000000051	0.9378068739770867	48.27445542017619
425	42500	608	1000	24.788808853198688	0.038776509829998064	0	608	0.9496500000000049	0.9325657894736842	48.35409257014592
426	42600	607	1000	27.424867055731273	0.03518046357224285	0	607	0.949650000000005	0.9341021416803954	48.43396790027619
427	42700	604	1000	26.01696881342656	0.03701377482077236	0	604	0.9496500000000049	0.9370860927152318	48.509397900104524
428	42800	604	1000	29.284000504861776	0.03302073647236469	0	604	0.9496500000000049	0.9403973509933775	48.58830898205439
429	42900	607	1000	27.621867934728055	0.034938320667277624	0	607	0.9496500000000051	0.9308072487644151	48.67079888582229
430	43000	607	1000	32.84837603487746	0.029543514848972288	0	607	0.9496500000000051	0.9489291598023064	48.743893484274544
431	43100	611	1000	28.081981340743642	0.03438555263079711	0	611	0.9496500000000055	0.9427168576104746	48.82085419893265
432	43200	609	1000	29.114804411533243	0.03320625916524379	0	609	0.9496500000000054	0.9392446633825944	48.9004756172498
433	43300	606	1000	27.019586142792118	0.03568932085234401	0	606	0.9497000000000051	0.9455445544554455	48.975756752490994
434	43400	607	1000	24.74617537137846	0.0388407204400418	0	607	0.9497000000000052	0.9456342668863262	49.05101401805878
435	43500	604	1000	25.041142877659528	0.0384007723738535	0	604	0.9497000000000054	0.9470198675496688	49.12417613665263
436	43600	605	1000	27.567113373078023	0.035005286916472686	0	605	0.9497000000000055	0.9454545454545454	49.19896415074666
437	43700	603	1000	26.13053143116254	0.03685884305426412	0	603	0.9497000000000053	0.945273631840796	49.27212478319804
438	43800	600	1000	29.20832587209429	0.03310345645217551	0	600	0.9497000000000051	0.945	49.351097782452904
439	43900	600	1000	27.257500164479513	0.03538883461662432	0	600	0.949700000000005	0.9583333333333334	49.42140013774236
440	44000	603	1000	32.48643614480506	0.02986283746875033	0	603	0.949700000000005	0.9502487562189055	49.493802630901335
441	44100	602	1000	27.99054696464346	0.034494002518116976	0	602	0.9497000000000044	0.9584717607973422	49.56494899988174
442	44200	603	1000	29.485581933877366	0.03280239170664285	0	603	0.9497000000000044	0.9585406301824212	49.63347848653793
443	44300	603	1000	27.38181491680583	0.03523382852475253	0	603	0.9497000000000044	0.9601990049751243	49.699750101566316
444	44400	603	1000	25.044946982733787	0.03839516358635474	0	603	0.9497000000000044	0.9635157545605307	49.76653534968694
445	44500	603	1000	25.433362001019038	0.03783098040882763	0	603	0.9497000000000044	0.9651741293532339	49.832056351502736
446	44600	607	1000	28.079313140766715	0.03438870770981469	0	607	0.9497500000000048	0.9538714991762768	49.907507852713266
447	44700	604	1000	26.478991724687166	0.03639143713928916	0	604	0.9497500000000048	0.9536423841059603	49.9785972515742
448	44800	603	1000	29.48960833080182	0.032798059888154096	0	603	0.9497500000000049	0.9502487562189055	50.0535587032636
449	44900	601	1000	27.1928184771021	0.0354700258440705	0	601	0.9497500000000049	0.9434276206322796	50.13111758629481
450	45000	600	1000	32.33631854711233	0.029997313548187896	0	600	0.9498000000000048	0.955	50.202338421344756
451	45100	598	1000	27.70724084932112	0.03483441704651488	0	598	0.949800000000005	0.9531772575250836	50.27296041647593
452	45200	596	1000	29.170656552932254	0.03314478749395366	0	596	0.9498000000000049	0.9563758389261745	50.34463908274969
453	45300	595	1000	27.17744154833561	0.035489382465210655	0	595	0.9498000000000049	0.9546218487394958	50.41456796725591
454	45400	593	1000	24.89150540170338	0.03862270596031897	0	593	0.9498000000000046	0.954468802698145	50.48509860436122
455	45500	591	1000	25.568260685865653	0.0376388959677741	0	591	0.9498000000000044	0.9526226734348562	50.556314420700076
456	45600	585	1000	28.394573309747088	0.03401988487679136	0	585	0.9498000000000042	0.9675213675213675	50.624695952733354
457	45700	586	1000	26.640735153306178	0.036178487817115364	0	586	0.9498000000000043	0.9675767918088737	50.688129818439485
458	45800	583	1000	29.840200692225345	0.03242521052244951	0	583	0.9498000000000042	0.9725557461406518	50.75283970038096
459	45900	583	1000	27.94993743412159	0.0345423889870435	0	583	0.9498000000000041	0.9828473413379074	50.81168685356776
460	46000	580	1000	33.075884357625455	0.029346266981805313	0	580	0.949800000000004	0.9827586206896551	50.87147916952769
461	46100	578	1000	27.968249206409254	0.03452055361974548	0	578	0.9498000000000038	0.9809688581314879	50.932347182432814
462	46200	581	1000	29.377858572610346	0.032918712739733146	0	581	0.9498000000000039	0.9672977624784854	51.000666352113086
463	46300	582	1000	26.989070349992648	0.03572823203826999	0	582	0.9498000000000039	0.9656357388316151	51.066178087393446
464	46400	580	1000	24.77956002553974	0.038790421520355764	0	580	0.9498000000000038	0.9655172413793104	51.12876665194829
465	46500	581	1000	25.00889018411337	0.03844839179684858	0	581	0.9498000000000038	0.9672977624784854	51.190905284881595
466	46600	579	1000	27.70642262457918	0.03483540993867255	0	579	0.9498000000000036	0.9637305699481865	51.25514231920242
467	46700	580	1000	26.384115342513592	0.036517520741212665	0	580	0.9498000000000038	0.9568965517241379	51.32237816651662
468	46800	580	1000	29.645709120343398	0.03263099561746394	0	580	0.9498000000000038	0.9586206896551724	51.3886688152949
469	46900	582	1000	27.920010639144316	0.03457813389067232	0	582	0.9498000000000039	0.9467353951890034	51.4611944993337
470	47000	583	1000	33.02052117098035	0.029394023535800628	0	583	0.949800000000004	0.934819897084048	51.53452521959941
471	47100	586	1000	28.464376474834392	0.033939289394231804	0	586	0.9498000000000045	0.931740614334471	51.612275485197706
472	47200	585	1000	29.75141184840282	0.03251883214109853	0	585	0.9498000000000045	0.9401709401709402	51.68920348485311
473	47300	587	1000	27.596379013134495	0.03496946237636219	0	587	0.9498000000000044	0.9352640545144804	51.765267785390215
474	47400	586	1000	25.36638643501886	0.037927078193462145	0	586	0.9498000000000044	0.9300341296928327	51.84220075209935
475	47500	587	1000	25.815369984728694	0.03729204559062576	0	587	0.9498500000000042	0.9233390119250426	51.924222548802696
476	47600	587	1000	28.31220681932661	0.03411547981234437	0	587	0.9498500000000041	0.9250425894378195	52.00710101922353
477	47700	589	1000	26.878634807841205	0.03586976216348793	0	589	0.9498500000000043	0.9185059422750425	52.09281515280406
478	47800	589	1000	30.723670755022777	0.03152220333271713	0	589	0.9498500000000041	0.9168081494057725	52.17788661718369
479	47900	592	1000	28.66562318842669	0.033709050831270765	0	592	0.9498500000000044	0.9155405405405406	52.263538952668505
480	48000	590	1000	34.226712021325824	0.02838754861352408	0	590	0.9498500000000043	0.923728813559322	52.345821785926816
481	48100	590	1000	29.090319422172698	0.03323327964618177	0	590	0.9498500000000043	0.9288135593220339	52.42421103318532
482	48200	591	1000	30.758304027343186	0.03148782753446225	0	591	0.9498500000000044	0.9323181049069373	52.50714688301086
483	48300	591	1000	28.415433928031486	0.03399575890828686	0	591	0.9498500000000044	0.9357021996615905	52.58488218386968
484	48400	589	1000	25.782515559908756	0.03733779217874958	0	589	0.9498500000000045	0.9354838709677419	52.660298784573875
485	48500	590	1000	26.471362434832752	0.03640154369380799	0	590	0.9498500000000047	0.9389830508474576	52.73630295197169
486	48600	591	1000	29.514511324733892	0.032771293282663136	0	591	0.9498500000000045	0.937394247038917	52.812107503414154
487	48700	590	1000	27.94068806900593	0.034553428640521903	0	590	0.9498500000000044	0.9474576271186441	52.88345580101013
488	48800	590	1000	31.05068727198886	0.031200578992699596	0	590	0.9498500000000047	0.9457627118644067	52.95889391899109
489	48900	590	1000	28.672129157307346	0.03370165971907447	0	590	0.9498500000000045	0.9525423728813559	53.03347268104553
490	49000	587	1000	33.4726716944627	0.029008485587168134	0	587	0.9498500000000043	0.948892674616695	53.10383568604787
491	49100	586	1000	28.351439050046267	0.03406987978664112	0	586	0.9498500000000044	0.9505119453924915	53.17255988518397
492	49200	586	1000	29.610009482060445	0.03266905227801606	0	586	0.9498500000000044	0.9539249146757679	53.24070057074229
493	49300	584	1000	27.492614871379782	0.03509681384155718	0	584	0.9499000000000044	0.9571917808219178	53.309579881032306
494	49400	586	1000	25.234293135601202	0.038118046285110375	0	586	0.9499000000000045	0.9556313993174061	53.37755513588588
495	49500	587	1000	25.79400929559455	0.03732177551212611	0	587	0.9499000000000046	0.9574105621805792	53.447234869003296
496	49600	589	1000	28.93523216720242	0.033405453293781966	0	589	0.9499000000000046	0.9575551782682513	53.51800303459167
497	49700	588	1000	27.326523069139387	0.0353026030607145	0	588	0.9499000000000047	0.9574829931972789	53.584428449471794
498	49800	586	1000	30.563317723295224	0.03168234748851996	0	586	0.9499000000000046	0.9641638225255973	53.65248126586278
499	49900	586	1000	28.6273183243044	0.03375263292660755	0	586	0.9499000000000045	0.9675767918088737	53.717139120896654
500	50000	588	1000	34.07040068093058	0.028514073993564232	0	588	0.9499000000000047	0.9659863945578231	53.782770236333214
