InstanceID	Endpoint Predictions	Best Endpoint Predictions	True Endpoint
0	0.13218076372889112	-0.6782081274294971	1.2254998008168265
1	0.3199416750999359	-0.6782081274294971	1.2380674363057793
2	-0.13666364032989173	-0.6782081274294971	-1.159810583524892
3	0.27025075892990763	-0.6782081274294971	0.40827103868656617
4	0.3148736125354131	-0.6782081274294971	1.2449331867655844
5	-0.14709746977088323	-0.6782081274294971	-1.1473311993611792
6	-0.2622235138292886	-0.6782081274294971	-1.3768362418331141
7	0.17372873117252144	-0.6782081274294971	1.3857793427656668
8	0.1821913498096546	-0.6782081274294971	1.3712078905117084
9	0.32760880405866755	-0.6782081274294971	0.7743429639765717
10	-0.11272136615535672	-0.6782081274294971	-0.6270237068976632
11	-0.28787767544875376	-0.6782081274294971	-1.3998085348007792
12	0.2518770405542365	-0.6782081274294971	1.3644665747488516
13	-0.20487795698549036	-0.6782081274294971	-1.285333195170464
14	-0.23771301515689877	-0.6782081274294971	-1.1828395269924283
15	0.3211591130601412	-0.6782081274294971	1.25248706100394
16	0.15133809769877013	-0.6782081274294971	-0.20602267016540277
17	0.23765635905422874	-0.6782081274294971	1.4114587396180411
18	0.19628386823323063	-0.6782081274294971	1.4046358035459408
19	-0.03429932865095476	-0.6782081274294971	-0.1641150875489079
20	-0.20304065843756933	-0.6782081274294971	-1.2574183386832491
21	-0.08648992089535297	-0.6782081274294971	-0.38811395546255756
22	-0.1906711602929283	-0.6782081274294971	-1.3416713767286117
23	0.31274103801445613	-0.6782081274294971	0.6552095125397122
24	-4.3254473753298936e-05	-0.6782081274294971	0.2851381213956852
25	0.21033292675401177	-0.6782081274294971	0.08803217877563174
26	-0.2542625514169847	-0.6782081274294971	-1.3743150891959037
27	0.16565088667561684	-0.6782081274294971	1.3974613464860184
28	-0.22290446768611294	-0.6782081274294971	-1.3471181895876778
29	0.2778248604392733	-0.6782081274294971	1.31802953381231
30	-0.22267384896590145	-0.6782081274294971	-1.1155550183234297
31	-0.291775465509244	-0.6782081274294971	-1.4057577982702265
32	0.14804499227996976	-0.6782081274294971	1.3901266231617364
33	-0.23276603797192882	-0.6782081274294971	-1.2399404633376847
34	0.13275656638725367	-0.6782081274294971	1.2932863354944795
35	0.2818929123526796	-0.6782081274294971	0.1960351006741483
36	-0.27031948439710435	-0.6782081274294971	-1.4030400450908083
37	0.31656819794532376	-0.6782081274294971	1.182697303995598
38	0.12758940883003234	-0.6782081274294971	1.2930376140177695
39	-0.12155758977400262	-0.6782081274294971	-0.7502520247758961
40	-0.21782992409024313	-0.6782081274294971	-1.2910613855759028
41	0.26405390220628944	-0.6782081274294971	0.20689029081717403
42	0.009050666270970502	-0.6782081274294971	0.22442526367103732
43	-0.12440298394095706	-0.6782081274294971	-0.7764066527567544
44	0.3218505020058844	-0.6782081274294971	1.2654874420163085
45	-0.22854956044503802	-0.6782081274294971	-1.1590261514423021
46	0.3101952306377432	-0.6782081274294971	1.019294183887145
47	-0.07452583806954402	-0.6782081274294971	-1.0637954491749524
48	-0.25804555584244143	-0.6782081274294971	-1.3362669207203755
49	-0.15699012726821643	-0.6782081274294971	-0.8310691845783896
50	-0.013784460283477209	-0.6782081274294971	0.0435781781560467
51	0.29641961245111026	-0.6782081274294971	1.233485253230571
52	0.07292244606727122	-0.6782081274294971	-0.5202060476321906
53	0.08647412569141646	-0.6782081274294971	-0.46674568685614215
54	0.11353008156064558	-0.6782081274294971	1.1712176008170545
55	-0.004167686373132975	-0.6782081274294971	0.08274881124347488
56	-0.07442606884429233	-0.6782081274294971	-0.4691317399528977
57	-0.06454003980383162	-0.6782081274294971	-0.20310090884865883
58	0.12200370145029563	-0.6782081274294971	-0.32705078009087896
59	0.058567742901840886	-0.6782081274294971	-0.5343731206950717
60	-0.2550094413574426	-0.6782081274294971	-1.3984845957451926
61	0.0403468331643045	-0.6782081274294971	0.4771393904455417
62	0.08366991676902935	-0.6782081274294971	1.0953578059559692
63	0.17140782337912358	-0.6782081274294971	0.011679748905705556
64	0.2049974589683028	-0.6782081274294971	1.4135777519898034
65	0.06941726251138072	-0.6782081274294971	0.8241818334132223
66	0.1818076781204855	-0.6782081274294971	-0.030224538592751315
67	0.010647578787086288	-0.6782081274294971	-0.6609674392601734
68	0.19315238726155945	-0.6782081274294971	-0.06527603629023604
69	-0.14467047309486192	-0.6782081274294971	-0.7769982082383604
70	-0.25811143351934884	-0.6782081274294971	-1.2591690806285123
71	0.03196029150711592	-0.6782081274294971	0.5323932175486696
72	-3.928056735206993	-0.6782081274294971	-0.9587957585841698
73	0.02520345777506354	-0.6782081274294971	-0.009936920130176219
74	-0.26774869006743385	-0.6782081274294971	-1.2766419526641017
75	-0.06928093990009236	-0.6782081274294971	-0.2991672796711552
76	-0.020987185963723162	-0.6782081274294971	0.030408217978931673
77	0.05848732284445385	-0.6782081274294971	0.7035968598273561
78	0.23004082817499968	-0.6782081274294971	1.3948725763814922
79	0.20252094171295112	-0.6782081274294971	1.410342843861222
80	-0.0013123585820450062	-0.6782081274294971	0.2828319092743212
81	-0.21450137197854538	-0.6782081274294971	-1.1339550132811207
82	-0.30313633417289076	-0.6782081274294971	-1.0595541306734466
83	-0.060758650534465046	-0.6782081274294971	-0.3704370624951181
84	-0.27040686235125533	-0.6782081274294971	-1.4078856708579752
85	0.15250516744396928	-0.6782081274294971	-0.23194992190971464
86	-0.281636642758638	-0.6782081274294971	-1.4116046670843712
87	0.050928919976752994	-0.6782081274294971	0.768172802044415
88	-0.13215765951224054	-0.6782081274294971	-0.8561617744928144
89	0.2494121431336226	-0.6782081274294971	0.25365837967299154
90	0.07427456982667936	-0.6782081274294971	0.6808342139817409
91	0.23931078042776222	-0.6782081274294971	0.209154042100681
92	0.31372869092689143	-0.6782081274294971	0.8318121377034542
93	0.0346830813454556	-0.6782081274294971	-0.6658289198325409
94	0.3195938053832726	-0.6782081274294971	1.1491763699851925
95	0.024863291405203027	-0.6782081274294971	0.374663202749481
96	0.04441781604562314	-0.6782081274294971	0.6622893255789408
97	0.0418350167922594	-0.6782081274294971	0.42280877022694274
98	0.28576778478842063	-0.6782081274294971	1.2983120927823317
99	0.30941677900959197	-0.6782081274294971	1.2569519891481442
100	0.15294189508751901	-0.6782081274294971	1.3566724823268832
101	0.316085465628826	-0.6782081274294971	0.8248408623244659
102	-0.2541396285503388	-0.6782081274294971	-1.4006495765224818
103	-0.2261852681692478	-0.6782081274294971	-1.2806326512706778
104	0.29682373343168955	-0.6782081274294971	1.2376349780073126
105	-0.11319780860510469	-0.6782081274294971	-0.6603261215882261
106	0.018586616040527124	-0.6782081274294971	-0.6573516532055161
107	-0.9272764812518924	-0.6782081274294971	-0.9787364605882007
108	-0.02226517313954409	-0.6782081274294971	-0.169225394988062
109	-0.2709169037212472	-0.6782081274294971	-1.3892314321795731
110	0.16123842913693892	-0.6782081274294971	-0.1665161065769185
111	-0.03920511042588101	-0.6782081274294971	-0.2047526919154704
112	-0.0061656893763415484	-0.6782081274294971	0.07727248220850724
113	-0.19812816407683895	-0.6782081274294971	-1.2679792627885962
114	0.1944511994619222	-0.6782081274294971	1.406502063877523
115	0.3180052996708382	-0.6782081274294971	0.7970057924012368
116	-0.027769851959228053	-0.6782081274294971	-0.7545059537263477
117	-0.14296001697020821	-0.6782081274294971	-0.857569521351756
118	-0.28016092078163995	-0.6782081274294971	-1.3617760962916985
119	-0.05482957865440668	-0.6782081274294971	-1.0061487742310447
120	0.15717851977012892	-0.6782081274294971	1.350744436786068
121	0.11075851723909523	-0.6782081274294971	1.1248070480466001
122	0.29279515658886524	-0.6782081274294971	0.4453842347844352
123	-0.03286771620982467	-0.6782081274294971	-0.84121328543909
124	0.11949873386580731	-0.6782081274294971	1.1528710026580304
125	-0.2242518641095535	-0.6782081274294971	-1.1437132366829703
126	0.2859045715269829	-0.6782081274294971	1.338839169514377
127	0.09070507990972852	-0.6782081274294971	0.972615723705128
128	0.2308342323633877	-0.6782081274294971	0.05782032334549947
129	-0.19148711790705691	-0.6782081274294971	-1.0031699273976886
130	-0.2647169571609598	-0.6782081274294971	-1.3966843934433453
131	-0.1873507088051541	-0.6782081274294971	-1.2215428506011765
132	-0.1790745743155473	-0.6782081274294971	-1.3803514750208503
133	-0.11740477165153279	-0.6782081274294971	-1.0148034814470284
134	-0.2564950882096214	-0.6782081274294971	-1.2577476576236821
135	0.28956872298642333	-0.6782081274294971	1.3426222121539961
136	0.08363722906587119	-0.6782081274294971	1.0845700587562828
137	-0.1592446396075308	-0.6782081274294971	-1.1556119423217333
138	0.1287877386708092	-0.6782081274294971	1.2836888150303327
139	-0.022647524667356964	-0.6782081274294971	-0.7296864627073562
140	0.2553324731841267	-0.6782081274294971	1.3667799111281838
141	0.32412369516064593	-0.6782081274294971	1.1962329784793433
142	0.2997214086438914	-0.6782081274294971	1.2564556495697192
143	0.23483612962457096	-0.6782081274294971	0.2400479668421892
144	0.24268482895934612	-0.6782081274294971	0.11681336454964186
145	-0.2776987942376127	-0.6782081274294971	-1.388055265072403
146	0.2826321574266456	-0.6782081274294971	1.3909468447248665
147	-0.21726419780344638	-0.6782081274294971	-1.2924365547746652
148	-0.04903034563480586	-0.6782081274294971	-0.21686442413281393
149	-0.09111746335753929	-0.6782081274294971	-0.4623905643478141
150	0.012351242891884098	-0.6782081274294971	0.2554302797769403
151	-0.14361316334946367	-0.6782081274294971	-0.6883806691678763
152	-0.21938504714272944	-0.6782081274294971	-1.118662901623695
153	0.09360697984725867	-0.6782081274294971	1.0868121237292478
154	0.2552514724189126	-0.6782081274294971	1.405548983914736
155	0.2268506549869145	-0.6782081274294971	0.12057954930685422
156	0.20276048698686472	-0.6782081274294971	1.4135988507689832
157	0.2848086968703461	-0.6782081274294971	0.4319330692055045
158	-0.1761682108639379	-0.6782081274294971	-0.9982758115051875
159	0.2835192603402039	-0.6782081274294971	0.4995503986746208
160	0.00540810678479981	-0.6782081274294971	0.19622366560339743
161	0.2535934423589171	-0.6782081274294971	0.20738549946078255
162	0.10263282160650186	-0.6782081274294971	1.2007623442369102
163	0.18451657790976017	-0.6782081274294971	1.4053941956548301
164	-0.012390209188777639	-0.6782081274294971	0.05219038741154203
165	-0.2150996598585144	-0.6782081274294971	-1.0229945570412349
166	-0.2433113782944372	-0.6782081274294971	-1.260262531267006
167	0.27763474932021365	-0.6782081274294971	0.568593348868748
168	0.1685309020474365	-0.6782081274294971	1.3509260945045094
169	-0.20332958126117806	-0.6782081274294971	-1.3389084170982612
170	0.18555246441960346	-0.6782081274294971	1.411724164046696
171	0.006591723317565883	-0.6782081274294971	0.2826120678333809
172	0.3203030859309443	-0.6782081274294971	1.0787516543443076
173	0.27656330807195906	-0.6782081274294971	1.3071782770498284
174	-0.005781599723322228	-0.6782081274294971	-0.03873382647724111
175	0.25804710046787616	-0.6782081274294971	1.3874838001012568
176	-0.10979048708535818	-0.6782081274294971	-1.045547802516626
177	0.2978039742704368	-0.6782081274294971	1.3290396029384477
178	-0.24252083299781	-0.6782081274294971	-1.369188127262246
179	0.28625219223294274	-0.6782081274294971	0.5528955329351752
180	0.1996379644890283	-0.6782081274294971	1.412953606040678
181	0.3189042488799156	-0.6782081274294971	0.800338317998496
182	0.23480783401803357	-0.6782081274294971	0.11661242291975793
183	-0.13380049128013835	-0.6782081274294971	-0.8006106084980991
184	0.06158069299674337	-0.6782081274294971	0.732103519289778
185	0.2500232057065722	-0.6782081274294971	0.20797196674326768
186	0.22916849343295237	-0.6782081274294971	1.3907963990930545
187	-0.2491999719393836	-0.6782081274294971	-1.3409818094116819
188	0.35569698095696184	-0.6782081274294971	1.1214462105954486
189	-0.05945312747886998	-0.6782081274294971	-0.8884217506254134
190	0.30705082230635866	-0.6782081274294971	0.5041980137838855
191	-0.1090429724855544	-0.6782081274294971	-0.5062077881672922
192	0.3100920593084569	-0.6782081274294971	0.8326412060201817
193	-0.01192253577839155	-0.6782081274294971	0.06051891027545764
194	-0.06161429784940973	-0.6782081274294971	-0.2975600817755458
195	0.28746450533302453	-0.6782081274294971	0.5500775791758044
196	0.17752888972559236	-0.6782081274294971	1.408063420877885
197	0.17908239011272997	-0.6782081274294971	1.3877640330929037
198	-0.15282894879092124	-0.6782081274294971	-1.097341165516466
199	0.285002778036201	-0.6782081274294971	1.3263601960824527
200	-0.2114589490473138	-0.6782081274294971	-1.3416143040121424
201	0.23785582702496372	-0.6782081274294971	1.381130235659552
202	-0.2628365732083922	-0.6782081274294971	-1.3900295108812553
203	0.056887150090403155	-0.6782081274294971	1.0068883296466589
204	0.24199826169499827	-0.6782081274294971	0.3405031605421761
205	0.18957534577958837	-0.6782081274294971	1.4008987202385348
206	0.08754218489849493	-0.6782081274294971	-0.4600850481963414
207	0.32156100602703097	-0.6782081274294971	1.196336309409984
208	0.11232235428997553	-0.6782081274294971	-0.319618398248141
209	0.06126306882527901	-0.6782081274294971	0.5567454976557449
210	-0.1942416130600699	-0.6782081274294971	-1.0070355748267081
211	0.11918346454209856	-0.6782081274294971	1.1575609698754508
212	-0.014926192208758637	-0.6782081274294971	-0.017859175908404912
213	-0.24813097904366177	-0.6782081274294971	-1.1968614305932805
214	0.31308268223653773	-0.6782081274294971	1.0190139152137938
215	0.24508564855918177	-0.6782081274294971	0.3022162630474954
216	0.13099230416688956	-0.6782081274294971	1.1730136798502524
217	0.30569873410018517	-0.6782081274294971	1.2869750613760071
218	-0.26943216427688854	-0.6782081274294971	-1.4083173037789305
219	-0.005198500855383442	-0.6782081274294971	-0.05557345633585131
220	0.08840081672958684	-0.6782081274294971	1.0160916391265644
221	-0.1909803554076769	-0.6782081274294971	-1.2183641400933682
222	-0.2608547519319887	-0.6782081274294971	-1.4141421069415054
223	0.012726654243000686	-0.6782081274294971	-0.7561185028069501
224	-0.007705528609538971	-0.6782081274294971	-0.014581700741174264
225	0.14166241276088085	-0.6782081274294971	1.410620534174806
226	-0.2366191051420316	-0.6782081274294971	-1.1774353195014378
227	0.14949734652117255	-0.6782081274294971	1.3646834888334927
228	0.16650478069190625	-0.6782081274294971	1.3919226366877246
229	0.1402393492117535	-0.6782081274294971	1.3214879661560692
230	0.25914929081648286	-0.6782081274294971	1.391780861681979
231	0.006730181366264685	-0.6782081274294971	-0.760031259493127
232	0.25600074339600365	-0.6782081274294971	0.2786207886335025
233	0.012437871303456013	-0.6782081274294971	0.26739737475402836
234	-0.14653581549338546	-0.6782081274294971	-0.7592544907094303
235	-0.12689397583825607	-0.6782081274294971	-0.7731295828201712
236	-0.22132671178811897	-0.6782081274294971	-1.325263365429734
237	0.15006124441415253	-0.6782081274294971	1.4017981280924943
238	0.08660462810544348	-0.6782081274294971	1.1400008017722505
239	0.16852575530474756	-0.6782081274294971	1.3874626854376468
240	-0.16482826866801287	-0.6782081274294971	-0.9620529553841509
241	0.072299902398464	-0.6782081274294971	0.7901323591431251
242	-0.3025384420448704	-0.6782081274294971	-1.4108335557526916
243	-0.20172314438954211	-0.6782081274294971	-0.9537832833033619
244	-0.14681371472734184	-0.6782081274294971	-0.8202027297185953
245	-0.2409498168540676	-0.6782081274294971	-1.3266720640195488
246	0.32300554842381796	-0.6782081274294971	0.6350208137800369
247	-0.15067513998634705	-0.6782081274294971	-0.7986443204434243
248	-0.09793866741376746	-0.6782081274294971	-1.0671618613544616
249	-0.018962465666610518	-0.6782081274294971	0.015917320234803967
250	0.31099747514114284	-0.6782081274294971	0.6704312352937776
251	-0.1341092622336285	-0.6782081274294971	-1.1473825329185052
252	0.31203571984917616	-0.6782081274294971	0.7791130975574883
253	-0.03324419387897608	-0.6782081274294971	0.008702963217170345
254	0.133754100778323	-0.6782081274294971	-0.2651422931344446
255	0.011601678411093594	-0.6782081274294971	0.33326623472614836
256	0.23628773237851455	-0.6782081274294971	0.9929412010430986
257	-0.009807375785737423	-0.6782081274294971	-0.6969120465324504
258	0.05571872649922164	-0.6782081274294971	0.8504662463461166
259	0.3222103461733467	-0.6782081274294971	1.204121647128492
260	-0.25743982922116476	-0.6782081274294971	-1.4139462129637885
261	0.26791853286088746	-0.6782081274294971	0.3738828412798956
262	0.20712192850555078	-0.6782081274294971	1.4092096510654766
263	0.026396282821368498	-0.6782081274294971	0.5159756798282807
264	0.06979877773331686	-0.6782081274294971	-0.2576938559374182
265	0.11129417942813204	-0.6782081274294971	0.9589186361686417
266	-0.18760567614798895	-0.6782081274294971	-1.2102388306761724
267	-0.2676525861523321	-0.6782081274294971	-1.3059288638200774
268	0.024094827961495324	-0.6782081274294971	-0.6819102258100351
269	-0.21463400570620833	-0.6782081274294971	-1.2969478191542791
270	0.04214100175698607	-0.6782081274294971	0.7350151282295423
271	0.3164609991238511	-0.6782081274294971	0.9598939958259016
272	0.2688943183961595	-0.6782081274294971	1.3371970376632887
273	0.08814132690069844	-0.6782081274294971	-0.46920414631322394
274	-0.11652554815105508	-0.6782081274294971	-0.6191540781826727
275	0.029358885423023208	-0.6782081274294971	0.5609315144154204
276	-0.15483465383756262	-0.6782081274294971	-0.7499179092583728
277	0.0872257230080425	-0.6782081274294971	-0.5163432749331741
278	-0.27483659546574013	-0.6782081274294971	-1.4082832893472685
279	-0.18822676963572754	-0.6782081274294971	-1.2696295893854639
280	0.3562510706281854	-0.6782081274294971	0.8991704881515699
281	0.2699841253788241	-0.6782081274294971	0.4487305927557124
282	0.07937759008412253	-0.6782081274294971	-0.48942091064212323
283	-0.22000153845505463	-0.6782081274294971	-1.3438524471012268
284	-0.12098678025157313	-0.6782081274294971	-1.0734686834919038
285	-0.01747246922518289	-0.6782081274294971	0.11905143857608025
286	0.2427523597663616	-0.6782081274294971	0.10107322044517852
287	-0.2923567634860286	-0.6782081274294971	-1.4073452697991984
288	-0.18947482293553827	-0.6782081274294971	-1.2514140906001
289	-0.2699509144457203	-0.6782081274294971	-1.4135709072736056
290	0.313611001395432	-0.6782081274294971	0.8113756271768425
291	-0.2341640399122689	-0.6782081274294971	-1.1026028701806627
292	-0.08683115103602437	-0.6782081274294971	-0.5422522217338003
293	0.16025980911356044	-0.6782081274294971	-0.20223823569679877
294	0.10510633626302096	-0.6782081274294971	1.2195270403650855
295	0.015782499544225347	-0.6782081274294971	-0.6943868409327557
296	-0.2612187648359977	-0.6782081274294971	-1.314630614546005
297	0.16609816774776134	-0.6782081274294971	-0.16665867921320354
298	-0.20333844944991672	-0.6782081274294971	-1.2516838719755816
299	-0.28620968646985295	-0.6782081274294971	-1.3664347999933453
300	0.03255756872183733	-0.6782081274294971	0.6210922426327761
301	-0.2840643341660033	-0.6782081274294971	-1.4124275284035726
302	0.18129004362079854	-0.6782081274294971	1.4049282652999147
303	-0.21258649989714803	-0.6782081274294971	-1.3755889432261355
304	0.05438583752740272	-0.6782081274294971	0.7766413421934163
305	-0.201454913344907	-0.6782081274294971	-1.1400646041656426
306	0.31693173214686415	-0.6782081274294971	1.1639130252472683
307	-0.2524587579964442	-0.6782081274294971	-1.3514925916172325
308	-0.23495207611742558	-0.6782081274294971	-1.3472518645220322
309	0.038663746466169	-0.6782081274294971	0.6024600066738046
310	-0.029587969640123883	-0.6782081274294971	-0.1214460399808227
311	-0.2293341569723346	-0.6782081274294971	-1.1594268144815676
312	0.11287389474621615	-0.6782081274294971	1.2033377409371515
313	-0.21661975727016342	-0.6782081274294971	-1.3206295367882706
314	-0.2639091328010535	-0.6782081274294971	-1.3919357206627496
315	-0.14155916676364708	-0.6782081274294971	-0.6971951958911755
316	-0.2838493110459425	-0.6782081274294971	-1.3553220374004007
317	-0.16890216180789852	-0.6782081274294971	-0.9085979457394373
318	-0.1069306157747594	-0.6782081274294971	-0.5910477064688419
319	-0.27836718936038707	-0.6782081274294971	-1.3566545318590302
320	-0.2852684448653265	-0.6782081274294971	-1.4137474237285965
321	0.11388974173299297	-0.6782081274294971	1.23643531073001
322	0.037165182612005625	-0.6782081274294971	0.6477096441967986
323	0.1001576474095821	-0.6782081274294971	1.0417823718763335
324	0.2192581052803728	-0.6782081274294971	1.3817113569062465
325	0.22672531145176267	-0.6782081274294971	0.1861450723045336
326	0.3025694856504229	-0.6782081274294971	0.5426590625193333
327	0.2568805695897205	-0.6782081274294971	1.3602080289294114
328	0.25997665957364485	-0.6782081274294971	1.2658672362372425
329	0.32847540692024285	-0.6782081274294971	0.9510350155473392
330	-0.0908042740568232	-0.6782081274294971	-0.981689684751555
331	0.33464061817938473	-0.6782081274294971	0.7858133648324254
332	-0.20980667390933036	-0.6782081274294971	-1.1197639510537956
333	0.32100753948282934	-0.6782081274294971	0.650489338379699
334	0.016391751847233918	-0.6782081274294971	0.435868700971095
335	0.177686961482867	-0.6782081274294971	-0.04539247179632544
336	0.3345467687582807	-0.6782081274294971	0.9419546465445428
337	-0.3108568511789662	-0.6782081274294971	-1.4142132029372343
338	0.2076841723034744	-0.6782081274294971	1.407841004643911
339	-0.015249222372919657	-0.6782081274294971	0.08761941046531208
340	0.15287379863571446	-0.6782081274294971	1.358221361743938
341	-0.18751543743736698	-0.6782081274294971	-1.3132558034233828
342	-0.04804783051128057	-0.6782081274294971	-0.3243886002370563
343	-0.07954730580451266	-0.6782081274294971	-0.5343361517093828
344	0.2519562911232531	-0.6782081274294971	1.3830195645378813
345	0.18826675709182428	-0.6782081274294971	-0.09548097220560026
346	0.0727201008255837	-0.6782081274294971	0.9212063616272332
347	-0.09168921548234489	-0.6782081274294971	-0.47411387362416
348	0.13529728375330155	-0.6782081274294971	1.1470769426811314
349	0.21663974495531496	-0.6782081274294971	1.4140822875673158
350	-0.5294905226603672	-0.6782081274294971	-1.003711045908676
351	0.12457277136828308	-0.6782081274294971	1.1038999575673716
352	-0.24895380517275134	-0.6782081274294971	-1.413821654387327
353	-0.02955397178944526	-0.6782081274294971	-0.2516814334825139
354	-0.11517212644339295	-0.6782081274294971	-1.0876973376294363
355	-0.20389956820420826	-0.6782081274294971	-0.9785040897245485
356	0.1905651645962403	-0.6782081274294971	-0.1686794281447197
357	0.05067317612918909	-0.6782081274294971	0.766769111444188
358	0.2594109335743668	-0.6782081274294971	0.3110303360941802
359	-0.13481206793342462	-0.6782081274294971	-1.1428948125472183
360	-0.14603996672525774	-0.6782081274294971	-1.003978076468964
361	-0.08645248894217648	-0.6782081274294971	-0.9673580723754548
362	0.1487426657600957	-0.6782081274294971	-0.1611421874452702
363	-0.2090566345367905	-0.6782081274294971	-1.284101770983404
364	-0.2527900309759988	-0.6782081274294971	-1.2423371106909962
365	0.3097020324807069	-0.6782081274294971	0.8674156064762505
366	0.2957205875450762	-0.6782081274294971	0.5703896820067758
367	-0.024471512912887	-0.6782081274294971	-0.2962448396607965
368	0.2769627400444035	-0.6782081274294971	0.35593732500782294
369	-0.0039846987266044485	-0.6782081274294971	0.10613328239643804
370	-0.2748682349130961	-0.6782081274294971	-1.3886617081588093
371	-0.26017540747496937	-0.6782081274294971	-1.3690857301393855
372	0.2523156960344858	-0.6782081274294971	1.378967741659662
373	0.15212706640329593	-0.6782081274294971	1.3403214373920895
374	0.006058898126492759	-0.6782081274294971	0.32196994224737485
375	-0.23411601176279281	-0.6782081274294971	-1.217470337006918
376	-0.208924127893544	-0.6782081274294971	-1.0342886815955237
377	0.031231974947919898	-0.6782081274294971	0.5959834847430124
378	0.2443664209328064	-0.6782081274294971	1.405594992449978
379	0.24457334328982216	-0.6782081274294971	1.4127808360298713
380	0.271521600792813	-0.6782081274294971	1.3509368829253783
381	0.015435825991400549	-0.6782081274294971	0.26140325545467014
382	0.217524189988804	-0.6782081274294971	1.4140942930067752
383	-0.2616626355101928	-0.6782081274294971	-1.2595218547097373
384	0.18789717668589348	-0.6782081274294971	1.0007227590729697
385	0.021716741791367462	-0.6782081274294971	-0.7024955975129892
386	-0.2827344464922743	-0.6782081274294971	-1.3133814508180526
387	0.2503881694818122	-0.6782081274294971	1.4084915459458047
388	0.24106561735709947	-0.6782081274294971	1.3929237380103814
389	0.18697145340223764	-0.6782081274294971	-0.046874414891951766
390	-0.2878771656371797	-0.6782081274294971	-1.3420541526965208
391	0.19504412381574246	-0.6782081274294971	1.385262570106661
392	-0.12422241604864263	-0.6782081274294971	-1.1465921589613441
393	-0.21687045719529907	-0.6782081274294971	-1.0917900879191358
394	0.1994961229688651	-0.6782081274294971	0.03213761461597686
395	-0.2594911999306087	-0.6782081274294971	-1.3844910859388788
396	-0.24018859959851135	-0.6782081274294971	-1.3498808863723561
397	0.2403649148610124	-0.6782081274294971	0.1871214327837799
398	-0.2700185243928227	-0.6782081274294971	-1.3343548293087526
399	0.262019845292981	-0.6782081274294971	1.3789811627067432
400	-0.23718444177077164	-0.6782081274294971	-1.364179785406238
401	0.031135408782003583	-0.6782081274294971	0.5559486662293864
402	-0.11931654895831433	-0.6782081274294971	-1.0865975772262184
403	0.2991282629699818	-0.6782081274294971	0.5480586883620808
404	-0.044933816306254176	-0.6782081274294971	-0.0628605249033416
405	-0.6206409322327623	-0.6782081274294971	1.1744864186640798
406	-0.20222916296772894	-0.6782081274294971	-1.24105388715779
407	0.34369023430088946	-0.6782081274294971	1.1972101170199823
408	0.05325026806648778	-0.6782081274294971	0.8190588293742321
409	0.025137669296241894	-0.6782081274294971	0.4703055432813339
410	-0.25628715496652016	-0.6782081274294971	-1.2660498338162902
411	-0.09765884762742187	-0.6782081274294971	-0.9722604882899275
412	-0.13965995193102085	-0.6782081274294971	-1.1268114033345316
413	0.1585958050986718	-0.6782081274294971	-0.1768008418325483
414	0.15655387758888575	-0.6782081274294971	-0.27487422407191986
415	-0.09920113788878744	-0.6782081274294971	-0.5304808787568684
416	-0.15178581573439207	-0.6782081274294971	-0.7493034593542491
417	-0.1680287149378418	-0.6782081274294971	-0.7950252676629751
418	-0.21088941805512773	-0.6782081274294971	-1.282213185456441
419	0.2919227462289758	-0.6782081274294971	1.2614273504687672
420	0.04923502773135318	-0.6782081274294971	-0.5569802048321499
421	0.01742722934527013	-0.6782081274294971	-0.654275649857085
422	0.3054798632221244	-0.6782081274294971	1.1613392910032627
423	0.08228093581335262	-0.6782081274294971	0.9021934434499908
424	-0.21851427730434553	-0.6782081274294971	-1.1883982117712104
425	-0.23115803399016116	-0.6782081274294971	-1.1952540392257123
426	0.16333977060671262	-0.6782081274294971	1.4006960700574473
427	0.18490794965743837	-0.6782081274294971	-0.14751359011054177
428	-0.28829983493839334	-0.6782081274294971	-1.3729320817132349
429	0.11476833382776827	-0.6782081274294971	1.1298975851999542
430	0.05743032449431582	-0.6782081274294971	0.7262418189795449
431	-0.2307820148388772	-0.6782081274294971	-1.356839319216595
432	-0.11490497025118043	-0.6782081274294971	-1.0685865155953298
433	-0.07319016232644909	-0.6782081274294971	-0.8878557473568298
434	-0.2344369861007984	-0.6782081274294971	-1.3822507595267015
435	0.16799001308784198	-0.6782081274294971	-0.19963539607423253
436	-0.27948665697786973	-0.6782081274294971	-1.3103436824701036
437	0.05338025377996396	-0.6782081274294971	0.6375064063186309
438	0.20388857936981797	-0.6782081274294971	1.4130819791798097
439	0.18052873539370293	-0.6782081274294971	-0.12650343869431546
440	-0.251507469273632	-0.6782081274294971	-1.3127266754136546
441	0.10798264094814146	-0.6782081274294971	1.1710442957436016
442	0.31420439415472357	-0.6782081274294971	0.6767792296043709
443	0.1548302480141564	-0.6782081274294971	1.3472655252583856
444	-0.17135389983832972	-0.6782081274294971	-0.8822514369921279
445	0.2673343800392722	-0.6782081274294971	0.38470362077064935
446	0.11280070186491298	-0.6782081274294971	1.1585586719646044
447	-0.27139886317016865	-0.6782081274294971	-1.408620244344781
448	-0.1717017994404238	-0.6782081274294971	-0.9601619760724305
449	0.16719347952771216	-0.6782081274294971	1.372151800217628
450	-0.014678488511918851	-0.6782081274294971	-0.1783310815007595
451	-0.09607241309399728	-0.6782081274294971	-0.9616576673720867
452	0.01282280743113305	-0.6782081274294971	0.33219203092801175
453	-0.07014087429697481	-0.6782081274294971	-0.9448497745068752
454	-0.2249018340240537	-0.6782081274294971	-1.1876294660089228
455	-0.22599677427740672	-0.6782081274294971	-1.1605095875267009
456	0.30076955742727807	-0.6782081274294971	1.3113390066762947
457	0.3072759940170991	-0.6782081274294971	1.0066768960293253
458	-0.1532704135015023	-0.6782081274294971	-0.7231316811117202
459	0.10369243631296383	-0.6782081274294971	1.2368719673837294
460	-0.01573660111169943	-0.6782081274294971	-0.18100176498376608
461	-0.2179081260289171	-0.6782081274294971	-1.3082939487847058
462	0.21450605782648743	-0.6782081274294971	1.3916159738016196
463	-0.17020981922442469	-0.6782081274294971	-0.9600511334391901
464	0.22496941491954942	-0.6782081274294971	1.4141867009907916
465	-0.2475803791817357	-0.6782081274294971	-1.225186768034829
466	0.0912164555441079	-0.6782081274294971	0.9675753573752882
467	-0.03674755066630075	-0.6782081274294971	-0.4122231887999001
468	0.055993957801187294	-0.6782081274294971	0.796280882903565
469	0.07061188898438124	-0.6782081274294971	0.7293544468192885
470	-0.07411156264634577	-0.6782081274294971	-0.37654995274648734
471	0.15982789679782294	-0.6782081274294971	1.3872386474951732
472	0.06429454824421012	-0.6782081274294971	0.9400417089302586
473	-0.19158669255715421	-0.6782081274294971	-1.2404528007297366
474	0.20343668615392527	-0.6782081274294971	0.06867189571536991
475	0.07561407236556804	-0.6782081274294971	0.9098015644622497
476	0.2457654078979782	-0.6782081274294971	1.3893225735756543
477	0.2838893000936069	-0.6782081274294971	0.4855938452264141
478	-0.2589650873724121	-0.6782081274294971	-1.4041552021408608
479	-0.14896891943634363	-0.6782081274294971	-0.8884044702472699
480	0.28305758514109425	-0.6782081274294971	0.5493404234789939
481	0.3121294412278751	-0.6782081274294971	1.0918588528146373
482	0.325476886004951	-0.6782081274294971	0.7263302900658947
483	-0.21612377858488674	-0.6782081274294971	-1.3390233200749377
484	-0.24432285810144103	-0.6782081274294971	-1.3765709615210189
485	-0.04846646321043981	-0.6782081274294971	-0.9060980999988593
486	0.3302253428157647	-0.6782081274294971	1.0485192199565125
487	0.2777083250379203	-0.6782081274294971	1.2955615993095506
488	0.025629818162773762	-0.6782081274294971	0.4132340862733657
489	-0.28522172146636837	-0.6782081274294971	-1.3959877459623673
490	-0.25705911012934685	-0.6782081274294971	-1.3748881459324789
491	0.32415877358693473	-0.6782081274294971	0.8499200157454155
492	-0.17358619597250216	-0.6782081274294971	-1.2671017785655996
493	0.23749002537940106	-0.6782081274294971	0.004728947764466862
494	0.10612475609910896	-0.6782081274294971	-0.35956304098827385
495	-0.23657845995926524	-0.6782081274294971	-1.2014115658824485
496	0.07888432129853126	-0.6782081274294971	0.933318038139193
497	-0.13216167947536098	-0.6782081274294971	-0.7939046370739601
498	-0.12355240097565141	-0.6782081274294971	-1.0447238926415983
499	-0.23902652184152565	-0.6782081274294971	-1.3714925022730298
