Epoch	Explore_Iteration	MacroPopSize	MicroPopSize	RMSE	Accuracy_Estimate	RuleCount	TreeCount	AveGenerality	ExpRules	Time(min)
1	100	1000	1000	240515.43400745752	4.157720049886461e-06	0	1000	0.8707999999999996	0.0	1.248854931195577
2	200	1000	1000	9537.08941573787	0.00010484279989554277	0	1000	0.8715999999999996	0.0	2.4699872692426044
3	300	1000	1000	691.7258211626468	0.0014435725787175582	0	1000	0.8727999999999998	0.0	3.6798783858617146
4	400	1000	1000	801.9961646362962	0.00124533596054339	0	1000	0.8730499999999998	0.0	4.803724769751231
5	500	1000	1000	122.9879018293351	0.00806530302752009	0	1000	0.8734999999999997	0.0	5.944764018058777
6	600	998	1000	181.30705225200467	0.005485251325427011	0	998	0.8739999999999998	0.0	7.0339910864830015
7	700	994	1000	137.22686098054325	0.0072344838977480615	0	994	0.8752999999999997	0.0	8.138457751274109
8	800	994	1000	127.74770623925949	0.0077671286674547875	0	994	0.8765499999999998	0.0	9.302832984924317
9	900	994	1000	71.70475293619452	0.01375425896677755	0	994	0.8775499999999998	0.0	10.433721466859181
10	1000	994	1000	35.16308446899735	0.02765250848160646	0	994	0.8776999999999998	0.0	11.557444516817728
11	1100	994	1000	36.155126379555966	0.02691418647818769	0	994	0.8783500000000001	0.9476861167002012	11.693956951300303
12	1200	992	1000	36.38138636116979	0.026751281783351885	0	992	0.87945	0.9495967741935484	11.815846435228984
13	1300	989	1000	27.193178133946393	0.03546957335739088	0	989	0.8810000000000001	0.9524772497472194	11.940893216927845
14	1400	984	1000	29.855691314035727	0.03240893194783541	0	984	0.8816999999999998	0.9552845528455285	12.056807351112365
15	1500	981	1000	18.096807633149183	0.052364773170995894	0	981	0.8829999999999999	0.9541284403669725	12.169974950949351
16	1600	977	1000	17.315470862750637	0.05459865091613697	0	977	0.8842	0.9559877175025588	12.286998037497202
17	1700	974	1000	18.69044148677931	0.05078606290628002	0	974	0.88515	0.9548254620123203	12.40121170282364
18	1800	971	1000	15.8181673553625	0.05945951059174997	0	971	0.88635	0.9598352214212152	12.513957715034485
19	1900	970	1000	16.719540025348934	0.05643487351079295	0	970	0.8872000000000002	0.9608247422680413	12.623019433021545
20	2000	969	1000	15.0618188601769	0.06225944948734071	0	969	0.8880500000000006	0.95562435500516	12.734169081846874
21	2100	965	1000	10.962301137500937	0.08359595603767851	0	965	0.8884000000000003	0.9616580310880829	12.84183870156606
22	2200	962	1000	13.097528356010729	0.07093442018675794	0	962	0.8895500000000003	0.9625779625779626	12.94737755060196
23	2300	960	1000	12.634652142921857	0.0733425385200699	0	960	0.8897000000000003	0.9677083333333333	13.047299234072367
24	2400	957	1000	9.187571245666975	0.09815882273464586	0	957	0.8903000000000004	0.9655172413793104	13.147354316711425
25	2500	955	1000	9.99080447509953	0.09098515056523597	0	955	0.8911000000000003	0.9664921465968587	13.24873901605606
26	2600	948	1000	10.601362278229999	0.08619677379410036	0	948	0.8921000000000006	0.9694092827004219	13.34545871814092
27	2700	944	1000	10.347429693514496	0.0881256837018818	0	944	0.8927000000000008	0.9703389830508474	13.440051368872325
28	2800	939	1000	8.041318576076925	0.11060333640338389	0	939	0.8939000000000005	0.9701810436634718	13.534473784764607
29	2900	936	1000	7.99667120478323	0.11115222255408572	0	936	0.8943500000000006	0.9743589743589743	13.62833563486735
30	3000	932	1000	7.071916603408341	0.1238863146303758	0	932	0.8952000000000007	0.9796137339055794	13.715087350209554
31	3100	928	1000	5.2482151025233845	0.16004570642840754	0	928	0.8955000000000005	0.9795258620689655	13.796064519882203
32	3200	927	1000	6.4351715866439125	0.13449588733047382	0	927	0.8957000000000006	0.9816612729234089	13.874502352873485
33	3300	921	1000	5.7327325829370395	0.14852810321537635	0	921	0.8963000000000003	0.9815418023887079	13.952415804068247
34	3400	918	1000	4.401618493158071	0.18512969793528444	0	918	0.8970000000000006	0.9814814814814815	14.02886860370636
35	3500	915	1000	3.720378196127609	0.21184743222912863	0	915	0.8977000000000005	0.9814207650273225	14.105940981705983
36	3600	910	1000	3.1858362065180157	0.23890089116311822	0	910	0.8982000000000006	0.9813186813186813	14.186787835756938
37	3700	910	1000	2.694789918211149	0.27065138265943817	0	910	0.8989000000000007	0.9802197802197802	14.264660068353017
38	3800	909	1000	2.5280118064103325	0.28344576347024075	0	909	0.8997500000000008	0.9801980198019802	14.344985834757487
39	3900	904	1000	2.4332234331029063	0.29127145945645955	0	904	0.9007000000000008	0.9756637168141593	14.426085650920868
40	4000	900	1000	2.3583612453766762	0.29776427457786464	0	900	0.9014500000000008	0.9755555555555555	14.508387720584869
41	4100	897	1000	2.6687089738448075	0.272575450145886	0	897	0.9022500000000008	0.9721293199554069	14.592362217108409
42	4200	894	1000	1.8034482156497775	0.35670357469692804	0	894	0.9031500000000009	0.9653243847874721	14.68321235179901
43	4300	889	1000	2.0907041838078517	0.3235508610752797	0	889	0.9036000000000008	0.9628796400449944	14.775672217210134
44	4400	887	1000	1.659506688597863	0.37600958263700285	0	887	0.904350000000001	0.9605411499436303	14.8706649184227
45	4500	882	1000	1.3599334572694113	0.4237407613844594	0	882	0.9054000000000011	0.9591836734693877	14.96968017021815
46	4600	880	1000	1.3624140232383743	0.42329582798074056	0	880	0.905850000000001	0.9556818181818182	15.067269217967986
47	4700	877	1000	1.414094061487052	0.4142340664986402	0	877	0.906250000000001	0.9578107183580388	15.165045416355133
48	4800	873	1000	1.337131916137411	0.4278748636716685	0	873	0.9073500000000013	0.9541809851088202	15.266029600302378
49	4900	869	1000	1.3486552449088773	0.425775559085428	0	869	0.9076500000000012	0.9574223245109321	15.364700798193613
50	5000	866	1000	1.4050020231899742	0.4158000660114242	0	866	0.9086500000000013	0.9561200923787528	15.463410051663717
51	5100	861	1000	1.4712099449975	0.4046600743187814	0	861	0.9092500000000014	0.9581881533101045	15.559299031893412
52	5200	858	1000	1.229197669227421	0.4485918919637901	0	858	0.9099000000000015	0.9615384615384616	15.65355043411255
53	5300	855	1000	1.4141832452911802	0.41421876402732954	0	855	0.9111000000000018	0.9567251461988304	15.747998066743214
54	5400	855	1000	1.1862887842704801	0.45739611674112834	0	855	0.9116500000000024	0.9508771929824561	15.84729586839676
55	5500	853	1000	1.2542041826301586	0.4436155374502148	0	853	0.9120500000000026	0.9519343493552169	15.94380145072937
56	5600	851	1000	1.2270983523779764	0.4490147455464881	0	851	0.9131000000000027	0.9471210340775558	16.04398836692174
57	5700	847	1000	1.308286922646597	0.4332217066210455	0	847	0.9144000000000031	0.9397874852420307	16.151823035875957
58	5800	847	1000	1.1676833066483852	0.4613220007428916	0	847	0.9148500000000029	0.9397874852420307	16.261255101362863
59	5900	846	1000	1.2427487367668353	0.4458814238110365	0	846	0.9155000000000033	0.9326241134751773	16.374050402641295
60	6000	845	1000	1.19654350495007	0.4552607302092709	0	845	0.9164500000000035	0.9266272189349113	16.49216984907786
61	6100	843	1000	1.0323460090826915	0.49204219927656634	0	843	0.9176000000000037	0.9181494661921709	16.620465517044067
62	6200	840	1000	1.0529711512209916	0.48709890511868925	0	840	0.9184000000000038	0.9154761904761904	16.753486434618633
63	6300	839	1000	1.2039714275807516	0.4537263902271532	0	839	0.9185500000000038	0.9201430274135876	16.883962182203927
64	6400	838	1000	1.0595485670843883	0.485543296226151	0	838	0.9197000000000041	0.9224343675417661	17.013558967908224
65	6500	836	1000	1.0256294156942902	0.49367371556324247	0	836	0.9205000000000045	0.9186602870813397	17.144523934523264
66	6600	834	1000	1.001523570552023	0.4996193972995274	0	834	0.9210000000000045	0.9232613908872902	17.2720707376798
67	6700	832	1000	0.9389310127754186	0.5157481072875219	0	832	0.9217500000000045	0.921875	17.407185633977253
68	6800	832	1000	0.9954091596041401	0.5011503506370519	0	832	0.9221000000000047	0.921875	17.541827702522276
69	6900	831	1000	1.0279198930577091	0.49311612525887016	0	831	0.9223000000000049	0.9253910950661853	17.66686688264211
70	7000	829	1000	0.9393512250628224	0.5156363566726323	0	829	0.923100000000005	0.9252110977080821	17.793379799524942
71	7100	828	1000	0.9904115961262355	0.502408648515821	0	828	0.9236500000000051	0.9299516908212561	17.910013083616892
72	7200	830	1000	0.9293509987802612	0.518309006827789	0	830	0.924250000000005	0.9253012048192771	18.02944510380427
73	7300	830	1000	1.0164165757939683	0.49592926977712815	0	830	0.9246500000000052	0.9216867469879518	18.1519766330719
74	7400	830	1000	1.0160358982592903	0.4960229135123198	0	830	0.9251500000000057	0.9240963855421687	18.275611301263172
75	7500	828	1000	0.9114755000207079	0.5231560645109846	0	828	0.9258000000000054	0.9263285024154589	18.393094499905903
76	7600	827	1000	0.893530860417623	0.5281139171819188	0	827	0.9260000000000055	0.9298669891172914	18.50521273612976
77	7700	826	1000	0.8705622927443637	0.5345986091341909	0	826	0.9262500000000056	0.9285714285714286	18.622839919726054
78	7800	824	1000	0.9013451255236706	0.5259434421326211	0	824	0.9264000000000057	0.9320388349514563	18.743437135219573
79	7900	826	1000	0.9157480066678206	0.5219893203696252	0	826	0.9267500000000061	0.923728813559322	18.85778798262278
80	8000	826	1000	0.9096156294752242	0.5236655924704633	0	826	0.927100000000006	0.9261501210653753	18.97604045073191
81	8100	825	1000	0.9400340688853199	0.5154548654779899	0	825	0.927150000000006	0.9284848484848485	19.096188481648763
82	8200	827	1000	0.92116390671586	0.5205177947099023	0	827	0.9273000000000062	0.9334945586457074	19.210454932848613
83	8300	825	1000	0.9713317119941172	0.5072712998607635	0	825	0.9278500000000062	0.9381818181818182	19.31938831806183
84	8400	822	1000	0.9828451054599971	0.5043258281982704	0	822	0.9283000000000063	0.9391727493917275	19.42476243575414
85	8500	820	1000	0.8867479665885771	0.530012496479907	0	820	0.9285500000000064	0.9402439024390243	19.528199168046317
86	8600	819	1000	0.8757153989561662	0.5331299196863761	0	819	0.9286000000000065	0.9377289377289377	19.6351415514946
87	8700	820	1000	0.8682160923090315	0.5352699851568267	0	820	0.9288500000000066	0.9426829268292682	19.73748616774877
88	8800	823	1000	0.8740511927417334	0.533603352924955	0	823	0.9294500000000068	0.9356014580801945	19.844037135442097
89	8900	826	1000	0.9153558979957636	0.5220961812091446	0	826	0.9297000000000072	0.9358353510895884	19.949680817127227
90	9000	823	1000	0.8963511530945968	0.5273284952357747	0	823	0.930400000000007	0.93681652490887	20.05374706586202
91	9100	823	1000	0.9110783397314295	0.5232647868012221	0	823	0.9307500000000071	0.9331713244228432	20.157289667924246
92	9200	826	1000	0.901560161179121	0.5258839664478031	0	826	0.9310000000000074	0.9297820823244553	20.265693084398904
93	9300	826	1000	0.9504786678354568	0.5126946613108821	0	826	0.9312000000000075	0.9261501210653753	20.374767235914867
94	9400	823	1000	0.9824615515152412	0.5044234019245805	0	823	0.9315500000000073	0.928311057108141	20.482343550523122
95	9500	821	1000	0.8757898745363362	0.5331087525180203	0	821	0.9319500000000078	0.9232643118148599	20.59427928129832
96	9600	822	1000	0.8679103520390863	0.5353575983495994	0	822	0.932800000000008	0.916058394160584	20.70878408352534
97	9700	819	1000	0.8664835996236446	0.5357668292406312	0	819	0.9331000000000081	0.9157509157509157	20.82348999977112
98	9800	818	1000	0.8566508176827926	0.5386042385977874	0	818	0.9333500000000082	0.921760391198044	20.93586718638738
99	9900	817	1000	0.8796495317973618	0.5320140712847561	0	817	0.9333500000000081	0.9339045287637698	21.043748251597087
100	10000	817	1000	0.8805727142256137	0.5317529029510472	0	817	0.9337000000000082	0.9302325581395349	21.152037584781645
101	10100	817	1000	0.893644948824807	0.5280820993505664	0	817	0.9343000000000086	0.9155446756425949	21.91279303630193
102	10200	819	1000	0.887720476002902	0.5297394464446454	0	819	0.935050000000009	0.9084249084249084	22.03900638818741
103	10300	823	1000	0.9130320608420507	0.5227303924848151	0	823	0.9349000000000095	0.9003645200486027	22.167900133132935
104	10400	821	1000	0.9519826041088975	0.5122996474943031	0	821	0.9354000000000094	0.8976857490864799	22.302135717868804
105	10500	824	1000	0.8620736220327373	0.5370356940604462	0	824	0.93545000000001	0.8907766990291263	22.438863937060038
106	10600	822	1000	0.8507191873518077	0.5403304871069603	0	822	0.9355500000000102	0.8941605839416058	22.57912216583888
107	10700	824	1000	0.8460161952761839	0.5417070568280629	0	824	0.9356500000000105	0.8895631067961165	22.71616830031077
108	10800	823	1000	0.8408110766077375	0.5432387998462116	0	823	0.9358000000000104	0.8894289185905225	22.85245213508606
109	10900	818	1000	0.8519062058606474	0.5399841508362266	0	818	0.9364000000000103	0.882640586797066	22.992896687984466
110	11000	819	1000	0.8689004058056918	0.5350739915800357	0	819	0.9364000000000104	0.8901098901098901	23.126883904139202
111	11100	816	1000	0.8798741724087071	0.5319504968349488	0	816	0.9368500000000102	0.9056372549019608	23.255357269446055
112	11200	815	1000	0.8824171973988005	0.5312318658062836	0	815	0.9368500000000103	0.912883435582822	23.38110814889272
113	11300	815	1000	0.9026607162479412	0.5255797796529936	0	815	0.9369000000000102	0.9226993865030675	23.493317504723866
114	11400	812	1000	0.9434696946076347	0.5145436549767703	0	812	0.9371000000000103	0.9224137931034483	23.60819270213445
115	11500	812	1000	0.8534901830707152	0.5395226848967063	0	812	0.9375500000000105	0.9261083743842364	23.720890367031096
116	11600	811	1000	0.8437660355627441	0.5423681642420458	0	811	0.9376500000000104	0.9272503082614056	23.831217352549235
117	11700	813	1000	0.84410735891379	0.5422677780479206	0	813	0.9377000000000103	0.931119311193112	23.937051248550414
118	11800	812	1000	0.8368592445056166	0.5444075276813853	0	812	0.9378000000000105	0.9224137931034483	24.05092463095983
119	11900	811	1000	0.8349050504906489	0.5449873276726785	0	811	0.9380500000000104	0.9247842170160296	24.16469030380249
120	12000	814	1000	0.8608159240906746	0.5373986685376578	0	814	0.9388500000000106	0.9127764127764127	24.28331968386968
121	12100	816	1000	0.8781046939819105	0.532451680252087	0	816	0.939350000000011	0.8982843137254902	24.416772051652273
122	12200	815	1000	0.8844059941120567	0.5306712052097913	0	815	0.9399000000000108	0.898159509202454	24.547346218427023
123	12300	817	1000	0.8995163869239025	0.5264497884218893	0	817	0.9406500000000105	0.8788249694002448	24.692587836583456
124	12400	815	1000	0.9525630644747961	0.5121473504206543	0	815	0.9409500000000101	0.8822085889570552	24.83855234781901
125	12500	815	1000	0.8596235862757372	0.5377432332973885	0	815	0.94135000000001	0.8834355828220859	24.9841322183609
126	12600	813	1000	0.8440550227461585	0.542283168162089	0	813	0.94175000000001	0.8892988929889298	25.12168048620224
127	12700	815	1000	0.8420023656036821	0.5428874678302971	0	815	0.94210000000001	0.8797546012269939	25.264145751794178
128	12800	813	1000	0.8322655195694141	0.5457724272598885	0	813	0.9425000000000101	0.8831488314883149	25.404245853424072
129	12900	814	1000	0.8305964281893794	0.5462700487125324	0	814	0.9429500000000102	0.8783783783783784	25.55019431511561
130	13000	812	1000	0.8552148099480023	0.539021139028115	0	812	0.9434000000000101	0.8817733990147784	25.69857776959737
131	13100	815	1000	0.8746490329951772	0.5334331826380713	0	815	0.9435500000000101	0.8932515337423312	25.83846680323283
132	13200	815	1000	0.8767275023044367	0.5328424072072788	0	815	0.9440000000000103	0.8957055214723927	25.978160432974498
133	13300	815	1000	0.8935520467842075	0.5281080082790889	0	815	0.9443000000000101	0.9042944785276074	26.112358836332955
134	13400	810	1000	0.9492082498347787	0.5130288157177476	0	810	0.9444500000000098	0.9098765432098765	26.234076098601022
135	13500	807	1000	0.8589105441661037	0.5379495011948486	0	807	0.9447500000000097	0.9120198265179678	26.356792267163595
136	13600	807	1000	0.8455834014065557	0.5418340884719055	0	807	0.9451500000000103	0.9045848822800495	26.48300613562266
137	13700	805	1000	0.8381989958846586	0.5440107421659951	0	805	0.9452000000000101	0.9043478260869565	26.613128368059794
138	13800	809	1000	0.8259418394725319	0.547662569739283	0	809	0.94530000000001	0.8862793572311496	26.750218518575032
139	13900	811	1000	0.8190589952185011	0.5497347819001782	0	811	0.9458000000000104	0.8779284833538841	26.899519900480907
140	14000	809	1000	0.8391968051396111	0.5437156030314501	0	809	0.9459500000000103	0.8825710754017305	27.04254678487778
141	14100	811	1000	0.8602318402306315	0.5375674033597985	0	811	0.9462000000000106	0.8779284833538841	27.18855352004369
142	14200	808	1000	0.8634009679559057	0.5366531504472544	0	808	0.9462500000000107	0.8861386138613861	27.330619486172996
143	14300	809	1000	0.8752725931948672	0.533255806984476	0	809	0.9467500000000105	0.8850432632880099	27.471659235159557
144	14400	806	1000	0.9284756951757385	0.5185442588162211	0	806	0.9470500000000105	0.8846153846153846	27.609591436386108
145	14500	806	1000	0.8487788571150506	0.5408975747161356	0	806	0.9471500000000105	0.8895781637717122	27.747000634670258
146	14600	808	1000	0.8327851503029077	0.5456176900138722	0	808	0.9471000000000104	0.8886138613861386	27.890436534086863
147	14700	807	1000	0.8155674325862069	0.5507919904553135	0	807	0.9472500000000104	0.8835192069392813	28.039239700635274
148	14800	807	1000	0.802656121744726	0.5547369728132817	0	807	0.9473500000000101	0.8971499380421314	28.17611218293508
149	14900	807	1000	0.8023256471308599	0.5548386894410064	0	807	0.94750000000001	0.9070631970260223	28.302776050567626
150	15000	806	1000	0.8254879114619788	0.5477987521698404	0	806	0.94765000000001	0.8945409429280397	28.440552934010825
151	15100	808	1000	0.8454169065245046	0.5418829731452455	0	808	0.9477500000000098	0.8948019801980198	28.57749400138855
152	15200	808	1000	0.8467820283272056	0.54148241896516	0	808	0.94785000000001	0.8849009900990099	28.71934548219045
153	15300	805	1000	0.8510014127075278	0.5402481019921337	0	805	0.94795000000001	0.8919254658385093	28.859271868069968
154	15400	808	1000	0.9012420666060532	0.5259719514754483	0	808	0.9480500000000099	0.8774752475247525	29.002178951104483
155	15500	807	1000	0.8212709437386508	0.5490671244923228	0	807	0.9480500000000098	0.8822800495662949	29.1453506509463
156	15600	807	1000	0.804979449745341	0.5540229281508369	0	807	0.9481500000000098	0.8872366790582404	29.287603851159414
157	15700	804	1000	0.7894161127998313	0.5588415086054735	0	804	0.9482500000000098	0.8917910447761194	29.4279283841451
158	15800	803	1000	0.7729472571796702	0.5640325711610609	0	803	0.9481000000000097	0.8829389788293898	29.567989166577657
159	15900	798	1000	0.7703621369916674	0.5648561834355966	0	798	0.9479500000000095	0.8771929824561403	29.715386287371317
160	16000	795	1000	0.7888901468626728	0.5590058180787592	0	795	0.9480000000000094	0.8830188679245283	29.860635050137837
161	16100	795	1000	0.8044847953071388	0.5541747996994297	0	795	0.9482500000000096	0.8842767295597485	30.009408752123516
162	16200	790	1000	0.8062533729576553	0.553632184150636	0	790	0.9482500000000094	0.8936708860759494	30.1553994178772
163	16300	785	1000	0.8125192628827591	0.5517182743810011	0	785	0.9483000000000088	0.8980891719745223	30.290271814664205
164	16400	784	1000	0.8668560615944068	0.53565993681695	0	784	0.9482000000000083	0.9132653061224489	30.418464585145315
165	16500	780	1000	0.7885234119331657	0.5591204416603792	0	780	0.9482000000000081	0.9051282051282051	30.54489518404007
166	16600	781	1000	0.7710020978146461	0.5646520697146348	0	781	0.9483000000000087	0.8988476312419974	30.680239935715992
167	16700	779	1000	0.7619494275501181	0.567553179656489	0	779	0.9483000000000088	0.9088575096277278	30.80259962081909
168	16800	777	1000	0.7487727763225032	0.5718295787420145	0	777	0.9486000000000085	0.9163449163449163	30.92434273560842
169	16900	772	1000	0.7505021476098863	0.5712646518973927	0	772	0.9485500000000083	0.9235751295336787	31.040078035990398
170	17000	769	1000	0.7732673348898962	0.5639307623416471	0	769	0.9487000000000084	0.9336801040312094	31.148324167728425
171	17100	769	1000	0.7892902958424401	0.5588808044863265	0	769	0.9487000000000084	0.951885565669701	31.24782331784566
172	17200	771	1000	0.7929967333129205	0.5577255002312802	0	771	0.9488000000000086	0.9442282749675746	31.34461781581243
173	17300	774	1000	0.8003588664741013	0.5554448163762162	0	774	0.9486500000000085	0.937984496124031	31.44227088689804
174	17400	772	1000	0.8536673778484297	0.5394711111336005	0	772	0.9486000000000083	0.9352331606217616	31.543657902876536
175	17500	769	1000	0.7771240805776586	0.5627069099614854	0	769	0.9488000000000084	0.9323797139141743	31.649983251094817
176	17600	774	1000	0.7654445738714338	0.5664295638616994	0	774	0.9487500000000086	0.9354005167958657	31.752719950675964
177	17700	775	1000	0.7522662184928377	0.5706895387506368	0	775	0.9487000000000086	0.9290322580645162	31.85632214943568
178	17800	774	1000	0.7433524671293804	0.5736074711539021	0	774	0.9486000000000087	0.9315245478036176	31.9604510029157
179	17900	772	1000	0.7456447537250727	0.5728542407417525	0	772	0.9486000000000084	0.9352331606217616	32.06051298379898
180	18000	775	1000	0.7672512526852422	0.5658504971947562	0	775	0.9485000000000088	0.9212903225806451	32.17289196650187
181	18100	773	1000	0.7826475293248061	0.5609633893127258	0	773	0.9484000000000085	0.9172056921086675	32.2865595181783
182	18200	772	1000	0.7879077223594583	0.559312982148947	0	772	0.9484500000000088	0.9248704663212435	32.40135496854782
183	18300	772	1000	0.8000282723630286	0.5555468296546403	0	772	0.9483500000000089	0.9209844559585493	32.51749443213145
184	18400	767	1000	0.8518509528494448	0.5400002621492291	0	767	0.9486000000000082	0.9178617992177314	32.63054061730703
185	18500	766	1000	0.772787116611455	0.5640835217211091	0	766	0.9483500000000081	0.9177545691906005	32.74910105069478
186	18600	764	1000	0.7545593685000264	0.5699436667423231	0	764	0.9482500000000079	0.9136125654450262	32.86852250099182
187	18700	764	1000	0.7445209115906376	0.5732232805900902	0	764	0.948350000000008	0.9149214659685864	32.98174612124761
188	18800	763	1000	0.7358262750422108	0.5760945172786273	0	763	0.9484000000000078	0.9148099606815203	33.092419318358104
189	18900	760	1000	0.7373485560516565	0.575589737889227	0	760	0.9483500000000078	0.9105263157894737	33.20737226406733
190	19000	763	1000	0.7580143967055996	0.5688235556397789	0	763	0.9485000000000079	0.908256880733945	33.32890906731288
191	19100	764	1000	0.7746318578602277	0.5634971532663432	0	764	0.948400000000008	0.8979057591623036	33.453364952405295
192	19200	766	1000	0.7732954318080523	0.5639218271601816	0	766	0.9483000000000081	0.8968668407310705	33.580130251248676
193	19300	766	1000	0.7830451530980332	0.5608382929969576	0	766	0.948450000000008	0.8955613577023499	33.708828151226044
194	19400	769	1000	0.8356004358559769	0.5447808686827208	0	769	0.9483500000000084	0.8868660598179454	33.84173770348231
195	19500	772	1000	0.758438533082436	0.5686863550738169	0	772	0.9484500000000089	0.8937823834196891	33.978300901254016
196	19600	779	1000	0.7481925947065609	0.5720193547484125	0	779	0.9485500000000097	0.8844672657252889	34.13668911854426
197	19700	781	1000	0.7406406055707082	0.5745011329734707	0	781	0.9485500000000099	0.8847631241997439	34.269175219535825
198	19800	779	1000	0.7342273803329222	0.5766256555169994	0	779	0.94855000000001	0.8780487804878049	34.409205416838326
199	19900	779	1000	0.7361755105960588	0.5759786345890128	0	779	0.94855000000001	0.8806161745827985	34.54428990284602
200	20000	779	1000	0.7631717334809752	0.5671597275585464	0	779	0.94865000000001	0.8870346598202824	34.69082709948222
201	20100	779	1000	0.7861304048187897	0.5598695354505508	0	779	0.94870000000001	0.8960205391527599	34.82405706644058
202	20200	778	1000	0.7843071951185464	0.5604416115878307	0	778	0.9484500000000097	0.8804627249357326	34.970387415091196
203	20300	777	1000	0.7853242908880372	0.5601223290938312	0	777	0.9483000000000097	0.888030888030888	35.108180383841194
204	20400	775	1000	0.8334446917251642	0.545421416044494	0	775	0.9483000000000096	0.8941935483870967	35.24232326745987
205	20500	779	1000	0.7590473763784393	0.5684895207648241	0	779	0.9485000000000097	0.8934531450577664	35.37283363342285
206	20600	779	1000	0.7487525385421567	0.5718361963515133	0	779	0.9486500000000097	0.9024390243902439	35.507712300618486
207	20700	777	1000	0.7368162685997105	0.575766140655879	0	777	0.9487500000000096	0.8996138996138996	35.63927691777547
208	20800	777	1000	0.7252128630803322	0.5796386181671058	0	777	0.9487500000000096	0.8944658944658944	35.77929816643397
209	20900	778	1000	0.7278316833232858	0.5787600781093531	0	778	0.9487500000000093	0.8830334190231363	35.92946878671646
210	21000	780	1000	0.753333203847807	0.5703422474435738	0	780	0.9486500000000095	0.8897435897435897	36.079712633291884
211	21100	779	1000	0.771711531000143	0.5644259703132898	0	779	0.9493500000000096	0.8793324775353016	36.23095371723175
212	21200	781	1000	0.7683545512417704	0.5654974559812013	0	781	0.9496000000000098	0.882202304737516	36.392495437463126
213	21300	781	1000	0.7681707629955862	0.5655562352506199	0	781	0.9497000000000099	0.8732394366197183	36.54871913194656
214	21400	785	1000	0.8138450173602768	0.5513150188847551	0	785	0.9499000000000101	0.8624203821656051	36.70789051850637
215	21500	783	1000	0.7494848711414737	0.5715968262975245	0	783	0.9499500000000101	0.8684546615581098	36.86894805431366
216	21600	786	1000	0.7394558203665651	0.5748924395155173	0	786	0.9497500000000103	0.8536895674300254	37.03947254816691
217	21700	783	1000	0.7224604111471281	0.5805648672842458	0	783	0.9500500000000105	0.8416347381864623	37.21897418498993
218	21800	784	1000	0.7073196824001374	0.5857133905902189	0	784	0.9500000000000107	0.8494897959183674	37.387656434377035
219	21900	786	1000	0.7102093223574579	0.5847237451738003	0	786	0.9498500000000107	0.8435114503816794	37.56384789943695
220	22000	781	1000	0.7313963285379462	0.5775685113323742	0	781	0.9499000000000104	0.8425096030729834	37.74085528055827
221	22100	782	1000	0.7540429988601217	0.5701114514580644	0	782	0.9501500000000106	0.8529411764705882	37.91148215134938
222	22200	782	1000	0.7540065404419682	0.5701233016770985	0	782	0.950250000000011	0.8554987212276215	38.08782252073288
223	22300	780	1000	0.7538894994412924	0.5701613472904384	0	780	0.9503000000000112	0.8564102564102564	38.26160346666972
224	22400	783	1000	0.8003892101125935	0.5554354549466899	0	783	0.950450000000011	0.8544061302681992	38.43407131830851
225	22500	781	1000	0.7224862324268698	0.5805561642086775	0	781	0.950450000000011	0.8437900128040973	38.614187852541605
226	22600	774	1000	0.7042491696990654	0.5867686590550483	0	774	0.9507500000000106	0.8436692506459949	38.81199848651886
227	22700	774	1000	0.6920155888198815	0.5910111033300014	0	774	0.9510500000000108	0.8501291989664083	38.99424854914347
228	22800	776	1000	0.6777314815635046	0.5960429371380002	0	776	0.9511000000000113	0.8298969072164949	39.19086455106735
229	22900	776	1000	0.6798228490404171	0.5953008679285678	0	776	0.9511000000000115	0.845360824742268	39.367220667998
230	23000	771	1000	0.7051889320168241	0.5864452795956416	0	771	0.9512000000000113	0.8378728923476005	39.56029406785965
231	23100	770	1000	0.7287182195763524	0.5784632733523596	0	770	0.9513000000000112	0.8116883116883117	39.766013117631275
232	23200	770	1000	0.7290647463199335	0.5783473418958756	0	770	0.951150000000011	0.8142857142857143	39.96565661827723
233	23300	763	1000	0.7299881426162157	0.5780386439456898	0	763	0.9513500000000109	0.8034076015727392	40.18247094949086
234	23400	756	1000	0.777509799696338	0.5625848027227954	0	756	0.9515500000000109	0.7976190476190477	40.39659111499786
235	23500	754	1000	0.710940191557628	0.5844739663807926	0	754	0.9516500000000104	0.8050397877984085	40.59996725320816
236	23600	752	1000	0.6997577140241105	0.5883191420455677	0	752	0.9516000000000107	0.8058510638297872	40.8099027355512
237	23700	749	1000	0.6909109988366381	0.5913971821627566	0	749	0.9514000000000106	0.8050734312416555	41.0104359348615
238	23800	754	1000	0.675189456711112	0.5969474055569172	0	754	0.9514000000000106	0.8196286472148541	41.204523519674936
239	23900	755	1000	0.671484429803644	0.5982706043618211	0	755	0.9514500000000109	0.8026490066225166	41.40869871775309
240	24000	758	1000	0.6893416765812764	0.5919465634824694	0	758	0.9515500000000113	0.8060686015831134	41.61396746635437
241	24100	760	1000	0.7090004326362493	0.5851373591857036	0	760	0.9514500000000117	0.825	41.81291288137436
242	24200	760	1000	0.7102652918275898	0.5847046097342008	0	760	0.9514500000000117	0.825	42.008585166931155
243	24300	766	1000	0.709414501101534	0.5849956223932857	0	766	0.951300000000012	0.8289817232375979	42.20906534989675
244	24400	767	1000	0.7528444108523689	0.5705012913917	0	767	0.951400000000012	0.8305084745762712	42.39786014954249
245	24500	764	1000	0.6899521830120464	0.5917327188617099	0	764	0.9521000000000119	0.8232984293193717	42.592465901374815
246	24600	766	1000	0.6838623842620533	0.5938727590486834	0	766	0.952250000000012	0.8172323759791122	42.798794102668765
247	24700	766	1000	0.6750418655869029	0.5970000037280375	0	766	0.9523000000000121	0.8289817232375979	42.982619337240855
248	24800	764	1000	0.6644910708895043	0.6007842381909563	0	764	0.952250000000012	0.8363874345549738	43.16063266992569
249	24900	767	1000	0.6630462911768124	0.6013061724772408	0	767	0.9525500000000124	0.8448500651890483	43.34523660341899
250	25000	770	1000	0.6822649680258287	0.5944366785296135	0	770	0.9525500000000121	0.8506493506493507	43.52784158786138
251	25100	770	1000	0.7014872793091048	0.5877211144393942	0	770	0.9525500000000118	0.8428571428571429	44.7286027153333
252	25200	775	1000	0.7040128496185389	0.5868500347423204	0	775	0.952700000000012	0.8283870967741935	44.92978408336639
253	25300	780	1000	0.6982564808948195	0.5888392072987086	0	780	0.9528500000000122	0.8333333333333334	45.131064184506734
254	25400	782	1000	0.733789027748777	0.5767714433505449	0	782	0.9528500000000125	0.8260869565217391	45.332561218738554
255	25500	786	1000	0.669646061037341	0.5989293319918989	0	786	0.9531000000000126	0.8193384223918575	45.54305383761724
256	25600	788	1000	0.6569376724505231	0.603523003083787	0	788	0.9531000000000127	0.8299492385786802	45.74445218642553
257	25700	786	1000	0.6460498700044376	0.6075150080339329	0	786	0.9533000000000126	0.8282442748091603	45.93679320414861
258	25800	785	1000	0.635134735608009	0.6115703973643246	0	785	0.9535000000000121	0.8229299363057325	46.14211999972661
259	25900	784	1000	0.6369864325516327	0.6108786121344099	0	784	0.9535000000000122	0.8431122448979592	46.33006989955902
260	26000	789	1000	0.6561666416903336	0.6038039740852225	0	789	0.9533500000000124	0.8301647655259823	46.54187918504079
261	26100	792	1000	0.6748799492331512	0.5970577177533548	0	792	0.9533500000000125	0.8207070707070707	46.76277228196462
262	26200	792	1000	0.6807209784709539	0.5949827560965866	0	792	0.9533500000000124	0.8459595959595959	46.961509652932484
263	26300	791	1000	0.6795086545124408	0.5954122339966736	0	791	0.9535500000000123	0.8508217446270544	47.16252223650614
264	26400	792	1000	0.7265669317483766	0.5791840337098129	0	792	0.9535500000000121	0.86489898989899	47.34874711831411
265	26500	793	1000	0.6657379055634638	0.6003345404220319	0	793	0.9535000000000122	0.8764186633039092	47.5222870349884
266	26600	793	1000	0.6540184706570441	0.6045881698060838	0	793	0.9535000000000122	0.880201765447667	47.69310655196508
267	26700	794	1000	0.6447148475667785	0.6080081306978036	0	794	0.9534500000000123	0.8690176322418136	47.87468874851863
268	26800	797	1000	0.6331431190264072	0.6123162069201544	0	797	0.9535000000000123	0.8795483061480552	48.04912326733271
269	26900	804	1000	0.6366401926297474	0.6110078467480404	0	804	0.9535000000000122	0.8519900497512438	48.24973575274149
270	27000	809	1000	0.6540190145275733	0.6045879710068651	0	809	0.9533500000000121	0.8467243510506799	48.49403531948725
271	27100	805	1000	0.6723234889887667	0.5979704325056676	0	805	0.953300000000012	0.8633540372670807	48.68058238824209
272	27200	806	1000	0.677921503364375	0.5959754362733388	0	806	0.953200000000012	0.8362282878411911	48.89553788503011
273	27300	804	1000	0.6744369215218549	0.5972156891351419	0	804	0.9533000000000119	0.8482587064676617	49.09136338233948
274	27400	805	1000	0.7153308441228299	0.5829779155585411	0	805	0.9534000000000121	0.8484472049689441	49.29093176523845
275	27500	806	1000	0.6565736998666819	0.603655605591516	0	806	0.9533500000000124	0.8411910669975186	49.489239986737566
276	27600	807	1000	0.6497070485072542	0.6061682290227559	0	807	0.9533000000000125	0.8364312267657993	49.69515588680903
277	27700	813	1000	0.6324544717817545	0.6125745111338649	0	813	0.9532000000000124	0.8265682656826568	49.91472429831823
278	27800	812	1000	0.6210330319803496	0.6168905754982309	0	812	0.9532500000000125	0.8091133004926109	50.13377081950505
279	27900	813	1000	0.6232713447698994	0.6160399511898925	0	813	0.9530500000000125	0.8265682656826568	50.33902653455734
280	28000	812	1000	0.6420657322810489	0.6089890193438641	0	812	0.9529500000000126	0.8300492610837439	50.56430536905925
281	28100	811	1000	0.6632313249780132	0.6012392774127312	0	811	0.9529500000000124	0.8286066584463625	50.77195469935735
282	28200	818	1000	0.668804350072761	0.599231419762538	0	818	0.9532500000000124	0.7946210268948656	51.05542921622594
283	28300	817	1000	0.6655635167508548	0.6003973970027744	0	817	0.9532000000000125	0.7894736842105263	51.283477783203125
284	28400	820	1000	0.710140934817825	0.5847471279357022	0	820	0.9533000000000122	0.7792682926829269	51.52527723312378
285	28500	826	1000	0.6507049585780121	0.6058017786906285	0	826	0.9532500000000124	0.7808716707021792	51.78312276999156
286	28600	825	1000	0.6380386404364805	0.6104862091247949	0	825	0.9532000000000121	0.7806060606060606	52.062298087279004
287	28700	824	1000	0.6250361195005119	0.6153709372979171	0	824	0.9533000000000126	0.7779126213592233	52.36364028453827
288	28800	827	1000	0.6115162226065642	0.6205336229147848	0	827	0.9532000000000129	0.7859733978234583	52.618515169620515
289	28900	827	1000	0.6114847678119619	0.6205457351966024	0	827	0.9531500000000132	0.7787182587666264	52.87459786732992
290	29000	827	1000	0.6291277067619924	0.6138254207139914	0	827	0.9532000000000134	0.8016928657799275	53.10657724936803
291	29100	832	1000	0.6494016435206429	0.6062804677855801	0	832	0.9532000000000137	0.8016826923076923	53.35245770215988
292	29200	834	1000	0.6512898122939706	0.605587215856919	0	834	0.9531500000000138	0.842925659472422	53.587866417566936
293	29300	830	1000	0.6413777793859973	0.6092442657375791	0	830	0.9533500000000138	0.8228915662650602	53.83246467113495
294	29400	830	1000	0.680713369039423	0.5949854498816353	0	830	0.9532000000000139	0.8036144578313253	54.10092990398407
295	29500	831	1000	0.6199433990799487	0.6173055185557426	0	831	0.9531500000000139	0.8062575210589651	54.3411239027977
296	29600	832	1000	0.6078394932798529	0.6219526290899143	0	832	0.9531500000000136	0.8028846153846154	54.582055016358694
297	29700	831	1000	0.5952462026570424	0.6268624857620095	0	831	0.9530500000000136	0.8050541516245487	54.827948586146036
298	29800	829	1000	0.5894597769913013	0.6291445775953554	0	829	0.9529500000000134	0.8021712907117008	55.078896284103394
299	29900	830	1000	0.5866968401692185	0.6302401156186532	0	830	0.9530500000000138	0.791566265060241	55.33628506660462
300	30000	829	1000	0.602702302967044	0.6239461927200854	0	829	0.9529500000000137	0.7780458383594693	55.601337265968326
301	30100	831	1000	0.6271192467027321	0.614583105710565	0	831	0.9527500000000136	0.7545126353790613	73.8264177719752
302	30200	832	1000	0.6300653605903959	0.6134723331816636	0	832	0.9528500000000136	0.7560096153846154	74.11110990047455
303	30300	830	1000	0.6217220181552223	0.6166284904595071	0	830	0.9528000000000135	0.7710843373493976	74.38495693604152
304	30400	827	1000	0.6602590983722215	0.6023156271093087	0	827	0.9529000000000137	0.7920193470374849	74.63615481853485
305	30500	827	1000	0.6075836710030613	0.6220516033084885	0	827	0.9528500000000139	0.7920193470374849	74.88832825024923
306	30600	833	1000	0.6007944564589186	0.6246898194613176	0	833	0.952800000000014	0.7827130852340937	75.15345191558202
307	30700	834	1000	0.5843211639933333	0.6311851553377393	0	834	0.9527500000000135	0.7829736211031175	75.42905736764273
308	30800	832	1000	0.5736838202876975	0.6354516625945752	0	832	0.9527500000000133	0.7956730769230769	76.19841665029526
309	30900	836	1000	0.5769359326399449	0.6341411716872366	0	836	0.9529000000000133	0.8038277511961722	76.48716033697129
310	31000	838	1000	0.5934870674371241	0.6275545126377112	0	838	0.9529000000000135	0.7923627684964201	76.77374410231909
311	31100	842	1000	0.6136962744449316	0.6196953019204146	0	842	0.9528000000000139	0.8064133016627079	77.06512771844864
312	31200	843	1000	0.6188582946177041	0.6177192922473499	0	843	0.9527000000000138	0.7912218268090154	77.34510046641032
313	31300	856	1000	0.6038454781816993	0.6235014617079653	0	856	0.9525000000000138	0.7313084112149533	77.73065890073777
314	31400	856	1000	0.6423793281198323	0.6088727390065137	0	856	0.9525000000000139	0.7336448598130841	78.03524703582129
315	31500	858	1000	0.5855468940864995	0.6306972084708615	0	858	0.9524000000000136	0.7214452214452215	78.37341958284378
316	31600	860	1000	0.5724342048954362	0.6359566568106411	0	860	0.952450000000014	0.7093023255813954	78.74346754948299
317	31700	856	1000	0.5532049026326918	0.6438300563595917	0	856	0.9524000000000145	0.7102803738317757	79.08709799846014
318	31800	858	1000	0.5404932495038305	0.649142734200286	0	858	0.952500000000014	0.6899766899766899	79.46362465222677
319	31900	857	1000	0.5399449575083846	0.6493738591916882	0	857	0.9525500000000139	0.6977829638273045	79.78561696608861
320	32000	857	1000	0.5621061529112127	0.6401613604404247	0	857	0.9525000000000147	0.7012835472578763	80.14345904986064
321	32100	858	1000	0.5809464135490331	0.632532508015323	0	858	0.9526000000000148	0.7156177156177156	80.49036184946696
322	32200	861	1000	0.5882210504477248	0.6296352763477708	0	861	0.952600000000015	0.7154471544715447	80.8396664539973
323	32300	872	1000	0.579114140651396	0.6332664462034978	0	872	0.9527000000000151	0.7717889908256881	81.19978176752726
324	32400	871	1000	0.6183705765736464	0.6179054503803219	0	871	0.9526500000000147	0.7623421354764638	81.53385279973348
325	32500	863	1000	0.5667868941033116	0.6382488925351334	0	863	0.9526000000000144	0.7670915411355735	81.8627434651057
326	32600	865	1000	0.5571423196786092	0.6422020565251851	0	865	0.9526000000000144	0.7907514450867053	82.16226453383764
327	32700	868	1000	0.5386371029962527	0.649925832447858	0	868	0.952500000000015	0.7868663594470046	82.46742505232493
328	32800	870	1000	0.5320374322331246	0.6527255659428519	0	870	0.9525500000000147	0.8057471264367816	82.76075643698374
329	32900	874	1000	0.5328062093991197	0.65239819219679	0	874	0.9524500000000149	0.7768878718535469	83.10823453267416
330	33000	875	1000	0.5519897964299285	0.6443341330595851	0	875	0.9525000000000148	0.7805714285714286	83.42263863484065
331	33100	876	1000	0.565108635810398	0.6389332836836656	0	876	0.952400000000015	0.7705479452054794	83.77597889900207
332	33200	872	1000	0.5709256287730141	0.6365673725630533	0	872	0.952450000000015	0.7580275229357798	84.14205393393834
333	33300	872	1000	0.5593902139115985	0.6412763085716593	0	872	0.9524000000000152	0.7672018348623854	84.47625286579132
334	33400	884	1000	0.5931041558436583	0.6277053489138826	0	884	0.952350000000016	0.7364253393665159	84.95365202029546
335	33500	886	1000	0.532974560225862	0.6523265460143476	0	886	0.9523500000000164	0.7257336343115124	85.4421522696813
336	33600	888	1000	0.5230941856567808	0.6565582151236334	0	888	0.9523500000000165	0.7072072072072072	85.88591378132502
337	33700	889	1000	0.5029644279052664	0.6653517418198212	0	889	0.9525000000000163	0.703037120359955	86.31988906462988
338	33800	886	1000	0.49933730994828096	0.6669613257569736	0	886	0.952550000000016	0.708803611738149	86.71947830120722
339	33900	890	1000	0.49603122846354186	0.6684352445149309	0	890	0.9524500000000165	0.7101123595505618	87.18775911728541
340	34000	890	1000	0.5155423844614889	0.6598297812405463	0	890	0.9524500000000166	0.7044943820224719	87.64021563529968
341	34100	894	1000	0.5260560442329425	0.6552839286466969	0	894	0.9524500000000161	0.7170022371364653	88.07040788332621
342	34200	894	1000	0.5349134493157534	0.6515025328925148	0	894	0.9524000000000161	0.7225950782997763	88.51707543532054
343	34300	894	1000	0.5194626846172644	0.6581273828727743	0	894	0.9523500000000159	0.7304250559284117	88.90043609937032
344	34400	895	1000	0.5497451192704949	0.6452673975645271	0	895	0.9522000000000158	0.7575418994413408	89.34877418677011
345	34500	897	1000	0.5016744051463154	0.6659233163813331	0	897	0.9521500000000157	0.7948717948717948	89.70855449835459
346	34600	903	1000	0.49262551697015244	0.6699604077718556	0	903	0.9521000000000158	0.8028792912513842	90.11657665173213
347	34700	902	1000	0.4660901541059447	0.6820862940791133	0	902	0.9520500000000156	0.8215077605321508	90.46896820068359
348	34800	900	1000	0.45621357061005524	0.6867124576933228	0	900	0.9520000000000157	0.8133333333333334	90.90178125301996
349	34900	901	1000	0.4552908303728197	0.6871478739021656	0	901	0.9519000000000156	0.8135405105438401	91.28713725010554
350	35000	900	1000	0.4690003078085529	0.6807350513709522	0	900	0.9519000000000154	0.8088888888888889	91.74328263600667
351	35100	900	1000	0.4781983945479307	0.6764991787897486	0	900	0.9518000000000154	0.8088888888888889	92.16973998546601
352	35200	903	1000	0.4842801223154928	0.6737272735553376	0	903	0.9517000000000155	0.7807308970099668	92.77390926678976
353	35300	900	1000	0.46928987430779556	0.6806008926394561	0	900	0.9516500000000153	0.7833333333333333	93.17729821602504
354	35400	904	1000	0.49813103898551764	0.6674983522650765	0	904	0.9515500000000156	0.7721238938053098	93.71356335481008
355	35500	903	1000	0.44625721439816346	0.691439938929628	0	903	0.9515000000000153	0.7652270210409745	94.1526242017746
356	35600	904	1000	0.43652176480988836	0.6961258955462758	0	904	0.9515000000000152	0.7632743362831859	94.64891941944758
357	35700	902	1000	0.4185717333888477	0.7049343903188348	0	902	0.9514500000000153	0.7494456762749445	95.15923898220062
358	35800	901	1000	0.4119548873719375	0.708237925264945	0	901	0.9514500000000152	0.7447280799112098	95.69679550329845
359	35900	900	1000	0.4141437745285122	0.7071416768308503	0	900	0.9514500000000151	0.7577777777777778	96.13053075075149
360	36000	903	1000	0.43380282809486503	0.6974459670502454	0	903	0.9515000000000152	0.7674418604651163	96.5925598502159
361	36100	904	1000	0.4517530791642994	0.688822372311171	0	904	0.9515000000000154	0.7699115044247787	97.03794910113017
362	36200	902	1000	0.4659214184622787	0.6821648059750566	0	902	0.9515000000000152	0.8215077605321508	97.43938150405884
363	36300	907	1000	0.4537063939640257	0.6878968161329739	0	907	0.9514500000000153	0.8070562293274531	97.89738864898682
364	36400	906	1000	0.4872554058135186	0.6723794689809898	0	906	0.9514500000000152	0.8366445916114791	98.31397555271785
365	36500	906	1000	0.43563058936310795	0.6965580194579389	0	906	0.9514500000000152	0.8233995584988962	98.84602355162302
366	36600	906	1000	0.4289489140583046	0.6998150809744046	0	906	0.9514500000000152	0.8377483443708609	99.29467298587163
367	36700	908	1000	0.4141644889378865	0.7071313187556093	0	908	0.9514500000000152	0.8248898678414097	99.87539315223694
368	36800	906	1000	0.4084377863918238	0.710006511939607	0	906	0.9514500000000151	0.8432671081677704	100.3487160007159
369	36900	908	1000	0.4109051325640128	0.7087648750576999	0	908	0.9514500000000153	0.8215859030837004	100.88982118368149
370	37000	915	1000	0.42784987572607946	0.7003537395634731	0	915	0.9514500000000158	0.8120218579234972	101.4462527871132
371	37100	913	1000	0.43801606056590364	0.6954025253420808	0	913	0.9514500000000156	0.7897042716319824	102.06265591780344
372	37200	914	1000	0.4490677723789473	0.6900988477290411	0	914	0.9514500000000157	0.7603938730853391	102.75000536839167
373	37300	915	1000	0.4379497937520618	0.6954345724343314	0	915	0.9514000000000155	0.7672131147540984	103.31852071682611
374	37400	915	1000	0.4742444447999515	0.6783135615855725	0	915	0.9514000000000155	0.7617486338797814	103.88371074994406
375	37500	916	1000	0.42293108428273457	0.7027747239804492	0	916	0.9514000000000156	0.7718340611353712	104.43056655327479
376	37600	918	1000	0.415607666303149	0.7064104156849433	0	918	0.9513500000000158	0.7483660130718954	105.06781295140584
377	37700	915	1000	0.4020667723292316	0.7132327929993774	0	915	0.9513500000000156	0.7672131147540984	105.63284670114517
378	37800	912	1000	0.3993631994999842	0.7146107603496481	0	912	0.9513500000000152	0.7752192982456141	106.17386386791866
379	37900	911	1000	0.39805792779788113	0.715277943865407	0	911	0.9513000000000154	0.7727771679473107	106.84090046485265
380	38000	914	1000	0.412023212561454	0.7082036549427321	0	914	0.9512500000000158	0.75054704595186	107.71638112068176
381	38100	921	1000	0.4179648040418933	0.7052361223279385	0	921	0.9512000000000158	0.750271444082519	108.5172180334727
382	38200	922	1000	0.4266301777085079	0.7009525072617117	0	922	0.9511500000000156	0.762472885032538	109.26333708365759
383	38300	921	1000	0.4149221152376672	0.7067526821658505	0	921	0.9511500000000157	0.7741585233441911	109.89105636676153
384	38400	922	1000	0.4501290980311509	0.6895937757250068	0	922	0.9511000000000157	0.7765726681127982	110.55685116847356
385	38500	921	1000	0.3986460438726388	0.7149771769497533	0	921	0.9511000000000156	0.7817589576547231	111.18665601809819
386	38600	921	1000	0.39161691055713826	0.718588565871657	0	921	0.9510500000000156	0.7937024972855592	111.86356165011723
387	38700	919	1000	0.3835245391852244	0.7227916612082016	0	919	0.9510500000000154	0.794341675734494	112.47094265222549
388	38800	919	1000	0.38108622911488677	0.7240677511069543	0	919	0.9510500000000154	0.780195865070729	113.1833361029625
389	38900	917	1000	0.38047768424927375	0.7243869360654073	0	917	0.9510500000000157	0.7797164667393675	113.94053939978282
390	39000	914	1000	0.3960673543950123	0.7162978181904063	0	914	0.9511000000000154	0.8030634573304157	114.68766811688741
391	39100	913	1000	0.4073007915022381	0.7105801446558837	0	913	0.9510000000000156	0.7940854326396495	115.56072620153427
392	39200	913	1000	0.4156075762370671	0.7064104606293329	0	913	0.9509500000000156	0.8072289156626506	116.24433176517486
393	39300	913	1000	0.402597383811544	0.7129629725121192	0	913	0.9509000000000154	0.7973713033953997	117.01584363381068
394	39400	921	1000	0.4340168742061177	0.697341863953733	0	921	0.950850000000016	0.7817589576547231	117.88997173309326
395	39500	917	1000	0.37653329635071003	0.726462630908437	0	917	0.9508500000000158	0.7786259541984732	118.48881215254465
396	39600	919	1000	0.3697946132063824	0.7300364524424753	0	919	0.9508500000000158	0.7823721436343852	119.17069075107574
397	39700	919	1000	0.3621633040946748	0.7341263686916182	0	919	0.9508000000000156	0.7671381936887922	119.86623141765594
398	39800	916	1000	0.35874162503198365	0.7359750975292751	0	916	0.9507500000000153	0.7707423580786026	120.58058795134227
399	39900	918	1000	0.3588029871874495	0.7359418616453542	0	918	0.9507500000000153	0.7788671023965141	121.26612559954326
400	40000	919	1000	0.37096738386777633	0.7294119552128204	0	919	0.950800000000015	0.7736670293797606	122.02523593505224
401	40100	919	1000	0.37850451127479456	0.7254238138656751	0	919	0.9507000000000153	0.763873775843308	122.96713058551153
402	40200	916	1000	0.38837370048657505	0.7202671727716651	0	916	0.9507000000000151	0.7652838427947598	123.59197723468145
403	40300	917	1000	0.37423800513217936	0.7276759893595114	0	917	0.9507000000000152	0.7611777535441657	124.34843951861063
404	40400	921	1000	0.4045000833894117	0.7119971097379707	0	921	0.9507000000000153	0.7719869706840391	125.06137766838074
405	40500	921	1000	0.35454184176843284	0.7382570025998177	0	921	0.9507000000000152	0.7654723127035831	125.74073990186055
406	40600	923	1000	0.35256526067812316	0.7393358598450468	0	923	0.950800000000015	0.7518959913326111	126.53616588115692
407	40700	925	1000	0.34350467566106824	0.7443219350970642	0	925	0.950750000000015	0.7437837837837837	127.31438985268275
408	40800	923	1000	0.3446532278422907	0.7436861633126473	0	923	0.9507500000000149	0.752979414951246	127.95337190230687
409	40900	927	1000	0.35043164719378356	0.740503972991165	0	927	0.9507500000000151	0.7454153182308522	128.59455405076343
410	41000	930	1000	0.3644013674925631	0.7329221619278762	0	930	0.9507500000000151	0.7462365591397849	129.2481530547142
411	41100	932	1000	0.3721211574848498	0.7287986155924	0	932	0.9506000000000154	0.7660944206008584	129.91898255348207
412	41200	931	1000	0.3862823173897792	0.7213537873604943	0	931	0.9506000000000154	0.7701396348012889	130.4941458662351
413	41300	931	1000	0.3706883562595086	0.7295604397843684	0	931	0.9506000000000154	0.7851772287862513	131.05626063346864
414	41400	930	1000	0.4013358567101487	0.7136048044525556	0	930	0.9506000000000152	0.7924731182795699	131.71378502051036
415	41500	922	1000	0.35194471803471983	0.7396752150144639	0	922	0.9506500000000149	0.7841648590021691	132.44344153404236
416	41600	925	1000	0.3477833057856511	0.7419590342952638	0	925	0.9506000000000155	0.7924324324324324	133.24626981814703
417	41700	928	1000	0.33444601420544157	0.7493746388799565	0	928	0.9506000000000159	0.802801724137931	133.94573870102565
418	41800	931	1000	0.3345757948092457	0.7493017660663721	0	931	0.950600000000016	0.7883995703544576	134.7183453520139
419	41900	934	1000	0.3380603283700121	0.7473504585687644	0	934	0.9505500000000161	0.7815845824411135	135.5129607518514
420	42000	933	1000	0.34933773499987947	0.7411043018077971	0	933	0.9505500000000159	0.789924973204716	136.15951348543166
421	42100	932	1000	0.35924332420794125	0.7357034477860838	0	932	0.9505000000000156	0.7811158798283262	136.93424319823583
422	42200	931	1000	0.37187630652997594	0.7289286907574052	0	931	0.9505000000000157	0.7636949516648764	137.71136740048726
423	42300	932	1000	0.3559792311496281	0.7374744221946369	0	932	0.9505000000000154	0.7542918454935622	138.3965352018674
424	42400	935	1000	0.3832617535229423	0.7229289738208715	0	935	0.9505000000000157	0.7540106951871658	139.13209348519644
425	42500	933	1000	0.3374528494415737	0.7476899095302908	0	933	0.9505000000000156	0.767416934619507	139.7760383884112
426	42600	939	1000	0.33464230915307075	0.7492644232405414	0	939	0.9504500000000157	0.7784877529286475	140.56081010103225
427	42700	939	1000	0.32361384958785283	0.7555073561004066	0	939	0.9504000000000157	0.7859424920127795	141.2794285019239
428	42800	941	1000	0.32323168665472785	0.755725554402425	0	941	0.9504000000000158	0.7917109458023379	141.96556088527043
429	42900	938	1000	0.32655069161136047	0.7538347432357074	0	938	0.9504000000000156	0.8113006396588486	142.60217801729837
430	43000	938	1000	0.33897582065157933	0.7468394757967883	0	938	0.9504500000000156	0.8049040511727079	143.3647116502126
431	43100	936	1000	0.3534404781397918	0.738857760020913	0	936	0.9504500000000159	0.7927350427350427	144.26764815251033
432	43200	938	1000	0.37063599701993594	0.7295883094958981	0	938	0.9504000000000158	0.8059701492537313	144.96797846953075
433	43300	938	1000	0.35537414392315314	0.7378036570075649	0	938	0.9503500000000157	0.7953091684434968	145.74637980063756
434	43400	938	1000	0.3859032602708037	0.7215510841677372	0	938	0.9503000000000158	0.7718550106609808	146.95789163510005
435	43500	940	1000	0.3299363422705971	0.7519156881544438	0	940	0.9503000000000159	0.7531914893617021	147.949090218544
436	43600	942	1000	0.3251166361269939	0.7546505513075182	0	942	0.9503000000000158	0.7505307855626328	148.91807888746263
437	43700	941	1000	0.3145211501108555	0.7607332905337191	0	941	0.9503500000000157	0.7492029755579172	149.7430721004804
438	43800	940	1000	0.3163169346209308	0.759695460643737	0	940	0.9503500000000157	0.7606382978723404	150.39913884798685
439	43900	940	1000	0.31903785046301164	0.7581283582188166	0	940	0.9503000000000154	0.7297872340425532	151.26526183684666
440	44000	939	1000	0.3299071156968018	0.7519322125561019	0	939	0.9503000000000152	0.7401490947816827	151.9667326172193
441	44100	941	1000	0.3377083966328009	0.7475470756684639	0	941	0.9503000000000157	0.7321997874601488	152.96280887126923
442	44200	943	1000	0.34981397315992513	0.7408428271482418	0	943	0.9503000000000158	0.7401908801696713	153.67038908402125
443	44300	946	1000	0.33511923718046294	0.7489967728364278	0	946	0.9503500000000158	0.7547568710359408	154.4481147011121
444	44400	946	1000	0.36710636363916493	0.7314719809642702	0	946	0.9503500000000158	0.773784355179704	155.21554573774338
445	44500	941	1000	0.3206879301512487	0.7571811456514768	0	941	0.9503500000000156	0.79596174282678	155.95643171866735
446	44600	941	1000	0.31876171899907557	0.7582871003861016	0	941	0.9504000000000156	0.822529224229543	156.66448909838994
447	44700	944	1000	0.31210284473822436	0.762135379867657	0	944	0.9504000000000156	0.8209745762711864	157.51817001899084
448	44800	944	1000	0.3102339927188635	0.7632224515293656	0	944	0.9503500000000156	0.809322033898305	158.30212297042212
449	44900	942	1000	0.31266652694804564	0.7618081054637719	0	942	0.9504000000000155	0.8312101910828026	159.0255185365677
450	45000	945	1000	0.3235456649306078	0.7555462773189839	0	945	0.9504000000000153	0.8211640211640212	159.75938148498534
451	45100	942	1000	0.3327710418883903	0.750316422378978	0	942	0.9504000000000153	0.826963906581741	160.5751539826393
452	45200	942	1000	0.35263870154454474	0.7392957179608455	0	942	0.9504000000000152	0.7898089171974523	161.45454046726226
453	45300	941	1000	0.3400571697360487	0.7462368192820984	0	941	0.950350000000015	0.7927736450584485	162.16531398296357
454	45400	938	1000	0.37252764088904905	0.7285827769211658	0	938	0.9503500000000151	0.7835820895522388	162.95517698526382
455	45500	938	1000	0.3248455196716753	0.7548049830351701	0	938	0.9503500000000152	0.7665245202558635	163.71458585262297
456	45600	938	1000	0.3203650944495135	0.757366280132481	0	938	0.9503500000000152	0.7579957356076759	164.55349833170573
457	45700	942	1000	0.31340456229604025	0.7613800261602874	0	942	0.9504000000000152	0.7473460721868365	165.62602119843166
458	45800	943	1000	0.31323092120500995	0.7614806991312756	0	943	0.9503500000000153	0.7560975609756098	166.37906841834385
459	45900	942	1000	0.3174456388432598	0.7590446015503284	0	942	0.9503500000000155	0.7292993630573248	167.39567493597667
460	46000	940	1000	0.331859695210855	0.7508298386052472	0	940	0.9504000000000153	0.7212765957446808	168.25299679835638
461	46100	939	1000	0.3459031998556974	0.7429954844503053	0	939	0.9504000000000153	0.7369542066027689	169.00702343781788
462	46200	942	1000	0.36114043916440786	0.7346780473393997	0	942	0.9504000000000155	0.7473460721868365	169.84098886648815
463	46300	942	1000	0.3472235897513673	0.7422672877814973	0	942	0.9504000000000156	0.7569002123142251	170.54359903335572
464	46400	943	1000	0.3802060536399221	0.7245294985939013	0	943	0.9504000000000156	0.7709437963944857	171.32083677053453
465	46500	936	1000	0.3316509400790527	0.7509475418089936	0	936	0.9503500000000152	0.7735042735042735	172.33978636662167
466	46600	934	1000	0.3337552951387591	0.749762721576272	0	934	0.9504500000000152	0.7505353319057816	173.3539903004964
467	46700	934	1000	0.32772026210312416	0.7531707005932021	0	934	0.9504500000000152	0.7794432548179872	174.13784823417663
468	46800	932	1000	0.3281215864328926	0.7529431116964441	0	932	0.9504500000000151	0.778969957081545	174.95665350357692
469	46900	931	1000	0.3285993433714565	0.7526723575388784	0	931	0.9504000000000152	0.8131041890440387	175.779068617026
470	47000	934	1000	0.3395488878420631	0.7465199733105247	0	934	0.9504000000000152	0.8254817987152034	176.60835511684417
471	47100	935	1000	0.3506453479036752	0.7403868095737279	0	935	0.9504000000000153	0.827807486631016	177.3249265829722
472	47200	932	1000	0.3646596459349355	0.7327834474909638	0	932	0.9504000000000149	0.8336909871244635	178.158289150397
473	47300	929	1000	0.34896672054515415	0.7413081321945977	0	929	0.9503500000000146	0.8277717976318623	179.00167128245036
474	47400	926	1000	0.37907564915301234	0.7251233829080882	0	926	0.9503500000000142	0.8250539956803455	179.76309688488644
475	47500	936	1000	0.334709998686216	0.7492264244549914	0	936	0.9503500000000148	0.8076923076923077	180.80141737063727
476	47600	935	1000	0.3338945825077055	0.7496844301743937	0	935	0.950400000000015	0.8331550802139037	181.5653050025304
477	47700	939	1000	0.3308029834178482	0.7514260280900031	0	939	0.9504000000000153	0.820021299254526	182.329316786925
478	47800	939	1000	0.3351718961123446	0.748967232542661	0	939	0.9504500000000151	0.8136315228966986	183.05529778401058
479	47900	937	1000	0.33753986324964064	0.7476412684781106	0	937	0.9504500000000148	0.8110992529348986	183.84975910186768
480	48000	935	1000	0.34736853760685443	0.7421874357970111	0	935	0.9504500000000148	0.8149732620320855	184.62210100094478
481	48100	935	1000	0.35758546432447147	0.7366018761092109	0	935	0.9505000000000149	0.7957219251336899	185.49371530214947
482	48200	937	1000	0.3690858907869161	0.730414363868161	0	937	0.9504500000000148	0.7854855923159018	186.41656760374704
483	48300	932	1000	0.35406976252662764	0.7385143865365172	0	932	0.9504500000000143	0.796137339055794	187.1198977033297
484	48400	932	1000	0.3853307715245025	0.7218492655725384	0	932	0.9504500000000144	0.7939914163090128	187.85235448678336
485	48500	934	1000	0.3366223155238443	0.7481544998806064	0	934	0.9504500000000144	0.8329764453961456	188.5661440173785
486	48600	933	1000	0.3361879480123233	0.7483977096841599	0	933	0.9505000000000144	0.8370846730975349	189.42944368521373
487	48700	933	1000	0.3288878623390381	0.7525089425076491	0	933	0.9504500000000146	0.7952840300107181	190.6089911142985
488	48800	930	1000	0.3305811068798451	0.7515513295878344	0	930	0.9504500000000141	0.7989247311827957	191.43778683741888
489	48900	931	1000	0.3343318267047277	0.7494387677685879	0	931	0.9504500000000142	0.7948442534908701	192.32969956795375
490	49000	929	1000	0.34418165272410467	0.7439470684437705	0	929	0.950450000000014	0.7836383207750269	193.45242226521174
491	49100	929	1000	0.3502643499780073	0.7405957211388182	0	929	0.9504500000000139	0.7965554359526372	194.36239217122395
492	49200	927	1000	0.3626930781380957	0.7338409624611447	0	927	0.9504500000000141	0.819848975188781	195.25339810053507
493	49300	928	1000	0.3508354809088211	0.7402825985346605	0	928	0.9505000000000141	0.8081896551724138	196.13501979907355
494	49400	927	1000	0.3826779124950718	0.7232342333403436	0	927	0.950500000000014	0.7950377562028047	197.01054579814274
495	49500	927	1000	0.3341370066050356	0.7495482061056754	0	927	0.9504500000000139	0.7896440129449838	197.9143628358841
496	49600	928	1000	0.3296694868823612	0.7520665923865577	0	928	0.9504500000000141	0.7747844827586207	198.96018548409145
497	49700	928	1000	0.3202474506412616	0.7574337670671409	0	928	0.9504500000000142	0.8038793103448276	199.93734767039618
498	49800	924	1000	0.3192737139220193	0.7579928179021604	0	924	0.9504500000000139	0.7954545454545454	200.80915966828664
499	49900	923	1000	0.32121238951840975	0.7568805802407789	0	923	0.9504500000000139	0.800650054171181	201.7187711874644
500	50000	923	1000	0.33102094877176325	0.7513029760521636	0	923	0.9504500000000139	0.7952329360780065	202.8367067694664
