Epoch	Explore_Iteration	MacroPopSize	MicroPopSize	RMSE	Accuracy_Estimate	RuleCount	TreeCount	AveGenerality	ExpRules	Time(min)
1	100	1000	1000	54860.31181620561	1.822778141634972e-05	0	1000	0.8700999999999993	0.0	1.3574909845987955
2	200	1000	1000	2590.4855602420666	0.00038587905537339423	0	1000	0.8710999999999992	0.0	3.2978599349657696
3	300	1000	1000	407.2461272623024	0.0024495027220613154	0	1000	0.8718499999999991	0.0	5.161178267002105
4	400	1000	1000	242.99406646127454	0.004098460321200945	0	1000	0.8718499999999993	0.0	6.750133967399597
5	500	1000	1000	150.8506550830253	0.006585417754393248	0	1000	0.8718999999999996	0.0	7.977828681468964
6	600	1000	1000	178.71574148156188	0.005564342843626728	0	1000	0.8724499999999994	0.0	9.149909098943075
7	700	998	1000	122.72748565913851	0.008082278522614915	0	998	0.8726499999999991	0.0	10.329420530796051
8	800	997	1000	121.84108768425115	0.008140598710509506	0	997	0.8732999999999991	0.0	11.485605851809185
9	900	997	1000	113.88930102551147	0.00870403067190693	0	997	0.8736499999999993	0.0	12.629350833098094
10	1000	997	1000	121.63038421337546	0.008154585883544256	0	997	0.8740999999999991	0.0	13.783041465282441
11	1100	996	1000	120.66689770920797	0.008219162474168339	0	996	0.874249999999999	0.9317269076305221	13.947767599423726
12	1200	996	1000	116.18731284665427	0.008533346961445839	0	996	0.874449999999999	0.9337349397590361	14.10070393482844
13	1300	996	1000	113.86603527596885	0.008705793645593079	0	996	0.8747499999999991	0.9357429718875502	14.243193646272024
14	1400	996	1000	101.07496759354727	0.009796721209669191	0	996	0.8749499999999992	0.9417670682730924	14.374875017007192
15	1500	996	1000	114.10447231374222	0.00868775973599256	0	996	0.8759999999999993	0.9397590361445783	14.506749582290649
16	1600	994	1000	116.309263784826	0.008524475968362102	0	994	0.8769999999999997	0.9386317907444668	14.650290548801422
17	1700	994	1000	111.86521335915073	0.008860125899180993	0	994	0.8775499999999998	0.9346076458752515	14.792769698301951
18	1800	992	1000	111.92611775241295	0.008855347371389048	0	992	0.8784000000000002	0.9334677419354839	14.932081313927968
19	1900	990	1000	106.82848370801685	0.009273987406776934	0	990	0.87885	0.9393939393939394	15.062843465805054
20	2000	990	1000	105.81565359743014	0.00936192370987897	0	990	0.8792000000000002	0.9424242424242424	15.186611334482828
21	2100	988	1000	110.53141020778206	0.008966084066694831	0	988	0.8799000000000003	0.9433198380566802	15.31724199851354
22	2200	988	1000	102.77585015402705	0.009636153291115146	0	988	0.8806000000000003	0.9423076923076923	15.440261431535085
23	2300	988	1000	102.1598613408406	0.00969369275028391	0	988	0.8819000000000004	0.9433198380566802	15.568860201040904
24	2400	986	1000	92.1995837131281	0.010729661658983782	0	986	0.8822000000000005	0.9432048681541582	15.68707178433736
25	2500	985	1000	103.08479228634933	0.009607551478307072	0	985	0.8832000000000009	0.9431472081218274	15.809811814626057
26	2600	985	1000	109.7241078524311	0.009031456829011096	0	985	0.8834500000000008	0.9472081218274112	15.934714051087697
27	2700	985	1000	103.51120874916386	0.00956835168178074	0	985	0.8839000000000011	0.949238578680203	16.049910533428193
28	2800	986	1000	105.2052291717664	0.00941573223652381	0	986	0.8846500000000016	0.949290060851927	16.163972183068594
29	2900	985	1000	100.30172925380482	0.00987149979932293	0	985	0.8852000000000018	0.9451776649746193	16.281525484720866
30	3000	984	1000	99.49378575535006	0.009950864050782984	0	984	0.8854000000000017	0.948170731707317	16.397757983207704
31	3100	984	1000	107.33756576219666	0.009230408611866192	0	984	0.886200000000002	0.9502032520325203	16.513236916065217
32	3200	983	1000	98.93090572106924	0.010006914205213312	0	983	0.8863000000000019	0.9542217700915565	16.621013017495475
33	3300	983	1000	99.0008559541041	0.009999914405322241	0	983	0.8872500000000024	0.9521871820956256	16.728405729929605
34	3400	984	1000	88.37294041658609	0.011189069032962209	0	984	0.8877000000000027	0.9471544715447154	16.875550480683646
35	3500	981	1000	99.26855775561846	0.00997321615453241	0	981	0.8890000000000028	0.9469928644240571	16.98897353410721
36	3600	977	1000	103.90745912754728	0.009532210658006619	0	977	0.8894000000000029	0.9498464687819856	17.099924846490225
37	3700	976	1000	98.7261777236243	0.010027457412148548	0	976	0.8895500000000027	0.9538934426229508	17.207404100894927
38	3800	975	1000	99.9098361387395	0.009909836724193212	0	975	0.8905000000000027	0.9538461538461539	17.319900918006898
39	3900	975	1000	95.4766268245112	0.01036520484716964	0	975	0.8909500000000029	0.9528205128205128	17.426421451568604
40	4000	971	1000	94.40883108724672	0.010481210057856686	0	971	0.8914000000000029	0.9505664263645726	17.536560265223184
41	4100	969	1000	101.81463597367816	0.009726241702164004	0	969	0.891850000000003	0.9494324045407637	17.648229416211446
42	4200	966	1000	93.4923187078809	0.010582870794942165	0	966	0.8929000000000028	0.943064182194617	17.760188233852386
43	4300	966	1000	93.69417082734604	0.01056031212125274	0	966	0.893450000000003	0.9461697722567288	17.870146934191386
44	4400	966	1000	83.58337689760977	0.011822654009315852	0	966	0.8937000000000032	0.9492753623188406	17.982858049869538
45	4500	966	1000	93.60836037769653	0.01056989039877437	0	966	0.8946000000000035	0.9440993788819876	18.097144850095113
46	4600	963	1000	97.82431815335697	0.010118966856398503	0	963	0.8954000000000035	0.940809968847352	18.211799784501395
47	4700	962	1000	92.60646131634034	0.010683023222302237	0	962	0.8957000000000038	0.9355509355509356	18.329445334275565
48	4800	961	1000	93.55372469930604	0.010575997964967944	0	961	0.896150000000004	0.9386056191467221	18.446004835764565
49	4900	960	1000	89.24250896934403	0.011081252188363984	0	960	0.8971500000000041	0.9364583333333333	18.566717533270516
50	5000	959	1000	88.93738734475077	0.011118846449994918	0	959	0.8974000000000041	0.9384775808133472	18.685766549905143
51	5100	959	1000	96.05589246757967	0.010303341451772625	0	959	0.8987000000000045	0.9363920750782064	18.806962398687997
52	5200	959	1000	87.69670388107903	0.011274376118201188	0	959	0.8989000000000044	0.940563086548488	18.92660726706187
53	5300	958	1000	88.44223551100845	0.01118040033644867	0	958	0.8994500000000049	0.9342379958246346	19.0522780696551
54	5400	958	1000	78.9818543172548	0.012502835906172108	0	958	0.8994500000000049	0.9394572025052192	19.170972565809887
55	5500	957	1000	89.04290080168312	0.011105817239300975	0	957	0.9001500000000051	0.9446185997910136	19.289339816570283
56	5600	956	1000	93.25824310728812	0.010609151698931668	0	956	0.9004500000000051	0.9456066945606695	19.405322500069936
57	5700	954	1000	88.76762797330719	0.011139873277005321	0	954	0.9006500000000051	0.9486373165618449	19.51980783541997
58	5800	952	1000	89.57387934695018	0.011040710712736764	0	952	0.9013500000000054	0.9474789915966386	19.63556489944458
59	5900	949	1000	85.22024605186982	0.011598203969383283	0	949	0.9025000000000054	0.9504741833508957	19.74791536728541
60	6000	948	1000	84.66432843540208	0.011673470372841152	0	948	0.9032000000000057	0.9440928270042194	19.861588700612387
61	6100	948	1000	91.35114160837769	0.01082823647422334	0	948	0.9036500000000058	0.9451476793248945	19.979080220063526
62	6200	946	1000	83.1831514224573	0.011878861542990808	0	946	0.9042500000000062	0.9418604651162791	20.099884680906932
63	6300	942	1000	83.40367115393988	0.011847825886342634	0	942	0.9046000000000063	0.9501061571125266	20.213744815190633
64	6400	936	1000	74.2483295039348	0.013289331558486082	0	936	0.9055000000000062	0.9465811965811965	20.32832545042038
65	6500	932	1000	83.17473306721368	0.011880049553605334	0	932	0.9060500000000061	0.9495708154506438	20.440997950236003
66	6600	930	1000	86.95281171184283	0.011369733161871733	0	930	0.906150000000006	0.9516129032258065	20.555806299050648
67	6700	927	1000	83.02217445183803	0.011901620096409259	0	927	0.907150000000006	0.9492988133764833	20.66890970071157
68	6800	924	1000	83.6201217261807	0.011817520225696024	0	924	0.9077500000000059	0.9502164502164502	20.780489750703175
69	6900	923	1000	79.89241851601798	0.012362097936310115	0	923	0.907900000000006	0.952329360780065	20.890437416235606
70	7000	921	1000	79.29843561974145	0.012453542740677614	0	921	0.9084000000000062	0.9554831704668838	20.999726951122284
71	7100	919	1000	85.46794503763927	0.011564979363909975	0	919	0.9087500000000067	0.9575625680087051	21.11024646361669
72	7200	918	1000	77.84511310845805	0.012683094241039597	0	918	0.908950000000007	0.9564270152505446	21.218360233306885
73	7300	916	1000	78.58459640948526	0.012565245601733244	0	916	0.9091000000000072	0.9574235807860262	21.320677518844604
74	7400	916	1000	70.16243787809915	0.014052357252192432	0	916	0.9091000000000072	0.9617903930131004	21.42178471883138
75	7500	911	1000	78.68437230708139	0.012549512169667076	0	911	0.9097500000000073	0.960482985729967	21.52938944896062
76	7600	908	1000	82.08000515400363	0.012036590490652008	0	908	0.9103500000000077	0.9581497797356828	21.63706406354904
77	7700	905	1000	77.96248009837879	0.012664242546005485	0	905	0.9107500000000078	0.958011049723757	21.741949315865835
78	7800	902	1000	78.46800047940398	0.01258368140594117	0	902	0.9113000000000082	0.9556541019955654	21.84287113348643
79	7900	896	1000	74.4875086287823	0.013247224847724203	0	896	0.9121000000000082	0.953125	21.950912483533223
80	8000	894	1000	73.92008636898613	0.013347555354847525	0	894	0.9125500000000085	0.9530201342281879	22.053471700350443
81	8100	891	1000	79.7065424232147	0.012390569215022606	0	891	0.9128500000000085	0.9539842873176206	22.16109019915263
82	8200	886	1000	72.52473044133826	0.01360086591269927	0	886	0.9132500000000087	0.9571106094808126	22.26251196861267
83	8300	884	1000	73.14644923275858	0.013486822502596535	0	884	0.9135500000000086	0.9570135746606335	22.366567234198254
84	8400	879	1000	65.38032096533243	0.015064705705810864	0	879	0.9140000000000085	0.9533560864618885	22.468720281124114
85	8500	876	1000	73.1632240994529	0.013483771938757674	0	876	0.9144500000000085	0.9554794520547946	22.571466302871706
86	8600	870	1000	76.47604783631	0.01290721491257249	0	870	0.9151500000000083	0.957471264367816	22.673198517163595
87	8700	869	1000	72.49139578120177	0.013607035073564191	0	869	0.9153500000000083	0.9597238204833142	22.77435624996821
88	8800	865	1000	73.04755764606465	0.013504834349565429	0	865	0.9158500000000083	0.9606936416184971	22.874801166852315
89	8900	863	1000	69.42599715512611	0.014199301967955349	0	863	0.9163500000000083	0.9594438006952491	22.970953901608784
90	9000	861	1000	69.11187016580816	0.014262920068101044	0	861	0.9164500000000083	0.9605110336817654	23.071803832054137
91	9100	857	1000	74.51716524841675	0.013242022482047092	0	857	0.916800000000008	0.9626604434072346	23.173198620478313
92	9200	856	1000	67.85562447574011	0.014523141829210042	0	856	0.917300000000008	0.9602803738317757	23.268596935272218
93	9300	850	1000	67.88141197117966	0.01451770472443865	0	850	0.9176000000000079	0.9623529411764706	23.36036693652471
94	9400	845	1000	60.412805357535944	0.01628324897679162	0	845	0.9182000000000078	0.9609467455621302	23.458302867412566
95	9500	845	1000	67.77071921904776	0.014541072295824195	0	845	0.9184500000000079	0.9597633136094674	23.552243065834045
96	9600	841	1000	70.74612518089545	0.01393803494584095	0	841	0.9190000000000078	0.9583828775267539	23.653137067953747
97	9700	836	1000	66.96125293800097	0.014714266685345992	0	836	0.9199500000000076	0.9593301435406698	23.747043482462566
98	9800	837	1000	66.70031870500142	0.014770979208494097	0	837	0.9208000000000081	0.9474313022700119	23.85266521771749
99	9900	835	1000	63.10039501798678	0.015600527886285204	0	835	0.921050000000008	0.9508982035928144	23.953887033462525
100	10000	833	1000	62.71269317213528	0.015695459573467685	0	833	0.9211500000000081	0.9483793517406963	24.05455061594645
101	10100	829	1000	66.88679825466356	0.014730404522079577	0	829	0.9212500000000085	0.9445114595898673	24.912005448341368
102	10200	827	1000	60.733472951596646	0.016198667468199462	0	827	0.9214000000000083	0.9467956469165659	25.01583314736684
103	10300	825	1000	60.99889962592688	0.01612931852070834	0	825	0.9216500000000084	0.9454545454545454	25.12789273262024
104	10400	823	1000	54.356863217351865	0.018064607383435436	0	823	0.9217500000000081	0.9477521263669502	25.241236035029093
105	10500	823	1000	60.94193930209552	0.01614415065571203	0	823	0.9219000000000079	0.951397326852977	25.3516286333402
106	10600	820	1000	64.0270180597391	0.015378223234553347	0	820	0.9224000000000078	0.9524390243902439	25.45673906405767
107	10700	814	1000	60.71223232879607	0.016204242858565036	0	814	0.9226000000000074	0.9582309582309583	25.55539600054423
108	10800	811	1000	61.0087750153805	0.016126749798749652	0	811	0.9230000000000075	0.967940813810111	25.652290364106495
109	10900	811	1000	58.31313206775864	0.01685967281002142	0	811	0.9230000000000075	0.969173859432799	25.767957282066345
110	11000	806	1000	57.823139614111895	0.01700011265226816	0	806	0.9240500000000074	0.9689826302729528	25.88046186765035
111	11100	804	1000	62.02224299851744	0.015867413668909314	0	804	0.9244000000000073	0.9751243781094527	25.983732664585112
112	11200	803	1000	56.55818808445406	0.0173737227192197	0	803	0.9244000000000074	0.975093399750934	26.07604305346807
113	11300	801	1000	57.04961766759935	0.017226642313583305	0	801	0.9247000000000073	0.9775280898876404	26.16446031332016
114	11400	801	1000	50.91801058609085	0.01926113864362719	0	801	0.9251000000000077	0.9712858926342073	26.26360756556193
115	11500	796	1000	56.68892727126655	0.01733434902156823	0	796	0.9255500000000075	0.9673366834170855	26.353258085250854
116	11600	792	1000	58.931638909301334	0.016685677518570263	0	792	0.9256500000000073	0.9659090909090909	26.448052966594695
117	11700	790	1000	55.65090269721878	0.01765196938422473	0	790	0.9258000000000074	0.959493670886076	26.543585749467216
118	11800	785	1000	55.8499900115213	0.017590152606840187	0	785	0.9261500000000072	0.9605095541401274	26.632058731714885
119	11900	782	1000	52.765934463890815	0.018599137352882794	0	782	0.9266000000000076	0.9526854219948849	26.718758614857993
120	12000	777	1000	51.862780554636345	0.01891690125846577	0	777	0.9272500000000076	0.9523809523809523	26.806630035241444
121	12100	777	1000	55.54933238138251	0.01768367472945137	0	777	0.9274000000000076	0.9485199485199485	26.89457788467407
122	12200	776	1000	50.699128935062774	0.01934268566219095	0	776	0.9274500000000075	0.9458762886597938	26.984280963738758
123	12300	771	1000	50.65200510546524	0.019360332632937634	0	771	0.9278000000000071	0.9429312581063554	27.085907034079234
124	12400	771	1000	45.2138393488566	0.02163853975540211	0	771	0.9280000000000073	0.9481193255512321	27.186492784818014
125	12500	769	1000	50.802279864986346	0.01930416967373495	0	769	0.928150000000007	0.951885565669701	27.278981399536132
126	12600	770	1000	53.29019377532622	0.01841953270858428	0	770	0.9281500000000071	0.951948051948052	27.368653651078542
127	12700	768	1000	50.29412333569255	0.019495410681951535	0	768	0.9284000000000071	0.9479166666666666	27.464320151011147
128	12800	766	1000	50.45589068989576	0.01943412088669504	0	766	0.9287000000000072	0.9516971279373369	27.57825138568878
129	12900	766	1000	47.99134000190905	0.020411770732562794	0	766	0.9291000000000069	0.9530026109660574	27.69904851913452
130	13000	761	1000	47.5237577036604	0.0206084616551567	0	761	0.929750000000007	0.9553219448094612	27.80824951728185
131	13100	755	1000	50.50598421699636	0.01941521971091685	0	755	0.9306500000000074	0.9509933774834437	27.91111610333125
132	13200	751	1000	45.58089014974376	0.021468031134340634	0	751	0.9311500000000074	0.948069241011984	28.00480199654897
133	13300	752	1000	45.4783027592448	0.021515415594668942	0	752	0.9312000000000074	0.9481382978723404	28.099127399921418
134	13400	748	1000	40.59670776857965	0.02404036409716436	0	748	0.9315000000000073	0.9518716577540107	28.185469615459443
135	13500	746	1000	45.53583657540858	0.021488815364467746	0	746	0.9317500000000074	0.9504021447721179	28.275263317426045
136	13600	744	1000	47.35493323776405	0.020680413207954215	0	744	0.9318000000000072	0.9489247311827957	28.373330549399057
137	13700	740	1000	44.55226584225071	0.021952804794892956	0	740	0.9321500000000071	0.9567567567567568	28.465599699815115
138	13800	738	1000	44.645187558529365	0.021908114600640693	0	738	0.9323000000000072	0.9525745257452575	28.559291315078735
139	13900	733	1000	42.30022733046788	0.023094566972316044	0	733	0.9327500000000069	0.9549795361527967	28.64960978428523
140	14000	731	1000	41.580171966255214	0.02348510947284337	0	731	0.9334500000000071	0.9493844049247606	28.739904765288035
141	14100	730	1000	44.33921655145586	0.02205596117579781	0	730	0.9342500000000074	0.9493150684931507	28.830287051200866
142	14200	728	1000	39.81859751461712	0.02449863691769176	0	728	0.9343500000000075	0.9546703296703297	28.908769035339354
143	14300	725	1000	39.8254364273703	0.024494533004663175	0	725	0.9348000000000074	0.9489655172413793	28.990843665599822
144	14400	723	1000	34.89424520212301	0.027859619121921354	0	723	0.9351000000000073	0.9432918395573997	29.075291482607522
145	14500	721	1000	38.14577104167381	0.025545543576991236	0	721	0.9353500000000071	0.941747572815534	29.160233648618064
146	14600	719	1000	39.69452597314049	0.02457332960850871	0	719	0.9357500000000067	0.9443671766342142	29.245113317171732
147	14700	716	1000	37.73896957895683	0.02581379966655603	0	716	0.9359500000000067	0.946927374301676	29.32553826570511
148	14800	718	1000	37.826090778245664	0.02575587652415169	0	718	0.9362500000000069	0.9484679665738162	29.40819541613261
149	14900	715	1000	36.19941336531423	0.026882144354793185	0	715	0.9366500000000068	0.9524475524475524	29.488138564427693
150	15000	714	1000	35.774554188835964	0.027192715780184236	0	714	0.9365500000000064	0.9593837535014006	29.56691396633784
151	15100	712	1000	38.23279849125768	0.025488877634432115	0	712	0.9367500000000065	0.9606741573033708	29.649429635206857
152	15200	708	1000	33.97161459890139	0.028594619135240452	0	708	0.9373500000000067	0.9533898305084746	29.73069101969401
153	15300	709	1000	33.483795832424796	0.02899912773116784	0	709	0.937450000000007	0.9590973201692524	29.811468068758646
154	15400	707	1000	29.753194654288073	0.03251694697872844	0	707	0.9381500000000068	0.9561527581329562	29.896740249792735
155	15500	707	1000	33.217767386797014	0.029224583494768034	0	707	0.9381500000000069	0.958981612446959	29.97877728541692
156	15600	706	1000	34.76249741558575	0.027962252981923667	0	706	0.938400000000007	0.9589235127478754	30.062215650081633
157	15700	703	1000	32.67785144868732	0.029693105616420714	0	703	0.9387000000000072	0.9559032716927454	30.143272682030997
158	15800	702	1000	32.66444824772845	0.029704927662596584	0	702	0.939050000000007	0.9558404558404558	30.223349352677662
159	15900	702	1000	30.98804795558125	0.03126167627948428	0	702	0.939200000000007	0.9544159544159544	30.303649997711183
160	16000	699	1000	30.940631507624275	0.03130808480606586	0	699	0.9398500000000071	0.9513590844062947	30.384608614444733
161	16100	695	1000	32.958384650435285	0.02944780825984259	0	695	0.9405000000000071	0.9539568345323741	30.46934369802475
162	16200	694	1000	29.84860594037164	0.03241637570050768	0	694	0.9406500000000071	0.9596541786743515	30.547801399230956
163	16300	693	1000	29.912602603337064	0.03234926585870995	0	693	0.9407000000000072	0.9581529581529582	30.626498317718507
164	16400	692	1000	26.629415705780936	0.03619330971920513	0	692	0.9412000000000075	0.9638728323699421	30.704552368323007
165	16500	692	1000	29.854799128324125	0.03240986907226431	0	692	0.9413000000000075	0.9624277456647399	30.78060386578242
166	16600	688	1000	31.22058171016008	0.031036062880412593	0	688	0.9419000000000076	0.9593023255813954	30.86303846438726
167	16700	686	1000	29.506447321188325	0.032779955970338365	0	686	0.9421000000000074	0.9620991253644315	30.940142901738486
168	16800	687	1000	29.751484393135943	0.0325187554270782	0	687	0.9422000000000076	0.9621542940320232	31.017627016703287
169	16900	687	1000	27.78622988767087	0.03473883186169855	0	687	0.9423500000000082	0.9534206695778749	31.100291752815245
170	17000	685	1000	27.33234604049871	0.03529534753566062	0	685	0.9426000000000082	0.9503649635036496	31.185686480998992
171	17100	681	1000	29.119283628309418	0.033201320866080956	0	681	0.9428500000000082	0.9574155653450808	31.267683033148447
172	17200	683	1000	26.33734449688765	0.036579997743154964	0	683	0.9428500000000085	0.9502196193265008	31.355013298988343
173	17300	679	1000	26.318755465769136	0.03660488858114408	0	679	0.9430500000000086	0.9558173784977909	31.441466800371806
174	17400	681	1000	23.56900006188925	0.040701697158248305	0	681	0.9430500000000087	0.9559471365638766	31.526361997922262
175	17500	680	1000	26.203162768922194	0.036760431443009764	0	680	0.9430500000000086	0.9558823529411765	31.625440466403962
176	17600	679	1000	27.389839791230568	0.0352238690797013	0	679	0.9431500000000086	0.9631811487481591	31.706818934281667
177	17700	679	1000	25.921585122586837	0.03714491533267905	0	679	0.9431500000000083	0.9602356406480118	31.79607158501943
178	17800	676	1000	25.702015656694456	0.0374503562898365	0	676	0.9434000000000078	0.9600591715976331	31.877564100424447
179	17900	674	1000	24.15545491909271	0.03975280921041945	0	674	0.9434000000000078	0.9688427299703264	31.95704393386841
180	18000	671	1000	23.9980578675277	0.04000310765337466	0	671	0.9439000000000078	0.970193740685544	32.04590128262838
181	18100	670	1000	25.52463114543568	0.03770080701657857	0	670	0.9440000000000077	0.9671641791044776	32.131474216779075
182	18200	669	1000	23.342115009007482	0.04108106463345371	0	669	0.9440000000000078	0.9745889387144993	32.20858391523361
183	18300	668	1000	23.309103038910106	0.04113685307102285	0	668	0.944000000000008	0.9745508982035929	32.28146059910456
184	18400	664	1000	20.786555353527326	0.045899867316018646	0	664	0.9444000000000083	0.9743975903614458	32.357501816749576
185	18500	659	1000	22.99694892484862	0.041671964345621836	0	659	0.9446500000000083	0.9742033383915023	32.43167140086492
186	18600	655	1000	23.933807851078846	0.04010618859231851	0	655	0.9447500000000082	0.9725190839694656	32.50730393330256
187	18700	653	1000	22.567423886699896	0.04243145134603968	0	653	0.9448500000000082	0.9724349157733537	32.58210808436076
188	18800	653	1000	22.777117802078077	0.042057242106635896	0	653	0.944850000000008	0.9770290964777948	32.65754823287328
189	18900	653	1000	21.754915210199005	0.043946549163663286	0	653	0.9450000000000081	0.9739663093415007	32.73127978245417
190	19000	650	1000	21.41019871704965	0.04462254050604207	0	650	0.9450000000000078	0.9784615384615385	32.80502279996872
191	19100	649	1000	22.869083838562045	0.041895198272521694	0	649	0.9451500000000078	0.9738058551617874	32.881938151518504
192	19200	647	1000	20.7135341158204	0.04605422565787684	0	647	0.9454500000000075	0.973724884080371	32.964539750417075
193	19300	645	1000	20.89766707855053	0.04566696518002743	0	645	0.9455000000000071	0.9736434108527132	33.045935269196825
194	19400	645	1000	18.777927245400132	0.05056141564240893	0	645	0.9456500000000071	0.9705426356589147	33.133741319179535
195	19500	645	1000	20.470108715538885	0.04657638269322106	0	645	0.9456500000000072	0.9674418604651163	33.2257704337438
196	19600	645	1000	21.34983168642007	0.044743066257971316	0	645	0.9458500000000073	0.9627906976744186	33.316678416728976
197	19700	642	1000	20.371012463052185	0.046792354912004064	0	642	0.9459500000000075	0.9672897196261683	33.40517909924189
198	19800	642	1000	20.762627555283302	0.04595033377563044	0	642	0.9459500000000076	0.9672897196261683	33.4937039176623
199	19900	641	1000	19.457457175552975	0.04888193050674049	0	641	0.9460500000000075	0.968798751950078	33.57892716328303
200	20000	640	1000	19.065244061226725	0.04983742021520486	0	640	0.9461500000000075	0.9640625	33.66535618305206
201	20100	639	1000	20.50377064763359	0.04650347217640392	0	639	0.9462000000000079	0.9640062597809077	33.757284899552666
202	20200	639	1000	18.625552989151345	0.05095397824218162	0	639	0.9462500000000076	0.9624413145539906	33.84079198439916
203	20300	637	1000	18.52289018247804	0.05122192414407517	0	637	0.9463000000000076	0.9623233908948194	33.92588379780452
204	20400	634	1000	16.514041705923272	0.057097043434685815	0	634	0.9464500000000075	0.9652996845425867	34.01430098613103
205	20500	632	1000	18.31342983508338	0.05177744235689677	0	632	0.9467000000000071	0.9683544303797469	34.099946133295695
206	20600	632	1000	19.02489817143037	0.049937831964943794	0	632	0.9468500000000072	0.9651898734177216	34.180933900674184
207	20700	627	1000	17.887894438427736	0.05294396383143075	0	627	0.9470000000000072	0.9585326953748007	34.26234248081843
208	20800	625	1000	17.88098366622932	0.05296334225364582	0	625	0.947300000000007	0.9552	34.34220686753591
209	20900	624	1000	16.938278697077262	0.05574670886136544	0	624	0.947450000000007	0.9583333333333334	34.41828625202179
210	21000	624	1000	17.056044036870684	0.05538311703039639	0	624	0.947450000000007	0.9631410256410257	34.491314268112184
211	21100	623	1000	18.331387025773672	0.051729345580156495	0	623	0.947350000000007	0.9646869983948636	34.569418199857076
212	21200	620	1000	16.277191070553076	0.05787977894765437	0	620	0.9477000000000071	0.9661290322580646	34.64650520086288
213	21300	616	1000	15.902763760780635	0.05916192252064085	0	616	0.9479500000000071	0.9626623376623377	34.72627908388774
214	21400	620	1000	14.32820034747645	0.06523923078580027	0	620	0.9479500000000074	0.9596774193548387	34.81254314978917
215	21500	620	1000	15.785929043282117	0.05957370589506985	0	620	0.947900000000008	0.9580645161290322	34.901448468367256
216	21600	614	1000	16.1592454178836	0.05827762093534639	0	614	0.9480000000000078	0.9641693811074918	34.987976332505546
217	21700	616	1000	15.16500367963388	0.061862033552141385	0	616	0.948100000000008	0.9642857142857143	35.07289586464564
218	21800	613	1000	15.331260684744706	0.06123225997697264	0	613	0.9481000000000082	0.9690048939641109	35.15898886521657
219	21900	611	1000	14.57839840111632	0.0641914511525358	0	611	0.9481000000000082	0.9689034369885434	35.24146198431651
220	22000	607	1000	14.655892431825807	0.06387371428071181	0	607	0.948350000000008	0.9621087314662273	35.32747912009557
221	22100	604	1000	15.936212916380523	0.059045077251763334	0	604	0.9484000000000076	0.9685430463576159	35.412357465426126
222	22200	604	1000	14.160459812995263	0.06596106004270522	0	604	0.9486000000000077	0.9668874172185431	35.497754549980165
223	22300	602	1000	14.066291424541063	0.06637333447374633	0	602	0.9489500000000075	0.96843853820598	35.582827333609266
224	22400	602	1000	12.518319668723619	0.0739736908510626	0	602	0.9490500000000076	0.9717607973421927	35.67443864742915
225	22500	602	1000	13.95800684396573	0.0668538268789076	0	602	0.9490500000000073	0.9767441860465116	35.75987458229065
226	22600	602	1000	14.692202284588019	0.06372591825317869	0	602	0.9490500000000073	0.978405315614618	35.84626556634903
227	22700	602	1000	14.011433304540748	0.06661589068230507	0	602	0.9490500000000075	0.9833887043189369	35.931585419178006
228	22800	600	1000	14.254475403418818	0.06555453226375002	0	600	0.9491000000000074	0.9783333333333334	36.01237688461939
229	22900	597	1000	13.782112388340916	0.06764933006386348	0	597	0.9491500000000075	0.9765494137353434	36.087581900755566
230	23000	595	1000	13.653966179170165	0.06824091087513542	0	595	0.9492000000000074	0.9831932773109243	36.16079073349635
231	23100	593	1000	14.402828731503625	0.06492313960192816	0	593	0.9492000000000071	0.9780775716694773	36.24161134958267
232	23200	591	1000	12.809719363003007	0.07241276768295919	0	591	0.9493000000000072	0.9780033840947546	36.33065003156662
233	23300	590	1000	12.390754181273838	0.07467839275239924	0	590	0.9493000000000075	0.9745762711864406	36.417693448066714
234	23400	587	1000	10.82191758899048	0.08458864583282837	0	587	0.9495500000000076	0.9778534923339012	36.50069574912389
235	23500	587	1000	11.95540456955664	0.07718786353842302	0	587	0.9495500000000076	0.9744463373083475	36.57703171571096
236	23600	587	1000	12.224090326415537	0.07561956817570041	0	587	0.9495000000000077	0.9642248722316865	36.654411947727205
237	23700	589	1000	11.294120538982618	0.08133969378526636	0	589	0.9495500000000077	0.9609507640067911	36.73031345208486
238	23800	589	1000	11.182979440307243	0.08208172761841097	0	589	0.949500000000008	0.9643463497453311	36.80361841519674
239	23900	587	1000	10.49909095895077	0.0869633959388425	0	587	0.9495500000000079	0.9608177172061328	36.87900908390681
240	24000	587	1000	10.375677055296794	0.08790685557782914	0	587	0.9496000000000082	0.9574105621805792	36.954417848587035
241	24100	589	1000	11.720983370792103	0.07861027491758545	0	589	0.9496000000000083	0.9541595925297114	37.03299390077591
242	24200	587	1000	10.622117869627086	0.08604283756348502	0	587	0.9496000000000081	0.9522998296422487	37.11023756663005
243	24300	585	1000	10.329066805096742	0.08826852354247908	0	585	0.949600000000008	0.9538461538461539	37.18679308493932
244	24400	584	1000	9.193043836675557	0.09810612178492781	0	584	0.949600000000008	0.9537671232876712	37.2646724820137
245	24500	586	1000	10.258800386264522	0.08881940932357031	0	586	0.9495500000000081	0.9522184300341296	37.34213968515396
246	24600	583	1000	10.84057031124773	0.08445539139698943	0	583	0.9496000000000081	0.9571183533447685	37.421406630675
247	24700	584	1000	10.135910197342367	0.08979957473423719	0	584	0.949600000000008	0.9606164383561644	37.49886254866918
248	24800	584	1000	10.220481477565587	0.08912273524085541	0	584	0.9496000000000081	0.9606164383561644	37.57787776390712
249	24900	582	1000	9.532805963323435	0.09494146227340812	0	582	0.9496000000000083	0.9587628865979382	37.66167271931966
250	25000	582	1000	9.63385181040415	0.09403930182867519	0	582	0.9495500000000084	0.9570446735395189	37.74157081842422
251	25100	580	1000	10.455709370791803	0.08729271733705665	0	580	0.9495500000000086	0.9637931034482758	38.58193843364715
252	25200	579	1000	9.325877306853833	0.09684407148012952	0	579	0.9495500000000088	0.9671848013816926	38.66359638373057
253	25300	579	1000	9.338805695968645	0.09672297066090764	0	579	0.9495500000000087	0.9706390328151986	38.747285866737364
254	25400	576	1000	8.521599749300831	0.10502436841807279	0	576	0.9496500000000087	0.96875	38.83642255067825
255	25500	576	1000	9.43208192321251	0.09585814292494119	0	576	0.9496500000000085	0.9722222222222222	38.92194608449936
256	25600	576	1000	9.818168788072219	0.09243708612705039	0	576	0.9496500000000085	0.9756944444444444	39.005764881769814
257	25700	573	1000	9.49976528594064	0.09524022421139419	0	573	0.9496500000000081	0.9720767888307156	39.08885080019633
258	25800	573	1000	9.489975705457727	0.09532910543155212	0	573	0.949650000000008	0.9738219895287958	39.167706747849785
259	25900	569	1000	9.18011280655982	0.09823073859806584	0	569	0.9496500000000079	0.9806678383128296	39.25223148663839
260	26000	569	1000	8.979239277655914	0.10020803912769755	0	569	0.9496500000000079	0.9824253075571178	39.332523516813914
261	26100	570	1000	9.515688441334301	0.09509600874720413	0	570	0.9496000000000081	0.9771929824561404	39.410380534331004
262	26200	565	1000	8.417121238007049	0.10618956416999795	0	565	0.9496000000000078	0.9787610619469026	39.48082805077235
263	26300	565	1000	8.416044973121597	0.10620170176061522	0	565	0.9496000000000078	0.9769911504424779	39.54718089898427
264	26400	564	1000	7.872412765135561	0.11270891317517745	0	564	0.9496000000000081	0.975177304964539	39.616623266537985
265	26500	564	1000	8.649591571883779	0.10363132911383746	0	564	0.9495500000000082	0.9663120567375887	39.68960094849269
266	26600	561	1000	8.80971488257352	0.10193976195745008	0	561	0.9495500000000078	0.964349376114082	39.76509199937185
267	26700	561	1000	8.123379338542199	0.10960850830518984	0	561	0.9495500000000077	0.964349376114082	39.84306131601333
268	26800	561	1000	8.292837045837604	0.1076097638500951	0	561	0.9495500000000077	0.964349376114082	39.916683316230774
269	26900	561	1000	8.068337708223417	0.11027379351930978	0	561	0.9496000000000078	0.9625668449197861	39.9912779490153
270	27000	563	1000	8.365574761512084	0.10677401285711895	0	563	0.949650000000008	0.9502664298401421	40.0744006673495
271	27100	566	1000	8.948421104094214	0.10051846313466324	0	566	0.9496500000000083	0.9487632508833922	40.1574264327685
272	27200	565	1000	8.155100221253855	0.10922873325607821	0	565	0.9496500000000082	0.9469026548672567	40.23789386749267
273	27300	567	1000	8.227869653956649	0.10836737378179463	0	567	0.9496500000000083	0.9453262786596119	40.32051168680191
274	27400	564	1000	7.4880498185731605	0.11781269212297106	0	564	0.9496500000000083	0.9485815602836879	40.4021834174792
275	27500	565	1000	8.275459467095857	0.10781137080566637	0	565	0.9496500000000083	0.9504424778761061	40.48608108361562
276	27600	564	1000	8.735715591219158	0.10271458637328319	0	564	0.9496500000000082	0.9556737588652482	40.565065785249075
277	27700	563	1000	8.214746454880823	0.10852170538781615	0	563	0.949650000000008	0.9609236234458259	40.64252908627192
278	27800	566	1000	8.31027764353951	0.10740818247175576	0	566	0.949600000000008	0.9522968197879859	40.72791138092677
279	27900	567	1000	8.413654848373739	0.10622866634766788	0	567	0.9497000000000079	0.9470899470899471	40.81889156897863
280	28000	564	1000	8.164247883649598	0.10911970220536603	0	564	0.9497000000000078	0.9574468085106383	40.910020399093625
281	28100	563	1000	8.341064340919157	0.10705418178305796	0	563	0.9497000000000078	0.9609236234458259	40.993527030944826
282	28200	563	1000	7.434707206201076	0.11855776087459377	0	563	0.949700000000008	0.9484902309058615	41.083185549577074
283	28300	565	1000	7.639024259470083	0.11575381315821653	0	565	0.949700000000008	0.9486725663716814	41.16988633473714
284	28400	564	1000	6.886714134700579	0.12679551748935874	0	564	0.9496500000000081	0.9450354609929078	41.255699614683785
285	28500	563	1000	7.537337573870009	0.11713253591619385	0	563	0.9496500000000082	0.9467140319715808	41.34300570090612
286	28600	562	1000	7.899864177818448	0.11236126529799717	0	562	0.9496500000000081	0.9448398576512456	41.42963250080744
287	28700	564	1000	7.578009670138383	0.1165771593241708	0	564	0.9496500000000083	0.9343971631205674	41.52440103292465
288	28800	563	1000	7.725970831318486	0.11460042891856663	0	563	0.9496500000000085	0.9396092362344582	41.61411098241806
289	28900	561	1000	7.411623021237919	0.11888312130431546	0	561	0.9496000000000083	0.946524064171123	41.70053806702296
290	29000	561	1000	7.184960033945028	0.12217530639768011	0	561	0.9496000000000087	0.9447415329768271	41.792484652996066
291	29100	563	1000	7.638259581170481	0.11576405994788368	0	563	0.9496000000000088	0.9413854351687388	41.8882696668307
292	29200	565	1000	6.9447630117580905	0.12586907860184376	0	565	0.9496000000000087	0.9486725663716814	41.99794698556264
293	29300	566	1000	7.184060056474636	0.12218874166360405	0	566	0.9496000000000083	0.9452296819787986	42.11106711626053
294	29400	567	1000	6.920206442885672	0.12625933518415422	0	567	0.9496000000000083	0.9382716049382716	42.227559816837314
295	29500	567	1000	7.636680984962054	0.1157852190837165	0	567	0.9496000000000084	0.9365079365079365	42.34061319828034
296	29600	567	1000	7.961713292805009	0.11158580589750165	0	567	0.9495500000000086	0.9294532627865961	42.45267661809921
297	29700	567	1000	7.662039574963295	0.11544625158379486	0	567	0.9495500000000084	0.9382716049382716	42.55025530258815
298	29800	570	1000	7.792532265478588	0.1137328780613316	0	570	0.9495500000000088	0.9350877192982456	42.641755334536235
299	29900	572	1000	7.414814519743287	0.11883803233615506	0	572	0.949550000000009	0.9230769230769231	42.7353862841924
300	30000	570	1000	7.384116925359689	0.11927314574720091	0	570	0.9495500000000087	0.9315789473684211	42.82267966667811
301	30100	570	1000	7.673775012333235	0.11529005520411825	0	570	0.9496500000000089	0.9263157894736842	43.68352028131485
302	30200	571	1000	6.922268888638141	0.12622646543014557	0	571	0.9498000000000092	0.9246935201401051	43.79561460018158
303	30300	569	1000	6.904891612914696	0.12650394831046638	0	569	0.949800000000009	0.9314586994727593	43.896491916974384
304	30400	572	1000	6.338409735442261	0.13626930575575627	0	572	0.9498500000000089	0.9335664335664335	44.00309894879659
305	30500	570	1000	7.25677384043608	0.12111267903484024	0	570	0.9498500000000086	0.9385964912280702	44.103590834140775
306	30600	570	1000	7.824248201610067	0.11332410162913828	0	570	0.9498500000000084	0.9421052631578948	44.20620468060176
307	30700	569	1000	7.620119546568868	0.11600767188873123	0	569	0.9498500000000084	0.9402460456942003	44.30173268318176
308	30800	569	1000	7.670588609812104	0.11533242378358792	0	569	0.9498500000000084	0.9472759226713533	44.39434091647466
309	30900	574	1000	7.496237798997305	0.11769915386761143	0	574	0.9498500000000086	0.9390243902439024	44.48984703222911
310	31000	574	1000	7.8168221732878855	0.11341954962295553	0	574	0.9498500000000084	0.9320557491289199	44.58651036818822
311	31100	574	1000	8.336484327547693	0.10710669722322112	0	574	0.9498500000000084	0.9425087108013938	44.678714299201964
312	31200	574	1000	7.650315070598852	0.11560272566242735	0	574	0.9498500000000082	0.9494773519163763	44.76544004678726
313	31300	577	1000	8.208508699013558	0.1085952169548499	0	577	0.9498500000000086	0.9358752166377816	44.85942498445511
314	31400	576	1000	7.570636468213277	0.11667744906796523	0	576	0.9498500000000085	0.9461805555555556	44.948334113756815
315	31500	576	1000	8.560505575360178	0.10459697890635103	0	576	0.9498500000000087	0.9479166666666666	45.0327787677447
316	31600	573	1000	8.959435221134147	0.10040729999206957	0	573	0.9498500000000086	0.9528795811518325	45.11675738096237
317	31700	573	1000	8.684376267513349	0.10325910232903099	0	573	0.9498500000000089	0.9476439790575916	45.205007485548656
318	31800	569	1000	8.75802725842722	0.10247973012540837	0	569	0.9498500000000085	0.9507908611599297	45.29001481533051
319	31900	570	1000	8.458216104794213	0.10572818266365437	0	570	0.9498000000000085	0.9649122807017544	45.37362439632416
320	32000	571	1000	8.553158225030922	0.10467742462171595	0	571	0.9498000000000087	0.968476357267951	45.450716598828635
321	32100	568	1000	9.294918873029504	0.09713529677439102	0	568	0.9498000000000087	0.9683098591549296	45.53119333187739
322	32200	568	1000	8.410389748767114	0.10626552424473314	0	568	0.9498000000000085	0.9595070422535211	45.61440740029017
323	32300	572	1000	8.306666015353619	0.10744986425324125	0	572	0.9498500000000089	0.9527972027972028	45.702470982074736
324	32400	572	1000	7.568796329646713	0.11670250540792461	0	572	0.9498500000000091	0.9475524475524476	45.78665680090587
325	32500	575	1000	8.45662826297003	0.10574593525218379	0	575	0.949850000000009	0.9426086956521739	45.87159223159154
326	32600	578	1000	8.946692419602583	0.10053593273169241	0	578	0.9498500000000091	0.9325259515570934	45.9621057510376
327	32700	580	1000	8.561507348078543	0.10458602013216646	0	580	0.9498500000000094	0.9344827586206896	46.05571333169937
328	32800	581	1000	8.776076833666261	0.10229052175165611	0	581	0.9498500000000094	0.9294320137693631	46.15292341709137
329	32900	581	1000	8.408813569856756	0.10628332600868236	0	581	0.9499000000000095	0.927710843373494	46.25562621752421
330	33000	582	1000	8.507916028367106	0.10517551869583985	0	582	0.9499500000000097	0.9243986254295533	46.365630682309465
331	33100	584	1000	9.104722112680733	0.09896363193848434	0	584	0.94995000000001	0.9178082191780822	46.47884598175685
332	33200	583	1000	8.345210488389355	0.10700668553612748	0	583	0.9499500000000097	0.9262435677530018	46.60239739815394
333	33300	586	1000	8.232228442032518	0.1083162105745994	0	586	0.94995000000001	0.931740614334471	46.71851509809494
334	33400	584	1000	7.4434660701769255	0.11843477449765437	0	584	0.9500000000000102	0.9315068493150684	46.826469616095224
335	33500	587	1000	8.410283818948884	0.10626672045601476	0	587	0.9499500000000104	0.9284497444633731	46.92628141641617
336	33600	587	1000	8.97867048478494	0.10021375107282661	0	587	0.9499500000000103	0.9352640545144804	47.02470563650131
337	33700	589	1000	8.444220841652614	0.10588485982767565	0	589	0.9499500000000103	0.933786078098472	47.11990290085475
338	33800	588	1000	8.57109814534405	0.10448121885433378	0	588	0.94995000000001	0.935374149659864	47.21655825376511
339	33900	587	1000	8.17114856194583	0.10903759689918613	0	587	0.9499000000000098	0.9403747870528109	47.306621563434604
340	34000	590	1000	8.231545501502595	0.10832422369983798	0	590	0.94990000000001	0.9389830508474576	47.397023765246075
341	34100	589	1000	8.98508204416024	0.10014940243629229	0	589	0.94990000000001	0.9456706281833617	47.48693170150121
342	34200	590	1000	8.266612766530121	0.10791429675489175	0	590	0.9499000000000101	0.9423728813559322	47.57523776690165
343	34300	589	1000	8.456511084409724	0.10574724558284807	0	589	0.9499000000000102	0.9524617996604414	47.66731548309326
344	34400	587	1000	7.715168792500058	0.11474247072076926	0	587	0.9499500000000102	0.9557069846678024	47.75850094954173
345	34500	587	1000	8.586168252399032	0.10431696728771063	0	587	0.9499500000000102	0.9625212947189097	47.84607460101446
346	34600	589	1000	8.981407286470782	0.10018627346821544	0	589	0.9499500000000103	0.9609507640067911	47.93412668307622
347	34700	588	1000	8.530626791229288	0.10492489338899158	0	588	0.9499500000000103	0.9574829931972789	48.032412286599474
348	34800	592	1000	8.524948963427905	0.1049874391809983	0	592	0.9499000000000104	0.9459459459459459	48.134188516934714
349	34900	594	1000	8.438233418116114	0.10595203103162938	0	594	0.9499500000000105	0.9343434343434344	48.24052328268687
350	35000	601	1000	8.318391259958013	0.10731466109360446	0	601	0.9500000000000108	0.9168053244592346	48.363942968845365
351	35100	601	1000	9.25953773039613	0.09747027851335649	0	601	0.950000000000011	0.9168053244592346	48.47684156894684
352	35200	602	1000	8.382695848117308	0.10657917683654382	0	602	0.9499500000000111	0.9069767441860465	48.59781271616618
353	35300	600	1000	8.368780482902388	0.10673747792735203	0	600	0.9499500000000108	0.905	48.71934930086136
354	35400	602	1000	7.657869569091415	0.11550185551073662	0	602	0.9499500000000108	0.9019933554817275	48.859619569778445
355	35500	602	1000	8.60602409209929	0.10410134207579956	0	602	0.9499500000000107	0.9003322259136213	49.000724883874256
356	35600	604	1000	9.181555873872849	0.09821681601395771	0	604	0.949950000000011	0.8990066225165563	49.14426308472951
357	35700	603	1000	8.716835722140047	0.10291416142000585	0	603	0.950000000000011	0.9071310116086235	49.27940684954326
358	35800	603	1000	8.85597552981669	0.10146129086611064	0	603	0.949950000000011	0.9137645107794361	49.40868110259374
359	35900	607	1000	8.254492181403114	0.10805563183785473	0	607	0.9499000000000113	0.9176276771004942	49.52116663058599
360	36000	608	1000	8.38383822800688	0.10656620198496317	0	608	0.9499000000000117	0.9292763157894737	49.62768808205922
361	36100	611	1000	8.80487618452721	0.1019900691431546	0	611	0.9498500000000116	0.9230769230769231	49.73919308582942
362	36200	610	1000	8.004277641003691	0.11105832581685383	0	610	0.9498500000000119	0.9278688524590164	49.843425714969634
363	36300	615	1000	8.13714532435139	0.10944337257446281	0	615	0.949850000000012	0.9203252032520325	49.94923444986343
364	36400	615	1000	7.550268756933003	0.1169553880033476	0	615	0.9498500000000121	0.9203252032520325	50.0590420683225
365	36500	617	1000	8.41591893739565	0.1062031233115724	0	617	0.949850000000012	0.9173419773095624	50.16452503204346
366	36600	615	1000	8.86761536720523	0.10134160714487055	0	615	0.9498500000000116	0.9170731707317074	50.2694436510404
367	36700	617	1000	8.635627841827302	0.10378150925039875	0	617	0.949850000000012	0.9157212317666127	50.371261465549466
368	36800	623	1000	8.662921556280653	0.10348836986573957	0	623	0.9498500000000123	0.9117174959871589	50.4824443658193
369	36900	623	1000	8.147622569843987	0.10931802141647116	0	623	0.9498500000000123	0.9101123595505618	50.595028567314145
370	37000	623	1000	8.124289282981207	0.10959757730009924	0	623	0.9498500000000123	0.9213483146067416	50.699084301789604
371	37100	622	1000	8.69520930499577	0.10314372475535084	0	622	0.9498500000000123	0.9196141479099679	50.80340447028478
372	37200	625	1000	7.706316447798381	0.11485913773015637	0	625	0.9498500000000124	0.9216	50.90645889838537
373	37300	622	1000	7.7155332680367525	0.11473767229681614	0	622	0.9498500000000121	0.9260450160771704	51.005347498257954
374	37400	620	1000	6.863622864676768	0.12716784835803602	0	620	0.9498500000000119	0.9290322580645162	51.09806950092316
375	37500	628	1000	7.624669433733745	0.11594647281073653	0	628	0.9499000000000125	0.9219745222929936	51.19304216702779
376	37600	631	1000	7.983141702863765	0.11131962881997139	0	631	0.9499000000000127	0.9096671949286846	51.29794033368429
377	37700	633	1000	7.813037336302603	0.11346825865366607	0	633	0.9499500000000128	0.9052132701421801	51.401474765936534
378	37800	637	1000	8.139590083300922	0.10941409744700854	0	637	0.9499500000000128	0.9058084772370487	51.51241413354874
379	37900	641	1000	7.870367653721366	0.11273489882693556	0	641	0.9499500000000133	0.8985959438377535	51.624135581652325
380	38000	642	1000	7.936963415486211	0.11189482976591053	0	642	0.949900000000013	0.8878504672897196	51.7445087313652
381	38100	641	1000	8.516111697836227	0.10508493718367976	0	641	0.9499000000000127	0.8923556942277691	51.87577908039093
382	38200	641	1000	7.770735322020836	0.11401552586922589	0	641	0.9499000000000127	0.9032761310452418	51.99992384910583
383	38300	641	1000	7.9735266860172995	0.11143890635085722	0	641	0.9499000000000123	0.8954758190327613	52.13825133244197
384	38400	639	1000	7.508843945589283	0.1175247785004176	0	639	0.9499000000000125	0.8904538341158059	52.26553116639455
385	38500	643	1000	8.258389951183034	0.10801014056145046	0	643	0.9498500000000126	0.8895800933125972	52.38104781707128
386	38600	645	1000	8.566356565762723	0.10453300513373351	0	645	0.9498500000000126	0.9007751937984496	52.48825831810633
387	38700	646	1000	8.018633168525984	0.11088154727147431	0	646	0.9498500000000127	0.9024767801857585	52.59029386838277
388	38800	650	1000	8.043615798709043	0.11057524139213741	0	650	0.9498500000000127	0.9	52.69957545200984
389	38900	652	1000	7.8249602380372645	0.11331495814449215	0	652	0.9498500000000131	0.906441717791411	52.81045729716619
390	39000	658	1000	8.22159691212237	0.10844108775622549	0	658	0.9498500000000134	0.8996960486322189	52.93234330018361
391	39100	658	1000	8.939512346215784	0.1006085575597403	0	658	0.9498500000000136	0.8951367781155015	53.05425553321838
392	39200	658	1000	7.967943124664757	0.11150828970465648	0	658	0.9498500000000136	0.8905775075987842	53.170565247535706
393	39300	662	1000	8.314313735733071	0.10736164019938892	0	662	0.9498500000000137	0.8806646525679759	53.30400943358739
394	39400	665	1000	7.992321844621061	0.11120598409165819	0	665	0.949900000000014	0.8766917293233083	53.43603573640188
395	39500	665	1000	8.906081846551235	0.10094808578107461	0	665	0.9499000000000138	0.8781954887218045	53.566244065761566
396	39600	667	1000	9.357219064449213	0.09655101372070661	0	667	0.9499000000000138	0.8770614692653673	53.69526475270589
397	39700	670	1000	9.15200875697316	0.09850267311019852	0	670	0.949900000000014	0.8761194029850746	53.824101118246716
398	39800	668	1000	9.392568197562275	0.09622260648090472	0	668	0.9499000000000141	0.8787425149700598	53.958825782934824
399	39900	679	1000	9.029697772533432	0.09970390162089669	0	679	0.9499000000000142	0.8571428571428571	54.1108025987943
400	40000	684	1000	9.253134290046567	0.09753115210543666	0	684	0.9499000000000145	0.8669590643274854	54.25051471392314
401	40100	688	1000	10.656016412259529	0.08579260397645143	0	688	0.9499000000000141	0.8502906976744186	54.410079383850096
402	40200	690	1000	9.721774250325169	0.09326814542562041	0	690	0.9499000000000138	0.8434782608695652	54.55576263268789
403	40300	689	1000	9.914290742646692	0.0916229944372457	0	689	0.9499000000000138	0.8606676342525399	54.695474700133005
404	40400	689	1000	9.09582444030708	0.09905085076633756	0	689	0.9499000000000141	0.8592162554426706	54.84350343545278
405	40500	689	1000	9.984380946459593	0.09103835754370053	0	689	0.9499000000000136	0.8679245283018868	54.98171575069428
406	40600	697	1000	10.424785131010932	0.08752899844791341	0	697	0.9499000000000138	0.8565279770444764	55.149925299485524
407	40700	700	1000	9.879518357314044	0.09191583369384394	0	700	0.9499000000000136	0.8542857142857143	55.30261746644974
408	40800	706	1000	10.369629813799826	0.08795361118848878	0	706	0.9499000000000137	0.8484419263456091	55.45794526735941
409	40900	707	1000	9.937590693089343	0.09142781331466593	0	707	0.9499500000000137	0.8741159830268741	55.59664386510849
410	41000	715	1000	10.187857976411747	0.08938261480511996	0	715	0.9499500000000138	0.8671328671328671	55.735486551125845
411	41100	720	1000	11.082752059116775	0.08276260202206764	0	720	0.9499500000000142	0.8694444444444445	55.888550996780396
412	41200	723	1000	9.979812454583076	0.09107623687894512	0	723	0.9500000000000137	0.8603042876901799	56.05529623031616
413	41300	725	1000	9.859526520849917	0.09208504607268415	0	725	0.9500000000000136	0.8537931034482759	56.21353309949239
414	41400	728	1000	9.064939153258528	0.09935479835228309	0	728	0.949950000000014	0.8571428571428571	56.368753067652385
415	41500	731	1000	9.97273560557185	0.09113497635833033	0	731	0.9500000000000143	0.8399452804377565	56.53190518220266
416	41600	731	1000	10.332325647155836	0.08824314012287302	0	731	0.9500000000000144	0.853625170998632	56.69840685129166
417	41700	729	1000	9.82474542263034	0.09238092545893858	0	729	0.9500000000000144	0.8600823045267489	56.852127834161124
418	41800	731	1000	9.982692408581645	0.09105235426775869	0	731	0.9499500000000143	0.8563611491108071	57.022313968340555
419	41900	735	1000	9.479808088522583	0.09542159470412377	0	735	0.9499500000000145	0.8517006802721089	57.18013391494751
420	42000	732	1000	9.485134553498254	0.0953731203827385	0	732	0.9499500000000145	0.8592896174863388	57.334978731473285
421	42100	735	1000	10.239990885526394	0.08896804367410016	0	735	0.9499500000000145	0.8625850340136054	57.50019470055898
422	42200	734	1000	9.262883452308225	0.09743850299450589	0	734	0.9499500000000144	0.8801089918256131	57.64121891657511
423	42300	731	1000	9.266976218864977	0.09739966068710255	0	731	0.9499500000000141	0.8809849521203831	57.78726983467738
424	42400	730	1000	8.241653949872667	0.10820573951633172	0	730	0.949900000000014	0.8890410958904109	57.93490711450577
425	42500	727	1000	9.063500085654411	0.09936900596100823	0	727	0.9499000000000137	0.9050894085281981	58.07549178202947
426	42600	730	1000	9.577817810770194	0.0945374573365986	0	730	0.9499000000000137	0.910958904109589	58.2177783648173
427	42700	732	1000	9.178559450513252	0.09824572964984501	0	732	0.949900000000014	0.9030054644808743	58.36509556770325
428	42800	733	1000	8.985180136118943	0.10014841859314536	0	733	0.949900000000014	0.9236016371077762	58.50214826663335
429	42900	739	1000	8.533641097669097	0.10489171867865808	0	739	0.9499000000000141	0.8985115020297699	58.67836275100708
430	43000	744	1000	8.032422199995978	0.11071227383507885	0	744	0.9499000000000144	0.896505376344086	58.85378925005595
431	43100	747	1000	8.675550086848721	0.1033532968176381	0	747	0.9499000000000146	0.8955823293172691	59.05881636937459
432	43200	752	1000	7.855428487157185	0.11292508334862351	0	752	0.9499000000000147	0.8816489361702128	59.23819135030111
433	43300	755	1000	7.992526170490391	0.11120345729785813	0	755	0.9499000000000148	0.8768211920529801	59.40925809939702
434	43400	757	1000	7.306775297326512	0.12038365842420756	0	757	0.9499000000000148	0.8586525759577279	59.59102634986242
435	43500	757	1000	8.060824325787907	0.11036523433678232	0	757	0.9499000000000147	0.8560105680317041	59.753415350119276
436	43600	761	1000	8.639526011983685	0.10373954059118862	0	761	0.9499500000000152	0.8488830486202366	59.92415829896927
437	43700	765	1000	8.373980025030022	0.10667827297794966	0	765	0.9499500000000154	0.8496732026143791	60.099908332029976
438	43800	764	1000	8.68242294148479	0.1032799337566069	0	764	0.9499500000000152	0.8455497382198953	60.279064718882246
439	43900	768	1000	8.42335548302086	0.10611931193743192	0	768	0.9499500000000151	0.8619791666666666	60.486324866612755
440	44000	767	1000	8.26739100198523	0.10790523457851119	0	767	0.949950000000015	0.8722294654498044	60.6847805817922
441	44100	772	1000	8.864543820038872	0.10137316212926098	0	772	0.9499500000000151	0.8769430051813472	60.909257499376935
442	44200	778	1000	7.793588636484268	0.11371921536686828	0	778	0.949950000000015	0.8766066838046273	61.13452745278676
443	44300	780	1000	7.538173219558631	0.11712107195357341	0	780	0.9499500000000151	0.8846153846153846	61.34867027997971
444	44400	782	1000	6.694435571459087	0.1299640487873201	0	782	0.949950000000015	0.8964194373401535	61.528511329491934
445	44500	785	1000	7.247122868363181	0.12125440786581508	0	785	0.9499500000000153	0.8815286624203822	61.69010726610819
446	44600	787	1000	7.732694650840221	0.11451219125173287	0	787	0.9499500000000153	0.8856416772554002	61.843275447686516
447	44700	788	1000	7.471889131516692	0.11803742760039798	0	788	0.9500500000000157	0.8870558375634517	61.9999115506808
448	44800	790	1000	7.4463771272377075	0.1183939557677599	0	790	0.9500500000000157	0.8835443037974684	62.15698576768239
449	44900	797	1000	7.0176092607034	0.12472545960817602	0	797	0.9500500000000163	0.8795483061480552	62.324285884698234
450	45000	800	1000	6.811115646039844	0.12802268527505284	0	800	0.9500500000000165	0.8725	62.48785008192063
451	45100	805	1000	7.260586262101711	0.12105678317141302	0	805	0.9500500000000162	0.8621118012422361	62.6782268166542
452	45200	803	1000	6.420420151329091	0.13476325863042773	0	803	0.9500500000000163	0.863013698630137	62.85638830264409
453	45300	799	1000	6.143887099884132	0.13997981575271803	0	799	0.9500500000000157	0.8585732165206508	63.038289034366606
454	45400	799	1000	5.555428531620775	0.15254532868086326	0	799	0.9500500000000157	0.8560700876095119	63.22494619687398
455	45500	803	1000	6.22809618751276	0.1383490166784993	0	803	0.9500500000000155	0.8592777085927771	63.41742843389511
456	45600	800	1000	6.883646146760737	0.1268448610432476	0	800	0.9500500000000154	0.85875	63.60095021724701
457	45700	803	1000	6.3801488374269235	0.13549862232163984	0	803	0.9500500000000154	0.8617683686176837	63.784497984250386
458	45800	804	1000	6.2414291865323275	0.13809428694819093	0	804	0.9500500000000155	0.8606965174129353	63.96731055180232
459	45900	799	1000	5.74301543928681	0.1483016031927946	0	799	0.950050000000015	0.8748435544430538	64.14071586529414
460	46000	802	1000	5.997957224400808	0.14289884432461988	0	802	0.950050000000015	0.8765586034912718	64.31938856840134
461	46100	805	1000	6.438963695630639	0.13442732629376342	0	805	0.9500500000000149	0.8857142857142857	64.51069978078206
462	46200	815	1000	5.578756930265704	0.15200440001050652	0	815	0.9500500000000155	0.8773006134969326	64.69420551856359
463	46300	814	1000	5.6131732295272885	0.15121333818008578	0	814	0.9501000000000156	0.8882063882063882	64.8567587018013
464	46400	816	1000	5.136738799866418	0.1629530003821847	0	816	0.9501000000000155	0.8958333333333334	65.01928090254465
465	46500	817	1000	5.924652129168558	0.1444115865095551	0	817	0.9501000000000158	0.8996328029375765	65.19044641653697
466	46600	818	1000	6.4471376183702205	0.13427977986243342	0	818	0.9501000000000158	0.902200488997555	65.34948543310165
467	46700	817	1000	6.499829419798704	0.13333636593921894	0	817	0.9501000000000157	0.9033047735618115	65.51191190083821
468	46800	818	1000	6.768028199083364	0.1287327973549325	0	818	0.9500500000000154	0.9070904645476773	65.66806141535442
469	46900	818	1000	6.414161788629164	0.1348770135463815	0	818	0.9501000000000153	0.9034229828850856	65.82802540063858
470	47000	822	1000	6.521813264266262	0.13294666656385654	0	822	0.9501000000000153	0.9014598540145985	66.00586640040079
471	47100	824	1000	7.209000191511661	0.12181751451705755	0	824	0.9502000000000154	0.8932038834951457	66.20709713300069
472	47200	824	1000	6.533782777345015	0.132735443741107	0	824	0.9502000000000155	0.9101941747572816	66.36981093088785
473	47300	822	1000	6.678119778967398	0.13024021880191172	0	822	0.9502000000000154	0.9002433090024331	66.55254451831182
474	47400	823	1000	6.185594456523408	0.1391673306990147	0	823	0.9502000000000157	0.8979343863912516	66.72558888196946
475	47500	826	1000	6.723135711991597	0.12948108608881687	0	826	0.9502000000000156	0.8837772397094431	66.94972563187281
476	47600	825	1000	6.617433466073163	0.13127781219932422	0	825	0.9502000000000153	0.8812121212121212	67.16252059936524
477	47700	826	1000	6.104628490117955	0.14075331333523358	0	826	0.9502000000000155	0.8753026634382567	67.37151678403218
478	47800	824	1000	6.176962445773209	0.13933471263862315	0	824	0.9502500000000155	0.8737864077669902	67.57990270058313
479	47900	828	1000	6.2677015314172	0.1375950836281798	0	828	0.9502000000000156	0.8659420289855072	67.79605964819591
480	48000	827	1000	6.15894198618479	0.1396854454093613	0	827	0.9501500000000157	0.8645707376058042	68.0043283979098
481	48100	825	1000	6.471980030093284	0.133833334132655	0	825	0.9501500000000156	0.8848484848484849	68.18010040124257
482	48200	824	1000	6.0309325373683365	0.14222864387976306	0	824	0.9501500000000153	0.8822815533980582	68.34587751626968
483	48300	826	1000	6.23696860162493	0.1381794028753238	0	826	0.9501500000000153	0.8910411622276029	68.52329337994257
484	48400	829	1000	5.91391281169299	0.14463589970483484	0	829	0.9501500000000155	0.8685162846803377	68.75481249888738
485	48500	829	1000	6.993738587519886	0.1250979112028052	0	829	0.9501500000000155	0.8829915560916767	68.9797306338946
486	48600	833	1000	7.149418821624783	0.12270813684853982	0	833	0.950150000000016	0.8763505402160864	69.21144651571909
487	48700	832	1000	6.636872297868051	0.13094365873829855	0	832	0.950150000000016	0.8701923076923077	69.42326689958573
488	48800	831	1000	6.761754307251055	0.1288368531667895	0	831	0.950150000000016	0.8796630565583634	69.60593058268229
489	48900	832	1000	6.836419317306845	0.1276093020943233	0	832	0.9501500000000159	0.8810096153846154	69.80346163511277
490	49000	834	1000	7.105124390790977	0.12337873569666588	0	834	0.9501500000000159	0.8836930455635491	69.99925743341446
491	49100	834	1000	7.634474539427236	0.11581480673013074	0	834	0.9501500000000161	0.8741007194244604	70.21584655046463
492	49200	839	1000	6.973982478111932	0.12540785018589337	0	839	0.950150000000016	0.8736591179976162	70.40270723501841
493	49300	840	1000	7.087082465516971	0.1236539882292488	0	840	0.950150000000016	0.8654761904761905	70.61790543397268
494	49400	838	1000	6.407242736492162	0.13500300119414863	0	838	0.9501500000000159	0.8926014319809069	70.84004458189011
495	49500	838	1000	7.03810511243206	0.12440743011102945	0	838	0.9501500000000159	0.8997613365155132	70.99330765008926
496	49600	840	1000	7.305435393529336	0.1204030797445114	0	840	0.9501500000000159	0.905952380952381	71.14915275176367
497	49700	840	1000	7.0043416427906795	0.1249321986275631	0	840	0.9501500000000157	0.9178571428571428	71.2960045337677
498	49800	841	1000	7.088895581392231	0.12362627134171555	0	841	0.9501500000000157	0.9143876337693222	71.44610466559728
499	49900	845	1000	6.736642367638327	0.12925503758360465	0	845	0.9501500000000159	0.9159763313609467	71.60343666474024
500	50000	846	1000	6.69219398800932	0.13000192163104718	0	846	0.9501000000000159	0.9101654846335697	71.76408656835557
