Epoch	Explore_Iteration	MacroPopSize	MicroPopSize	RMSE	Accuracy_Estimate	RuleCount	TreeCount	AveGenerality	ExpRules	Time(min)
1	100	1000	1000	78756.24620069416	1.269724435833799e-05	0	1000	0.8698499999999996	0.0	1.3669137001037597
2	200	1000	1000	28579.796836272148	3.498852763723127e-05	0	1000	0.8707499999999995	0.0	2.7145484844843546
3	300	1000	1000	2413.396268046379	0.0004141822174075654	0	1000	0.8716499999999994	0.0	3.988597933451335
4	400	1000	1000	552.565183900525	0.0018064719911642761	0	1000	0.8718499999999995	0.0	5.254005630811055
5	500	1000	1000	1685.883290205459	0.0005928092392676449	0	1000	0.8720999999999994	0.0	6.532989700635274
6	600	996	1000	363.85445826246143	0.002740818913827389	0	996	0.8727499999999995	0.0	7.804403718312582
7	700	996	1000	129.9518152485794	0.00763639662498568	0	996	0.8736499999999994	0.0	9.060077047348022
8	800	994	1000	137.0379226539719	0.007244386040977748	0	994	0.8738999999999996	0.0	10.296320497989655
9	900	993	1000	120.89279341689105	0.00820393045370496	0	993	0.8743999999999995	0.0	11.53028529882431
10	1000	991	1000	112.82464899840869	0.008785443300721098	0	991	0.8745499999999993	0.0	12.769016432762147
11	1100	990	1000	120.2110311299962	0.008250074194381877	0	990	0.8749999999999993	0.9434343434343434	12.918649899959565
12	1200	989	1000	117.58629461778715	0.008432677681877807	0	989	0.8760999999999992	0.9403437815975733	13.06297371784846
13	1300	988	1000	113.45082396041822	0.008737377027061342	0	988	0.8760499999999992	0.9433198380566802	13.202810215950013
14	1400	987	1000	129.71375177554833	0.007650304473833202	0	987	0.8766499999999992	0.9402228976697061	13.340677650769551
15	1500	987	1000	105.09682014913257	0.009425353168873232	0	987	0.877049999999999	0.9402228976697061	13.478433314959208
16	1600	983	1000	113.91805590227133	0.008701852743231406	0	983	0.8777499999999991	0.9420142421159715	13.621253963311514
17	1700	982	1000	118.30116950451645	0.008382147502436198	0	982	0.878799999999999	0.9389002036659878	13.759670531749725
18	1800	982	1000	108.96979824795805	0.009093405788971411	0	982	0.8790999999999991	0.9389002036659878	13.897699201107026
19	1900	980	1000	110.77544278631221	0.00894650895645978	0	980	0.8797499999999991	0.9377551020408164	14.0375146150589
20	2000	976	1000	104.78854746003623	0.009452819081174834	0	976	0.8801499999999991	0.9436475409836066	14.17507758140564
21	2100	976	1000	111.33976359071637	0.008901567602040413	0	976	0.8806999999999992	0.9415983606557377	14.33140064875285
22	2200	975	1000	111.35310077864412	0.008900510916651784	0	975	0.8814499999999992	0.9425641025641026	14.468208463986715
23	2300	971	1000	105.25006549669556	0.009411758904102516	0	971	0.8819999999999992	0.9443872296601442	14.591545164585114
24	2400	969	1000	115.12336295811278	0.008611531517225463	0	969	0.882399999999999	0.9484004127966976	14.713129051526387
25	2500	966	1000	99.65788932555989	0.009934641056953611	0	966	0.882999999999999	0.9492753623188406	14.828859400749206
26	2600	963	1000	105.44768773146465	0.009394285787801214	0	963	0.8831499999999991	0.952232606438214	14.943807748953502
27	2700	961	1000	107.04985661000457	0.009254986830842383	0	961	0.883349999999999	0.9583766909469302	15.052750333150227
28	2800	959	1000	103.87440090206861	0.009535215375712103	0	959	0.8835499999999991	0.9572471324296142	15.15888969898224
29	2900	957	1000	104.4779729422367	0.009480652425389648	0	957	0.883799999999999	0.9613375130616509	15.262446216742198
30	3000	958	1000	98.88563337173512	0.010011449757528117	0	958	0.884249999999999	0.9572025052192067	15.365640366077423
31	3100	959	1000	103.19797493976665	0.009597115496515804	0	959	0.8848499999999992	0.9582898852971846	15.46885019938151
32	3200	957	1000	103.54648748074449	0.009565122885493224	0	957	0.8858499999999991	0.9561128526645768	15.575941081841787
33	3300	958	1000	98.32295742812806	0.010068165768459106	0	958	0.8858499999999991	0.9561586638830898	15.678029036521911
34	3400	956	1000	110.07032436253826	0.009003304939814145	0	956	0.886349999999999	0.9560669456066946	15.782310418287913
35	3500	956	1000	93.76119942456106	0.010552842366628077	0	956	0.8866499999999992	0.952928870292887	15.88564114967982
36	3600	955	1000	100.37674832526305	0.0098641948624308	0	955	0.887049999999999	0.9486910994764398	15.994590636094411
37	3700	954	1000	101.21730982828065	0.00978307883155939	0	954	0.887699999999999	0.9454926624737946	16.104457366466523
38	3800	953	1000	98.41901995016447	0.010058437515289002	0	953	0.8879499999999986	0.9464847848898216	16.215724567572277
39	3900	952	1000	98.7990450062788	0.0100201359635965	0	952	0.8881499999999987	0.9422268907563025	16.33145411411921
40	4000	950	1000	93.80948767617919	0.010547467605937177	0	950	0.8886999999999985	0.9452631578947368	16.445842333634694
41	4100	945	1000	99.2494034473145	0.009975121702599898	0	945	0.8892499999999983	0.9481481481481482	16.558134949207307
42	4200	944	1000	97.6472874859867	0.010137126174321363	0	944	0.8896499999999984	0.951271186440678	16.671803951263428
43	4300	942	1000	93.39551896616857	0.010593723207967115	0	942	0.8897999999999983	0.9501061571125266	16.781282913684844
44	4400	941	1000	101.88579688204206	0.009719514552105709	0	941	0.890749999999998	0.946865037194474	16.892597949504854
45	4500	939	1000	87.98857153620565	0.011237398047154208	0	939	0.8913999999999982	0.9488817891373802	17.001678681373598
46	4600	936	1000	94.6120154375173	0.01045893651989276	0	936	0.8919999999999979	0.9519230769230769	17.10923001766205
47	4700	932	1000	94.66561318611595	0.010453076781669875	0	932	0.892699999999998	0.9527896995708155	17.214104596773783
48	4800	929	1000	91.81190623940124	0.010774479703289104	0	929	0.8925999999999977	0.9537136706135629	17.31939428249995
49	4900	927	1000	92.00555123221963	0.010752046375201451	0	927	0.8926999999999979	0.95361380798274	17.42481364806493
50	5000	924	1000	87.36563574506471	0.011316616369795663	0	924	0.8928499999999977	0.9556277056277056	17.527685681978863
51	5100	925	1000	92.70413777685852	0.010671887322429035	0	925	0.8930499999999979	0.9567567567567568	17.625680482387544
52	5200	919	1000	92.0000818797425	0.010752678705090715	0	919	0.8934999999999977	0.9630032644178455	17.72256155014038
53	5300	917	1000	88.35373569771413	0.011191473889609097	0	917	0.8938499999999976	0.965103598691385	17.81894054810206
54	5400	912	1000	96.42445316994947	0.01026436348845168	0	912	0.8941999999999978	0.9703947368421053	17.91075213352839
55	5500	911	1000	83.5256072416548	0.01183073429027308	0	911	0.8947999999999978	0.9659714599341384	18.00041656891505
56	5600	909	1000	89.88451992829158	0.01100297389246272	0	909	0.8950999999999978	0.966996699669967	18.095489966869355
57	5700	906	1000	90.3046836959359	0.010952340663379478	0	906	0.8955499999999974	0.9657836644591612	18.186131815115612
58	5800	905	1000	88.20226120679376	0.01121047814787725	0	905	0.8957499999999974	0.96353591160221	18.27778168519338
59	5900	902	1000	88.05591181245187	0.011228900806787082	0	902	0.8961499999999971	0.9634146341463414	18.37245010137558
60	6000	900	1000	83.26448773330183	0.011867395469904387	0	900	0.8965999999999968	0.9633333333333334	18.464213049411775
61	6100	900	1000	88.39807549020766	0.0111859231254876	0	900	0.8966999999999968	0.9611111111111111	18.556058633327485
62	6200	899	1000	87.34515731216312	0.011319239564728498	0	899	0.8966999999999969	0.9599555061179088	18.64899733463923
63	6300	897	1000	84.04845329949148	0.011758003364018605	0	897	0.897249999999997	0.959866220735786	18.741742829481762
64	6400	895	1000	91.59136940942076	0.01080014267396994	0	895	0.897399999999997	0.9608938547486033	18.836547032992044
65	6500	893	1000	79.70062547016542	0.012391477688976457	0	893	0.8975999999999971	0.9652855543113102	18.926483233769734
66	6600	890	1000	85.65113704627635	0.011540529462019021	0	890	0.897549999999997	0.9662921348314607	19.014274748166404
67	6700	888	1000	85.76893791712558	0.011524861592233803	0	888	0.8980999999999972	0.9673423423423423	19.103012835979463
68	6800	885	1000	83.52140096640733	0.011831323056245195	0	885	0.8982999999999973	0.9694915254237289	19.192395401000976
69	6900	881	1000	83.12028040745689	0.011887739735962107	0	881	0.8987499999999976	0.9693530079455165	19.2801544825236
70	7000	879	1000	78.79309315698787	0.01253241302517955	0	879	0.8992999999999975	0.9692832764505119	19.363622049490612
71	7100	877	1000	83.69134727232043	0.011807581674011565	0	877	0.8991999999999977	0.9737742303306728	19.44466008345286
72	7200	877	1000	82.9215073626024	0.011915896549370442	0	877	0.8992999999999975	0.9737742303306728	19.52410586675008
73	7300	872	1000	79.5103938226527	0.012420756532414779	0	872	0.9001499999999975	0.9724770642201835	19.60840538342794
74	7400	872	1000	86.3333417843182	0.01145038057137031	0	872	0.9001999999999974	0.9690366972477065	19.694234549999237
75	7500	867	1000	74.99026127863667	0.013159581019642217	0	867	0.9003999999999971	0.9653979238754326	19.779563184579214
76	7600	867	1000	80.43929683913657	0.012279084407804449	0	867	0.9003499999999971	0.9653979238754326	19.866038819154102
77	7700	863	1000	80.40790938062088	0.012283818705188979	0	863	0.900999999999997	0.9652375434530707	19.9541899005572
78	7800	862	1000	78.22417876944063	0.012622409162614544	0	862	0.9015999999999974	0.962877030162413	20.04207111597061
79	7900	862	1000	78.27804424930021	0.012613832864687842	0	862	0.9018499999999973	0.9651972157772621	20.129508332411447
80	8000	859	1000	74.48431174532877	0.013247785889256432	0	859	0.9018999999999975	0.9650756693830035	20.214454066753387
81	8100	857	1000	78.8111740886544	0.012529573852518423	0	857	0.9021499999999973	0.9649941656942824	20.299793899059296
82	8200	855	1000	77.88531675367973	0.012676630343293303	0	855	0.9023499999999973	0.9660818713450292	20.38409419854482
83	8300	852	1000	74.77863696390406	0.013196331315332762	0	852	0.9026999999999977	0.9647887323943662	20.469562884171804
84	8400	850	1000	81.28175740917753	0.012153362197007014	0	850	0.9028999999999979	0.9670588235294117	20.553223900000255
85	8500	849	1000	70.71504924153128	0.013944074647875788	0	849	0.9030499999999978	0.9705535924617197	20.63505203326543
86	8600	850	1000	76.04305257500712	0.012979755689540285	0	850	0.903199999999998	0.9658823529411765	20.718096884091697
87	8700	848	1000	75.91171384140864	0.013001920644519667	0	848	0.903199999999998	0.9705188679245284	20.79879310131073
88	8800	847	1000	74.47440139029797	0.013249525422914415	0	847	0.9034999999999981	0.9763872491145218	20.87728533347448
89	8900	844	1000	74.52245938934912	0.013241094213372892	0	844	0.9040999999999983	0.9739336492890995	20.95538936853409
90	9000	843	1000	70.35912284057595	0.014013625170731273	0	843	0.9042499999999984	0.970344009489917	21.035130580266316
91	9100	843	1000	74.7149864692985	0.013207424931727193	0	843	0.9044499999999986	0.9679715302491103	21.11683863401413
92	9200	840	1000	73.51019564596646	0.013420982072728379	0	840	0.9052499999999986	0.9619047619047619	21.20458341439565
93	9300	836	1000	70.23835641976714	0.014037381689543318	0	836	0.9053499999999985	0.9665071770334929	21.2875115831693
94	9400	832	1000	76.22138907515628	0.01294978000236104	0	832	0.9054999999999985	0.9675480769230769	21.370777451992033
95	9500	828	1000	65.97340918608761	0.014931299035733276	0	828	0.9058499999999985	0.9685990338164251	21.45143596728643
96	9600	824	1000	70.59373716711913	0.01396770219810889	0	824	0.9062499999999987	0.9696601941747572	21.534488666057587
97	9700	821	1000	70.59805934901509	0.01396685900556823	0	821	0.9064999999999986	0.9646772228989038	21.618672935167947
98	9800	820	1000	68.40025269377153	0.014409169436493233	0	820	0.9069499999999987	0.9585365853658536	21.707522400220235
99	9900	819	1000	68.63755874765685	0.014360066865980533	0	819	0.9070999999999988	0.960927960927961	21.793171032269797
100	10000	818	1000	65.2712797061771	0.015089492830584207	0	818	0.9073499999999987	0.9633251833740831	21.87782461643219
101	10100	817	1000	69.19557969585884	0.01424591127151835	0	817	0.9076999999999986	0.9645042839657283	22.60894248088201
102	10200	815	1000	68.20667949119819	0.014449472324809075	0	815	0.9078499999999984	0.9644171779141104	22.71183403333028
103	10300	813	1000	65.19663779120361	0.015106507420424948	0	813	0.9079499999999985	0.9630996309963099	22.795502332846322
104	10400	812	1000	71.04510389878082	0.013880193738146895	0	812	0.9084999999999986	0.9618226600985221	22.881404864788056
105	10500	812	1000	61.609892999600476	0.015971916770507518	0	812	0.9085999999999987	0.9605911330049262	22.964228081703187
106	10600	809	1000	65.82826274040902	0.014963728802654187	0	809	0.9089499999999988	0.9604449938195303	23.049803499380747
107	10700	809	1000	66.33107978511573	0.01485198222264454	0	809	0.9090499999999987	0.965389369592089	23.130948265393574
108	10800	805	1000	64.68167544735803	0.015224946580442687	0	805	0.9091999999999987	0.968944099378882	23.21480055252711
109	10900	803	1000	64.74447190787589	0.01521040432724511	0	803	0.9093999999999988	0.9701120797011208	23.293447216351826
110	11000	798	1000	61.21036994367053	0.016074490489374482	0	798	0.9097499999999987	0.9711779448621554	23.371730351448058
111	11100	797	1000	64.22992812228777	0.01533038635463895	0	797	0.909799999999999	0.9661229611041405	23.45238241751989
112	11200	793	1000	63.15885047536133	0.015586314165401483	0	793	0.9101999999999992	0.9659520807061791	23.53447433312734
113	11300	792	1000	60.21153720650104	0.01633678952754341	0	792	0.9110999999999996	0.9595959595959596	23.618180767695108
114	11400	792	1000	65.21868942942822	0.015101476767608608	0	792	0.9113999999999995	0.9570707070707071	23.704522800445556
115	11500	791	1000	56.36631755542201	0.017431831824204037	0	791	0.9118999999999997	0.9532237673830595	23.790613385041556
116	11600	790	1000	60.405100208854606	0.01628529220860713	0	790	0.9119999999999999	0.950632911392405	23.87986533244451
117	11700	788	1000	59.79835367046016	0.016447813791475505	0	788	0.9122500000000002	0.9454314720812182	23.978779884179435
118	11800	788	1000	58.02764628864092	0.016941214208509556	0	788	0.9124500000000003	0.9441624365482234	24.07633718252182
119	11900	786	1000	58.447556432299685	0.016821549278292443	0	786	0.9126500000000005	0.9389312977099237	24.176886848608653
120	12000	784	1000	55.259019531197616	0.01777492761752566	0	784	0.9128500000000006	0.9362244897959183	24.279927317301432
121	12100	781	1000	58.44299988721072	0.0168228387177201	0	781	0.9130000000000008	0.941101152368758	24.37742193142573
122	12200	777	1000	57.398237485921335	0.017123804468261228	0	777	0.913450000000001	0.9395109395109396	24.478794932365417
123	12300	775	1000	54.505952822949666	0.01801608564742153	0	775	0.914000000000001	0.9419354838709677	24.576741166909535
124	12400	773	1000	58.33507221036267	0.016853438661954698	0	773	0.9141500000000011	0.944372574385511	24.674215598901114
125	12500	772	1000	49.93907869968479	0.019631293410223925	0	772	0.9147000000000012	0.9417098445595855	24.773129300276437
126	12600	766	1000	52.72707148732209	0.018612590865593123	0	766	0.9153000000000013	0.9425587467362925	24.872239649295807
127	12700	765	1000	52.682830254242205	0.01862792992217426	0	765	0.9156000000000014	0.9490196078431372	24.963121283054353
128	12800	762	1000	51.189679189769464	0.019160876547331337	0	762	0.9163000000000018	0.9461942257217848	25.057577697436013
129	12900	761	1000	50.95226400443097	0.01924843929640315	0	761	0.9166500000000015	0.9500657030223391	25.1511088013649
130	13000	761	1000	48.361981390697636	0.02025850607748197	0	761	0.9166500000000015	0.9553219448094612	25.237396617730457
131	13100	758	1000	51.013899753999354	0.019225630162889487	0	758	0.9171000000000016	0.9485488126649076	25.330723416805267
132	13200	755	1000	49.26862686625286	0.019893123451743537	0	755	0.9175500000000015	0.9470198675496688	25.429392464955647
133	13300	755	1000	46.898153465351	0.020877631550522902	0	755	0.9175500000000015	0.9549668874172186	25.515764685471854
134	13400	755	1000	50.827183379850716	0.01929489381413651	0	755	0.9178000000000017	0.9536423841059603	25.606996365388234
135	13500	754	1000	44.040739567998656	0.022202122114142585	0	754	0.9186000000000019	0.9575596816976127	25.69724860191345
136	13600	753	1000	47.29813786294244	0.02070473198858598	0	753	0.919000000000002	0.9588313413014609	25.787551712989806
137	13700	750	1000	47.28938994973934	0.020708482775218782	0	750	0.9196000000000021	0.9546666666666667	25.87422284682592
138	13800	748	1000	45.86002161247904	0.021340152342859686	0	748	0.9198000000000023	0.9585561497326203	25.96079518397649
139	13900	748	1000	46.35466401434633	0.021117244115533056	0	748	0.9198000000000025	0.9572192513368984	26.048782801628114
140	14000	748	1000	43.846832385727176	0.022298118881597023	0	748	0.9200500000000026	0.9505347593582888	26.1412033478419
141	14100	746	1000	46.49426663042459	0.021055172991331233	0	746	0.9206500000000029	0.9517426273458445	26.233044616381328
142	14200	746	1000	46.09849559833356	0.02123210067107498	0	746	0.920700000000003	0.9557640750670241	26.324245683352153
143	14300	747	1000	44.34988629488525	0.022050771935734362	0	747	0.9207500000000031	0.9518072289156626	26.411432751019795
144	14400	747	1000	48.20062223030209	0.020324946203304554	0	747	0.920850000000003	0.9544846050870147	26.497906816005706
145	14500	749	1000	41.75613689449457	0.02338845538051319	0	749	0.9208500000000032	0.9559412550066756	26.585224517186482
146	14600	750	1000	44.826755104767436	0.021821313721947733	0	750	0.9210500000000036	0.952	26.679694517453513
147	14700	748	1000	44.38000006958998	0.022036139234607878	0	748	0.9213000000000036	0.9532085561497327	26.770030681292216
148	14800	750	1000	43.09832598742351	0.022676597753057384	0	750	0.9214000000000038	0.952	26.860541450977326
149	14900	748	1000	43.41556466027859	0.022514629897170096	0	748	0.9217500000000037	0.9518716577540107	26.955378516515097
150	15000	749	1000	40.940981661987045	0.023843027997276084	0	749	0.921800000000004	0.9559412550066756	27.04681943655014
151	15100	749	1000	43.262129423002314	0.022592677149425987	0	749	0.9220000000000043	0.9586114819759679	27.13484013080597
152	15200	745	1000	42.437240558082785	0.023021720237104713	0	745	0.9227500000000042	0.9543624161073826	27.229161330064137
153	15300	743	1000	39.99189352891914	0.024395067266031894	0	743	0.9229500000000043	0.9528936742934051	27.32405803203583
154	15400	741	1000	42.89294742164003	0.022782703343976887	0	741	0.9234000000000043	0.9487179487179487	27.424600919087727
155	15500	738	1000	36.759614329526606	0.026483321340971363	0	738	0.9236500000000043	0.9444444444444444	27.5257563829422
156	15600	739	1000	39.01659250329555	0.02498963398539357	0	739	0.923700000000005	0.9350473612990527	27.641699401537576
157	15700	736	1000	38.755288398575324	0.025153886194316633	0	736	0.9238500000000048	0.9375	27.740802017847695
158	15800	735	1000	37.801464543018945	0.025772223079139348	0	735	0.9239000000000048	0.9414965986394558	27.83869460026423
159	15900	734	1000	38.080814765171446	0.025588002860451955	0	734	0.9243000000000051	0.9373297002724795	27.94527413447698
160	16000	732	1000	35.588481318983895	0.02733100593276472	0	732	0.9246500000000052	0.9357923497267759	28.051115417480467
161	16100	729	1000	37.278229611765624	0.02612451020181531	0	729	0.9248500000000054	0.9355281207133059	28.15393515030543
162	16200	728	1000	36.31156275374077	0.02680134323507375	0	728	0.9251500000000055	0.9381868131868132	28.258147700627646
163	16300	726	1000	34.458735854122835	0.02820179501361802	0	726	0.9254000000000056	0.9393939393939394	28.356919264793397
164	16400	724	1000	37.58240952279565	0.025918547140223833	0	724	0.9254500000000055	0.9461325966850829	28.45374832948049
165	16500	725	1000	32.343669929454606	0.029990699947417477	0	725	0.9256000000000058	0.9489655172413793	28.549887084960936
166	16600	722	1000	34.67228177564254	0.028032969864092407	0	722	0.9258500000000062	0.9626038781163435	28.64077001810074
167	16700	723	1000	34.719600232592505	0.027995834037569816	0	723	0.9260500000000066	0.9543568464730291	28.73410549958547
168	16800	725	1000	33.39440760859444	0.02907449406833572	0	725	0.9266000000000066	0.9434482758620689	28.840322268009185
169	16900	725	1000	33.23303365532579	0.029211550751489575	0	725	0.9269000000000067	0.9462068965517242	28.944427768389385
170	17000	725	1000	31.39080040447559	0.030872963542507126	0	725	0.9269500000000068	0.9475862068965517	29.04330371618271
171	17100	724	1000	32.824240271867474	0.029564596040069134	0	724	0.9270000000000069	0.9502762430939227	29.140096584955852
172	17200	726	1000	31.92563952080519	0.030371467784797795	0	726	0.9275000000000073	0.9421487603305785	29.247326068083446
173	17300	726	1000	29.95594059170102	0.03230397722975635	0	726	0.9274500000000075	0.940771349862259	29.348810867468515
174	17400	724	1000	32.27032925017912	0.03005681105469121	0	724	0.9277000000000075	0.93646408839779	29.45086239973704
175	17500	724	1000	27.34427756840723	0.03528048995380318	0	724	0.9279000000000076	0.9378453038674033	29.549393117427826
176	17600	722	1000	29.230294303837802	0.033079400086192604	0	722	0.9279500000000077	0.9376731301939059	29.65156534910202
177	17700	720	1000	29.115149351542836	0.03320587881955062	0	720	0.9280000000000076	0.9458333333333333	29.748063230514525
178	17800	720	1000	28.136518555972756	0.03432119036730309	0	720	0.9281500000000078	0.9513888888888888	29.844878367582957
179	17900	720	1000	28.08647184331921	0.03438024403188959	0	720	0.9282500000000078	0.9541666666666667	29.940589483579
180	18000	719	1000	26.285878078988958	0.036648994659623346	0	719	0.928450000000008	0.9513212795549374	30.038303482532502
181	18100	716	1000	27.23119425498537	0.03542181003637171	0	716	0.9287500000000082	0.946927374301676	30.13478591442108
182	18200	715	1000	26.88166657020352	0.035865861801413136	0	715	0.9289000000000083	0.9552447552447553	30.230569982528685
183	18300	715	1000	25.167566881274716	0.038215245786401	0	715	0.9292500000000082	0.9538461538461539	30.325540749231973
184	18400	719	1000	26.510969990771247	0.036349136374888166	0	719	0.9294000000000086	0.9443671766342142	30.430509781837465
185	18500	720	1000	22.257041679652215	0.042997730054158544	0	720	0.9295000000000087	0.9430555555555555	30.53156614700953
186	18600	718	1000	23.98834414798229	0.04001865806225284	0	718	0.9298500000000086	0.9415041782729805	30.635311416784923
187	18700	719	1000	23.837685041237513	0.04026140110641229	0	719	0.9298500000000088	0.9374130737134909	30.73836214939753
188	18800	721	1000	23.129785577068702	0.041442556412533214	0	721	0.930000000000009	0.9361997226074896	30.843445018927255
189	18900	723	1000	23.27584383326131	0.04119321276197451	0	723	0.9302500000000092	0.9349930843706777	30.952665332953135
190	19000	722	1000	21.95255469220296	0.043568134937924906	0	722	0.9302500000000092	0.9404432132963989	31.05594108104706
191	19100	720	1000	23.091461912713545	0.04150848145384984	0	720	0.9305000000000093	0.9416666666666667	31.159787166118623
192	19200	719	1000	23.081955669460655	0.04152486673946262	0	719	0.9305000000000093	0.9443671766342142	31.263587915897368
193	19300	717	1000	21.775613021373978	0.04390661182474171	0	717	0.9307000000000094	0.9470013947001394	31.366016964117687
194	19400	716	1000	23.49590336383227	0.04082315255523423	0	716	0.9309500000000095	0.9581005586592178	31.461259015401204
195	19500	714	1000	20.28422953432397	0.04698314300676715	0	714	0.9310500000000094	0.9621848739495799	31.55232826471329
196	19600	713	1000	21.582140452734347	0.04428278187769909	0	713	0.9311500000000097	0.9635343618513323	31.6456436475118
197	19700	711	1000	20.752375678107878	0.045971990131010124	0	711	0.9316500000000097	0.9549929676511955	31.751440052191416
198	19800	710	1000	19.513121700890302	0.048749284218237654	0	710	0.9317000000000099	0.956338028169014	31.850753450393675
199	19900	709	1000	18.93552668907163	0.05016170455873562	0	709	0.9321500000000099	0.9534555712270804	31.96018713315328
200	20000	709	1000	17.835865820054238	0.05309020618183192	0	709	0.9327500000000098	0.9421720733427362	32.07297053337097
201	20100	713	1000	18.009688125079755	0.052604755712992765	0	713	0.9328000000000101	0.9396914446002805	32.18487894932429
202	20200	714	1000	17.720369559977826	0.05341774887488837	0	714	0.93295000000001	0.9369747899159664	32.2955578327179
203	20300	714	1000	16.366916394564782	0.05758074590103767	0	714	0.9333000000000101	0.9299719887955182	32.41425090233485
204	20400	717	1000	17.99178952378088	0.05265433248129849	0	717	0.9334500000000099	0.9246861924686193	32.536871047814685
205	20500	714	1000	15.681132905760816	0.05994796670282813	0	714	0.9339000000000098	0.9215686274509803	32.65828673442205
206	20600	715	1000	16.89831139354097	0.05587119242773225	0	715	0.9339500000000099	0.9216783216783216	32.77917675177256
207	20700	722	1000	17.013440884537957	0.05551410229782148	0	722	0.9345000000000102	0.9182825484764543	32.91273768345515
208	20800	720	1000	16.54653190689034	0.05699131915676798	0	720	0.9349000000000101	0.9138888888888889	33.047651000817616
209	20900	724	1000	16.276347670394845	0.05788260453415298	0	724	0.93495000000001	0.9171270718232044	33.17781574726105
210	21000	725	1000	14.959487925146842	0.06265865200000138	0	725	0.9352500000000104	0.9186206896551724	33.31031376520793
211	21100	725	1000	15.598001899231775	0.06024821578350851	0	725	0.9354500000000104	0.9213793103448276	33.43525631427765
212	21200	727	1000	15.333479935632209	0.061223940271200615	0	727	0.9357000000000107	0.9147180192572214	33.57144068479538
213	21300	729	1000	13.9385866188545	0.06694073713358303	0	729	0.9361000000000108	0.9080932784636488	33.71167543331782
214	21400	730	1000	14.465606530645251	0.0646596043949838	0	730	0.9364000000000108	0.9068493150684932	33.849215948581694
215	21500	732	1000	12.116167662673128	0.07624178233447466	0	732	0.9364000000000109	0.907103825136612	33.97985641956329
216	21600	732	1000	12.94382982888409	0.07171630837953427	0	732	0.9369000000000115	0.8989071038251366	34.124809714158374
217	21700	734	1000	12.259331847435016	0.07541858153233019	0	734	0.9370000000000116	0.9128065395095368	34.26141746838888
218	21800	734	1000	12.131633492750794	0.07615198829239649	0	734	0.9374000000000117	0.9196185286103542	34.39235413471858
219	21900	732	1000	12.336474984624944	0.0749823323743986	0	732	0.9378000000000115	0.9207650273224044	34.52808158397674
220	22000	731	1000	11.324814254266618	0.08113712542595268	0	731	0.9378500000000114	0.9274965800273598	34.661284283796945
221	22100	730	1000	11.083213326788275	0.08275944262136109	0	730	0.9380500000000115	0.9246575342465754	34.79033205111821
222	22200	730	1000	10.523083065189184	0.08678233024466896	0	730	0.9384500000000117	0.9246575342465754	34.92707165082296
223	22300	729	1000	10.217107828275827	0.08914953973066239	0	729	0.9387000000000116	0.9382716049382716	35.054834115505216
224	22400	732	1000	10.886164657930188	0.0841314274855533	0	732	0.9390000000000119	0.9357923497267759	35.18629696369171
225	22500	737	1000	8.429295724133535	0.10605245919274535	0	737	0.9394500000000122	0.921302578018996	35.325511101881666
226	22600	741	1000	9.510787002481875	0.09514035435822965	0	741	0.9396500000000128	0.9190283400809717	35.469827167193095
227	22700	742	1000	9.121209141176784	0.098802424300436	0	742	0.9399500000000125	0.9150943396226415	35.61112066507339
228	22800	741	1000	8.274405338606144	0.10782362464117733	0	741	0.9400500000000126	0.9122807017543859	35.750005185604095
229	22900	741	1000	8.22008688956383	0.10845884772863636	0	741	0.9400500000000126	0.9163292847503374	35.89113998015721
230	23000	739	1000	7.913003607369806	0.11219562383808979	0	739	0.9400000000000124	0.9215155615696887	36.03051316340764
231	23100	737	1000	7.318907162358119	0.12020809710737713	0	737	0.9403500000000123	0.9172320217096337	36.175136001904804
232	23200	739	1000	7.761335442280091	0.11413785108309417	0	739	0.9405500000000127	0.918809201623816	36.318952798843384
233	23300	742	1000	7.1460156473409135	0.12275940082762152	0	742	0.9406500000000129	0.9164420485175202	36.46001894871394
234	23400	740	1000	7.17511058744677	0.1223225043017207	0	740	0.940750000000013	0.9202702702702703	36.602602203687034
235	23500	737	1000	6.212254115156547	0.1386529071262895	0	737	0.9409000000000128	0.9348710990502035	36.740200114250186
236	23600	739	1000	6.51037625571583	0.13314912142237112	0	739	0.941100000000013	0.9431664411366711	36.87588853438695
237	23700	742	1000	6.32114829353585	0.13659059479548338	0	742	0.9413000000000129	0.9420485175202157	37.01454381545385
238	23800	743	1000	5.775803376936251	0.14758397556278563	0	743	0.9414000000000127	0.9394347240915208	37.151148382822676
239	23900	745	1000	5.335060579092011	0.1578516870541635	0	745	0.9414500000000127	0.9315436241610738	37.29730048576991
240	24000	744	1000	5.161547144149726	0.1622968998864971	0	744	0.9416500000000128	0.9274193548387096	37.43741596539815
241	24100	745	1000	4.963004345083371	0.16770069953487826	0	745	0.9417500000000129	0.9248322147651007	37.585075569152835
242	24200	744	1000	5.402870701991383	0.15617994592472184	0	744	0.9418500000000128	0.9274193548387096	37.72794008255005
243	24300	743	1000	4.910038616026175	0.16920363215365683	0	743	0.9420000000000127	0.9286675639300135	37.86885890165965
244	24400	740	1000	4.48676365598003	0.18225680249778917	0	740	0.9421500000000123	0.927027027027027	38.01788624922435
245	24500	744	1000	3.4915325366499976	0.2226411568524111	0	744	0.9424500000000122	0.9112903225806451	38.18064918120702
246	24600	744	1000	3.4378078292481278	0.22533648109080567	0	744	0.9424500000000122	0.918010752688172	38.32636188268661
247	24700	744	1000	3.346224977812052	0.23008472987595166	0	744	0.9424500000000123	0.9260752688172043	38.468761984507246
248	24800	742	1000	3.2997403732702595	0.23257218185000056	0	742	0.9427500000000122	0.9245283018867925	38.61643781661987
249	24900	741	1000	3.4314923606021	0.22565761568054055	0	741	0.9429500000000121	0.9271255060728745	38.76840550104777
250	25000	747	1000	3.239965535250431	0.2358509737133832	0	747	0.9432000000000118	0.9103078982597055	38.943117984135945
251	25100	748	1000	3.245531134493871	0.23554178931235528	0	748	0.9432000000000119	0.9211229946524064	40.55236068169276
252	25200	750	1000	3.1540261888368386	0.24073030706626533	0	750	0.9432500000000119	0.92	40.70633370081584
253	25300	750	1000	2.841096092612805	0.260342354340783	0	750	0.9434500000000122	0.9226666666666666	40.85562495390574
254	25400	750	1000	3.0015234383231455	0.24990482135450243	0	750	0.9435500000000121	0.9253333333333333	41.00860198338827
255	25500	752	1000	2.556943324477212	0.28114026813935156	0	752	0.9436000000000122	0.9401595744680851	41.157968366146086
256	25600	754	1000	3.122228412863121	0.24258723676727154	0	754	0.9436500000000122	0.9350132625994695	41.308713499705
257	25700	752	1000	2.621785972075267	0.27610687315877047	0	752	0.9438500000000123	0.9295212765957447	41.46453357934952
258	25800	752	1000	2.5212173053422857	0.28399269720810183	0	752	0.9439000000000124	0.925531914893617	41.62730486790339
259	25900	754	1000	2.692930948417117	0.27078762478042684	0	754	0.9440000000000126	0.9217506631299734	41.79750721851985
260	26000	756	1000	3.0986574761760095	0.24398232977813653	0	756	0.9440500000000128	0.9378306878306878	41.95486805041631
261	26100	755	1000	4.266790382667497	0.18986895762757225	0	755	0.9440500000000126	0.9403973509933775	42.101676118373874
262	26200	752	1000	4.118292144110605	0.19537767127080785	0	752	0.9441500000000124	0.9401595744680851	42.253232419490814
263	26300	752	1000	3.3549096468750776	0.22962588918866852	0	752	0.9442500000000125	0.9388297872340425	42.40834421714147
264	26400	754	1000	3.8954437261992934	0.20427157494390738	0	754	0.9443500000000127	0.9336870026525199	42.56905318498612
265	26500	754	1000	2.5003561649608383	0.2856852139819857	0	754	0.9444500000000124	0.9283819628647215	42.73908460140228
266	26600	756	1000	2.3219242411124754	0.30103034488983743	0	756	0.9445500000000123	0.9246031746031746	42.911245568593344
267	26700	756	1000	2.509877994518146	0.28491018820649494	0	756	0.9445500000000123	0.9246031746031746	43.080159982045494
268	26800	758	1000	1.3541585184584266	0.4247802313052521	0	758	0.9446000000000127	0.9274406332453826	43.250237667560576
269	26900	759	1000	1.2023235216428316	0.4540658945757643	0	759	0.9448000000000124	0.9235836627140975	43.4434873342514
270	27000	765	1000	1.2385799613550463	0.4467117624847695	0	765	0.9448000000000125	0.9084967320261438	43.636222084363304
271	27100	770	1000	1.4562828664411902	0.40711923437745584	0	770	0.9449000000000126	0.8935064935064935	43.83661578098933
272	27200	770	1000	2.0475145860743607	0.3281362473438214	0	770	0.9449000000000127	0.8844155844155844	44.04181280136108
273	27300	771	1000	2.19471401384407	0.3130170637079156	0	771	0.9450500000000129	0.8651102464332037	44.274310584863024
274	27400	771	1000	1.8611254853477017	0.3495128071526977	0	771	0.9451500000000131	0.8560311284046692	44.50738269885381
275	27500	772	1000	1.7557672111535336	0.3628753531694033	0	772	0.9453000000000132	0.8613989637305699	44.71368285020193
276	27600	775	1000	0.8875963253826644	0.5297742883650053	0	775	0.9453000000000132	0.863225806451613	44.93765068451564
277	27700	773	1000	2.167079873173655	0.3157482728712882	0	773	0.9453500000000131	0.8576972833117723	45.16450144847234
278	27800	775	1000	2.8329835450340233	0.26089337150836206	0	775	0.9454000000000131	0.8580645161290322	45.39399775266647
279	27900	777	1000	1.2006259459487565	0.45441616365605003	0	777	0.9453500000000132	0.8648648648648649	45.63201489845912
280	28000	775	1000	1.0112301208057333	0.49720814622614284	0	775	0.9454000000000129	0.8748387096774194	45.85948803424835
281	28100	777	1000	1.1410337529402022	0.46706409865175513	0	777	0.9454500000000129	0.8893178893178894	46.06494555075963
282	28200	777	1000	0.8545236301277942	0.5392220318762347	0	777	0.945450000000013	0.8893178893178894	46.28883690039317
283	28300	779	1000	0.42215682869316895	0.7031573310511104	0	779	0.9454500000000131	0.9011553273427471	46.5081029176712
284	28400	783	1000	0.671305498034717	0.5983346558578889	0	783	0.9456000000000132	0.9080459770114943	46.723552882671356
285	28500	784	1000	1.1363151835098526	0.46809572282169204	0	784	0.9456000000000132	0.9068877551020408	46.92619064648946
286	28600	784	1000	1.8953568532335932	0.34538056988836446	0	784	0.9456500000000128	0.9043367346938775	47.163440465927124
287	28700	784	1000	1.7562447241068504	0.3628124858630054	0	784	0.9456500000000128	0.9183673469387755	47.35874344905218
288	28800	784	1000	1.1210559370903117	0.4714632851087422	0	784	0.9457500000000127	0.9107142857142857	47.5960999528567
289	28900	789	1000	0.9051924904204064	0.5248813466503516	0	789	0.9458500000000127	0.9036755386565273	47.85110716819763
290	29000	791	1000	1.4339581238807475	0.4108534120568934	0	791	0.9459000000000128	0.9039190897597977	48.08456571896871
291	29100	791	1000	1.2682383134344164	0.4408707824381408	0	791	0.945900000000013	0.9077117572692794	48.29418568213781
292	29200	792	1000	1.235264243604015	0.44737440007882734	0	792	0.9459500000000132	0.9090909090909091	48.52818336486816
293	29300	790	1000	1.0662233381628496	0.4839747870088112	0	790	0.9459500000000127	0.9113924050632911	48.756814150015515
294	29400	793	1000	1.700326138359235	0.37032563800149615	0	793	0.9460000000000127	0.9016393442622951	49.01391861836115
295	29500	795	1000	1.7949624304971046	0.3577865623840041	0	795	0.9460500000000129	0.8968553459119497	49.261958567301434
296	29600	794	1000	1.3805295954162342	0.42007459261398117	0	794	0.9460500000000129	0.906801007556675	49.48647173245748
297	29700	793	1000	1.199352339542758	0.45467930809480867	0	793	0.946050000000013	0.905422446406053	49.71098303000132
298	29800	795	1000	1.802768400090881	0.3567900936686651	0	795	0.946150000000013	0.909433962264151	49.958574585119884
299	29900	797	1000	2.481473986992669	0.28723466087529487	0	797	0.9462000000000131	0.9222082810539524	50.18426036437352
300	30000	798	1000	3.9487672051799354	0.20207052757569355	0	798	0.946250000000013	0.9260651629072681	50.41290951569875
301	30100	799	1000	2.8143329926842133	0.2621690350365248	0	799	0.9462500000000129	0.9198998748435544	53.139583599567416
302	30200	798	1000	1.3936109491330038	0.4177788376019138	0	798	0.9462500000000129	0.9273182957393483	53.378578782081604
303	30300	798	1000	1.2391307994681342	0.4466018690098552	0	798	0.9462500000000129	0.9323308270676691	53.60410335063934
304	30400	799	1000	1.1019797848763813	0.47574196821251097	0	799	0.9462500000000129	0.9449311639549437	53.83012893597285
305	30500	803	1000	0.7897337650826205	0.5587423221877006	0	803	0.946250000000013	0.937733499377335	54.10764808257421
306	30600	801	1000	0.46738154809084775	0.6814860124832975	0	801	0.9462500000000129	0.9375780274656679	54.33931768337886
307	30700	799	1000	0.6453704355221255	0.607765873514477	0	799	0.9463500000000129	0.9261576971214017	54.60496836900711
308	30800	803	1000	1.4314885011176197	0.41127070909048336	0	803	0.9464000000000129	0.9290161892901619	54.865288718541464
309	30900	807	1000	1.5639891490258442	0.3900172511962219	0	807	0.9463500000000132	0.9244114002478315	55.134184420108795
310	31000	808	1000	0.44879555579479474	0.6902285115386139	0	808	0.9463500000000131	0.9183168316831684	55.41467793385188
311	31100	808	1000	1.7555807997547261	0.36289990120740057	0	808	0.9463500000000132	0.9220297029702971	55.663320219516756
312	31200	809	1000	2.630033023328395	0.27547958753364044	0	809	0.9463000000000134	0.9221260815822002	55.922852301597594
313	31300	814	1000	5.3368633309952305	0.15780678038434923	0	814	0.9463000000000137	0.8992628992628993	56.26522436936696
314	31400	813	1000	8.296118513257346	0.107571778325963	0	813	0.9463500000000136	0.9015990159901599	56.54252924919128
315	31500	812	1000	5.885379259172528	0.14523528223486387	0	812	0.9463500000000136	0.9150246305418719	56.81618701616923
316	31600	816	1000	4.752009682857525	0.17385228035694347	0	816	0.9464500000000136	0.9093137254901961	57.11550490061442
317	31700	819	1000	0.9354932979184841	0.5166641502067946	0	819	0.9465000000000137	0.9181929181929182	57.395277218023935
318	31800	819	1000	0.783976296617943	0.5605455643641661	0	819	0.9465000000000137	0.9267399267399268	57.652845931053164
319	31900	817	1000	0.8884010750052682	0.5295485229466999	0	817	0.9465500000000135	0.9277845777233782	57.94114648501078
320	32000	817	1000	1.1016124968406886	0.475825111195941	0	817	0.9465500000000133	0.9302325581395349	58.233706466356914
321	32100	818	1000	1.4474615634132515	0.4085866004798012	0	818	0.9466000000000134	0.9278728606356969	58.51657568613688
322	32200	819	1000	1.382317581147079	0.4197593166896342	0	819	0.9467500000000136	0.927960927960928	58.80226226647695
323	32300	821	1000	0.9199360113441443	0.5208506919456662	0	821	0.9467500000000135	0.9439707673568819	59.10162648359935
324	32400	824	1000	1.1817591732131831	0.45834572957346675	0	824	0.9468500000000136	0.9356796116504854	59.430772483348846
325	32500	826	1000	1.2684600633475662	0.44082768577565346	0	826	0.9469000000000137	0.927360774818402	59.76969944636027
326	32600	828	1000	4.218217674351479	0.19163631385390228	0	828	0.9469000000000136	0.9335748792270532	60.06802761952083
327	32700	830	1000	4.062667861829085	0.19752431470760384	0	830	0.9469000000000137	0.9337349397590361	60.37931356827418
328	32800	832	1000	2.5863509168912597	0.2788349559687889	0	832	0.9469000000000138	0.9242788461538461	60.73210781415303
329	32900	836	1000	1.370240022129995	0.42189820046214516	0	836	0.9469500000000142	0.9186602870813397	61.08798606395722
330	33000	837	1000	1.2680606091145488	0.4409053250082237	0	837	0.946950000000014	0.9163679808841099	61.45625808238983
331	33100	838	1000	2.6955634286627124	0.2705947331992792	0	838	0.9469500000000141	0.9105011933174224	61.82710038423538
332	33200	837	1000	3.785660837449245	0.20895755758007278	0	837	0.946950000000014	0.9068100358422939	62.19337681531906
333	33300	838	1000	1.3773170672083306	0.4206422499520832	0	838	0.9469500000000137	0.9081145584725537	62.589113330841066
334	33400	839	1000	0.6580024761025166	0.6031354080668867	0	839	0.946950000000014	0.9094159713945172	62.97372036774953
335	33500	839	1000	2.4429966600152335	0.29044466165574945	0	839	0.9469500000000141	0.9094159713945172	63.37376305262248
336	33600	841	1000	3.427092812041576	0.22588186931162285	0	841	0.946950000000014	0.9096313912009513	63.75624863306681
337	33700	841	1000	3.6736334299652262	0.21396628875265478	0	841	0.9470000000000139	0.9096313912009513	64.12882978121439
338	33800	841	1000	3.0959190200610287	0.24414545187592604	0	841	0.9470000000000139	0.9179548156956004	64.49320745070776
339	33900	844	1000	1.9070597066631265	0.3439901828324853	0	844	0.947000000000014	0.9182464454976303	64.92767003377278
340	34000	843	1000	1.0518662811329917	0.48736119365820646	0	843	0.9470500000000138	0.9217081850533808	65.33244021733601
341	34100	847	1000	1.756042769485517	0.36283907168344653	0	847	0.9471000000000143	0.9161747343565525	65.78532133102416
342	34200	851	1000	2.3794871996639086	0.295902881389653	0	851	0.9471000000000147	0.9142185663924794	66.21063319842021
343	34300	859	1000	3.817308336965819	0.20758480256006404	0	859	0.9471000000000149	0.9080325960419092	66.73540375232696
344	34400	857	1000	2.90824288134396	0.2558694611262547	0	857	0.9471000000000147	0.9101516919486581	67.19815693298976
345	34500	860	1000	4.365479160344342	0.18637664411985577	0	860	0.9472000000000147	0.9	67.7209394176801
346	34600	860	1000	4.725135198644404	0.17466836420505488	0	860	0.9472000000000148	0.891860465116279	68.27182783285777
347	34700	866	1000	6.118012105915355	0.1404886624411554	0	866	0.9472000000000151	0.8799076212471132	68.84854615132014
348	34800	869	1000	2.0714301221505034	0.32558123096736336	0	869	0.9472000000000153	0.8699654775604143	69.38555146853129
349	34900	869	1000	4.917826680232893	0.16898095433248572	0	869	0.947200000000015	0.8803222094361335	69.86247703631719
350	35000	868	1000	3.469321165287666	0.22374762587365668	0	868	0.9472000000000149	0.8836405529953917	70.37023016611735
351	35100	873	1000	3.497635890654856	0.22233902972843808	0	873	0.9473000000000151	0.8717067583046965	71.0208629488945
352	35200	875	1000	3.5074169102400994	0.22185655773890514	0	875	0.9473500000000151	0.8754285714285714	71.58702901999156
353	35300	875	1000	3.1064471328937966	0.24351951154800427	0	875	0.9473500000000152	0.8902857142857142	72.07812463442484
354	35400	877	1000	4.182968937869963	0.19293960893598727	0	877	0.9473000000000155	0.8882554161915621	72.61621661583582
355	35500	878	1000	3.502587863170095	0.22209449996072686	0	878	0.9473000000000155	0.9020501138952164	73.1085799018542
356	35600	875	1000	1.8404298254232492	0.35205939293043126	0	875	0.9473500000000152	0.9154285714285715	73.613063732783
357	35700	874	1000	2.2744667967343015	0.3053932325706653	0	874	0.9474500000000151	0.9210526315789473	74.19184543291728
358	35800	874	1000	1.753798186208746	0.36313481685334986	0	874	0.9474500000000151	0.9324942791762014	74.68366101980209
359	35900	875	1000	1.4614681328942294	0.40626160730514344	0	875	0.9474500000000151	0.9302857142857143	75.22309758265813
360	36000	874	1000	0.3415925354817075	0.7453827995852284	0	874	0.947450000000015	0.931350114416476	75.74904888470968
361	36100	877	1000	0.8005434389478793	0.5553878781088087	0	877	0.9474000000000153	0.9372862029646523	76.3745535850525
362	36200	880	1000	5.090190664953007	0.1641984717743999	0	880	0.9475000000000154	0.9340909090909091	77.03614071607589
363	36300	881	1000	3.4548368408298553	0.2244751122722865	0	881	0.9475500000000153	0.9296254256526674	77.63547888199489
364	36400	881	1000	2.756130796956404	0.26623141047439053	0	881	0.9475500000000152	0.9341657207718501	78.20612296660741
365	36500	884	1000	4.622768865982517	0.17784832061121209	0	884	0.9475500000000153	0.918552036199095	78.92791176637014
366	36600	884	1000	4.790815011881653	0.17268726387359806	0	884	0.9475500000000153	0.919683257918552	79.4636207818985
367	36700	881	1000	7.976266520921872	0.11140489174081464	0	881	0.947600000000015	0.9262202043132803	80.0583973844846
368	36800	881	1000	7.129924045712625	0.12300237915843229	0	881	0.947600000000015	0.927355278093076	80.62723066409428
369	36900	883	1000	5.8748631945846945	0.14545743990770557	0	883	0.9476000000000151	0.928652321630804	81.19941490093866
370	37000	882	1000	5.254000216832438	0.15989765995027191	0	882	0.9476000000000151	0.9308390022675737	81.82857228517533
371	37100	889	1000	4.577276462764667	0.17929898341533854	0	889	0.9476000000000153	0.9280089988751407	82.55408371686936
372	37200	891	1000	1.649335656544837	0.3774531164179333	0	891	0.9476000000000153	0.9326599326599326	83.26512706677119
373	37300	893	1000	1.968912982144764	0.33682361389978926	0	893	0.9476000000000152	0.9283314669652856	83.95454614957174
374	37400	894	1000	4.894479035661515	0.1696502768013957	0	894	0.9476500000000152	0.912751677852349	84.83732851743699
375	37500	895	1000	8.290196697942967	0.10764034740205444	0	895	0.9476500000000152	0.9273743016759777	85.5167002161344
376	37600	897	1000	3.6226987613161876	0.21632385141948493	0	897	0.9476500000000153	0.9163879598662207	86.33339911699295
377	37700	895	1000	3.5715774697255513	0.21874287521590086	0	895	0.9477000000000152	0.9094972067039107	87.13835632006327
378	37800	895	1000	2.7391271261246843	0.2674420971175758	0	895	0.9477500000000151	0.9094972067039107	87.8092210650444
379	37900	896	1000	7.533658468538175	0.11718303511756326	0	896	0.9478000000000152	0.8995535714285714	88.61322210232417
380	38000	895	1000	9.936665392980288	0.09143554859435045	0	895	0.9478000000000153	0.9039106145251397	89.314570748806
381	38100	897	1000	8.662472938006307	0.1034931747199629	0	897	0.9478000000000154	0.9163879598662207	90.13062949975331
382	38200	899	1000	4.8036926335912895	0.1723040938129775	0	899	0.9477500000000155	0.9110122358175751	91.07292283376059
383	38300	900	1000	3.4924252560348097	0.22259691436305365	0	900	0.9477500000000155	0.9077777777777778	91.96520838340123
384	38400	903	1000	1.2722660364534322	0.4400893134682445	0	903	0.9477500000000156	0.9169435215946844	92.74797055323918
385	38500	901	1000	0.2605824470996573	0.7932840904621478	0	901	0.9478000000000156	0.9134295227524972	93.55835214853286
386	38600	902	1000	0.8584150211921668	0.5380929386582893	0	902	0.9478000000000156	0.9223946784922394	94.3386085152626
387	38700	903	1000	0.890053140978198	0.5290856528417235	0	903	0.9478000000000157	0.9224806201550387	95.24653466542561
388	38800	906	1000	1.2231567513055501	0.4498108374106996	0	906	0.9479500000000157	0.9139072847682119	96.17198339700698
389	38900	912	1000	1.465637480781043	0.4055746263571678	0	912	0.9479500000000161	0.9035087719298246	97.24635773499807
390	39000	911	1000	2.371271809679207	0.29662396165414945	0	911	0.9479500000000161	0.9012074643249177	98.1397512157758
391	39100	912	1000	1.5973342886500024	0.38501012533113815	0	912	0.947950000000016	0.9089912280701754	98.95502566893896
392	39200	913	1000	2.640797983770844	0.2746650609172995	0	913	0.9480000000000162	0.91894852135816	99.88391035000483
393	39300	913	1000	4.341823272083741	0.18720199996618747	0	913	0.9480000000000158	0.9255202628696605	100.79472075303396
394	39400	912	1000	7.803727229941589	0.11358825346144155	0	912	0.9480000000000158	0.9243421052631579	101.68812511761983
395	39500	913	1000	2.514190977299896	0.2845605166194875	0	913	0.947950000000016	0.9090909090909091	102.94220124880472
396	39600	909	1000	7.302481988162415	0.1204459102020081	0	909	0.9479500000000157	0.9042904290429042	104.04630210002263
397	39700	909	1000	0.3360065382898598	0.748499330908993	0	909	0.9479500000000154	0.9042904290429042	105.12745001713435
398	39800	911	1000	0.23793281957522874	0.8077982780544823	0	911	0.9479500000000156	0.9088913282107574	106.09824955066046
399	39900	911	1000	1.575390005645752	0.38829070463417464	0	911	0.9479500000000156	0.9209659714599341	107.1153552333514
400	40000	914	1000	5.454306138391267	0.15493532202506427	0	914	0.9479500000000155	0.9190371991247265	108.27890196641286
401	40100	919	1000	1.5725844624294145	0.3887141567572293	0	919	0.9479500000000156	0.9096844396082698	109.46947521766027
402	40200	919	1000	3.2610548906174057	0.23468367004657503	0	919	0.9479500000000156	0.9140369967355821	110.51826876799265
403	40300	919	1000	0.5224201400998965	0.6568489037030101	0	919	0.9480000000000156	0.9096844396082698	111.66900593042374
404	40400	920	1000	0.3997831241985449	0.714396382348556	0	920	0.9480500000000156	0.908695652173913	112.84196978410085
405	40500	919	1000	0.27636903391811707	0.7834724702857003	0	919	0.9480500000000155	0.9292709466811752	113.82855724891027
406	40600	917	1000	6.121975505123204	0.1404104801091563	0	917	0.9481000000000153	0.9367502726281353	114.88920989831288
407	40700	921	1000	6.161679681950484	0.13963204784490585	0	921	0.9481500000000158	0.9283387622149837	116.34984820286432
408	40800	918	1000	8.026741020665662	0.11078195305599413	0	918	0.9481500000000155	0.9248366013071896	117.66568398078283
409	40900	917	1000	2.05301989317641	0.32754454113942383	0	917	0.9481500000000153	0.9247546346782988	118.87413375377655
410	41000	920	1000	1.897102239608032	0.3451724921296863	0	920	0.9481500000000154	0.9206521739130434	120.36629756689072
411	41100	918	1000	1.8545985450324827	0.35031195603325055	0	918	0.948200000000015	0.920479302832244	121.74753359953563
412	41200	919	1000	1.386884321318062	0.41895620624286883	0	919	0.948200000000015	0.9151251360174102	123.07361394961676
413	41300	920	1000	1.9396760026527364	0.3401735426276941	0	920	0.9482000000000151	0.9217391304347826	124.23023261626561
414	41400	921	1000	7.173294406180889	0.1223496854883595	0	921	0.9482000000000153	0.9261672095548317	125.61920130252838
415	41500	921	1000	4.574002169298667	0.1794043076459409	0	921	0.9482000000000155	0.9153094462540716	127.20733350118002
416	41600	922	1000	4.400481151569222	0.18516868625852517	0	922	0.9482000000000155	0.9099783080260304	128.55805269877115
417	41700	920	1000	4.800862998410379	0.1723881429839029	0	920	0.9482000000000154	0.9228260869565217	129.86265193621318
418	41800	922	1000	3.352576934942174	0.22974895445777696	0	922	0.9482000000000155	0.9186550976138829	131.54136294921238
419	41900	924	1000	14.047932126232864	0.06645431356357018	0	924	0.9482000000000155	0.9145021645021645	133.08651320139566
420	42000	923	1000	7.544164455277103	0.1170389457312439	0	923	0.9482000000000155	0.9241603466955579	134.53207493225733
421	42100	923	1000	2.9853336682777574	0.250920019058817	0	923	0.9482000000000155	0.9317443120260022	135.83430258433023
422	42200	924	1000	0.7653225401971422	0.5664687201514603	0	924	0.9482000000000154	0.9253246753246753	137.39672520160676
423	42300	925	1000	21.745108703585682	0.04396549662751683	0	925	0.9482500000000156	0.9167567567567567	139.02011562983196
424	42400	924	1000	0.3163816041786682	0.759658139270285	0	924	0.9482500000000155	0.9166666666666666	140.3928041656812
425	42500	924	1000	3.945184647706672	0.20221691832351493	0	924	0.9483500000000156	0.9177489177489178	142.06490366856258
426	42600	923	1000	0.5130063461511777	0.6609357604770292	0	923	0.9483500000000156	0.9187432286023836	143.58429863452912
427	42700	921	1000	0.4926851055721771	0.66993366267742	0	921	0.9483500000000155	0.9174809989142236	145.04196723302206
428	42800	918	1000	3.3489947295021163	0.22993819542165378	0	918	0.9484000000000153	0.9237472766884531	146.71035571495693
429	42900	914	1000	3.0299760802305356	0.24814043063570612	0	914	0.9484000000000152	0.9223194748358862	148.38080995082856
430	43000	916	1000	0.3047462753996435	0.7664325385360462	0	916	0.9484000000000152	0.9246724890829694	149.85546358426413
431	43100	912	1000	0.3961571497335586	0.7162517487310359	0	912	0.948400000000015	0.9265350877192983	151.41631215016048
432	43200	914	1000	11.229890321201678	0.08176688210084802	0	914	0.9484500000000149	0.9234135667396062	153.45222496589025
433	43300	921	1000	8.515770626634264	0.10508870371476164	0	921	0.9484500000000151	0.9174809989142236	155.6320071339607
434	43400	920	1000	18.720754514779056	0.050707998989114926	0	920	0.9484500000000151	0.9195652173913044	157.26851951678594
435	43500	923	1000	20.18432517235268	0.04720471347867544	0	923	0.9484500000000152	0.9230769230769231	159.21005513270697
436	43600	925	1000	11.37912562568014	0.08078114967389366	0	925	0.9484500000000152	0.9178378378378378	161.26174081563948
437	43700	925	1000	19.82098445100731	0.04802846869959698	0	925	0.9484500000000152	0.918918918918919	162.92084626754124
438	43800	926	1000	10.26959812385196	0.08873430880232658	0	926	0.9485500000000154	0.9190064794816415	164.94484478235245
439	43900	927	1000	12.994970332413024	0.07145424222043201	0	927	0.9486500000000152	0.919093851132686	166.92521201372148
440	44000	926	1000	1.5595328341052437	0.3906962968691816	0	926	0.9486500000000152	0.9168466522678186	168.81652508179346
441	44100	925	1000	2.9795978166488144	0.2512816736948789	0	925	0.948700000000015	0.9081081081081082	171.29403709967931
442	44200	925	1000	4.536807101857116	0.18060950681568574	0	925	0.948700000000015	0.9156756756756756	173.30407841602963
443	44300	926	1000	2.9668808234909645	0.2520872303695709	0	926	0.948700000000015	0.9244060475161987	175.49294098218283
444	44400	929	1000	0.3367490215542492	0.7480835847833961	0	929	0.9487500000000152	0.9149623250807319	177.87168014844258
445	44500	928	1000	15.755862222392857	0.059680605314573476	0	928	0.9487000000000152	0.9170258620689655	180.04997703234355
446	44600	928	1000	0.3122465546356857	0.76205191506685	0	928	0.948700000000015	0.9288793103448276	181.98908364772797
447	44700	928	1000	26.786564167060707	0.035988616440223276	0	928	0.948700000000015	0.9256465517241379	184.0172032992045
448	44800	926	1000	11.212472007034096	0.08188350396414612	0	926	0.948700000000015	0.9319654427645788	186.26908696889876
449	44900	928	1000	10.485558702609511	0.08706585599295232	0	928	0.948750000000015	0.9191810344827587	189.38149848381678
450	45000	929	1000	8.074329290732653	0.11020098212892393	0	929	0.9487500000000149	0.9171151776103337	191.66302848656971
451	45100	928	1000	10.897624906337514	0.08405038886940615	0	928	0.9487500000000149	0.9267241379310345	194.10001389980317
452	45200	930	1000	3.6567508292373456	0.21474200288353712	0	930	0.9488000000000149	0.9236559139784947	196.83581120173136
453	45300	927	1000	4.22489831143961	0.19139128465152297	0	927	0.9489000000000152	0.9201725997842503	199.71696153084437
454	45400	932	1000	1.4743508665798686	0.40414640199440827	0	932	0.9488500000000153	0.9141630901287554	202.97346609830856
455	45500	933	1000	5.465680021970684	0.15466277276356905	0	933	0.9488500000000153	0.9153269024651661	205.41623116731643
456	45600	933	1000	7.025430540398717	0.12460390691392345	0	933	0.9488500000000153	0.9163987138263665	207.6931711991628
457	45700	933	1000	5.14158274927787	0.16282447714598985	0	933	0.9489000000000151	0.9067524115755627	210.71842681566875
458	45800	939	1000	23.49268408505025	0.0408285182843793	0	939	0.9489000000000152	0.898828541001065	213.99638959964116
459	45900	938	1000	27.661051691475667	0.034890554986069085	0	938	0.9489000000000151	0.9125799573560768	216.624384868145
460	46000	938	1000	0.7054924542157124	0.5863409114054743	0	938	0.9489000000000151	0.9125799573560768	219.41214613517124
461	46100	937	1000	0.42258376002108755	0.7029463066450137	0	937	0.948900000000015	0.9167556029882604	222.1037673354149
462	46200	939	1000	0.30519692679693894	0.7661679088182367	0	939	0.948950000000015	0.9073482428115016	225.948628616333
463	46300	938	1000	0.34908467696094136	0.741243316359268	0	938	0.9489500000000151	0.9189765458422174	228.73703401883444
464	46400	938	1000	4.236476331139107	0.19096811228830035	0	938	0.9489500000000151	0.929637526652452	231.43023718595504
465	46500	938	1000	2.4465891477854016	0.2901419220920335	0	938	0.9489500000000151	0.9221748400852878	234.9738531668981
466	46600	937	1000	10.21154108783734	0.0891938041492649	0	937	0.9489500000000152	0.9092849519743863	238.4900558869044
467	46700	935	1000	7.99985335158898	0.11111292161482207	0	935	0.948950000000015	0.9122994652406418	242.08631519873936
468	46800	939	1000	7.34206769661026	0.11987435685835332	0	939	0.9489500000000152	0.9158679446219382	245.8777450998624
469	46900	939	1000	1.3031683378109034	0.43418450296623645	0	939	0.9489500000000152	0.9148029818956337	249.07373676697412
470	47000	942	1000	1.3874333945584414	0.41885985271013226	0	942	0.9489500000000151	0.9140127388535032	252.36934385299682
471	47100	943	1000	1.0071228187020973	0.4982256146370995	0	943	0.9490000000000154	0.9088016967126193	255.954776263237
472	47200	943	1000	0.8753629346696074	0.5332301185616507	0	943	0.9490000000000154	0.9236479321314952	259.431333398819
473	47300	945	1000	0.9960642703146929	0.5009858724851296	0	945	0.9490000000000155	0.9216931216931217	262.89344820181526
474	47400	946	1000	0.39811056234215303	0.7152510158601282	0	946	0.9490000000000156	0.9154334038054969	266.7208233833313
475	47500	946	1000	0.9435630668223463	0.5145189353875524	0	946	0.9490000000000156	0.9154334038054969	270.6766940156619
476	47600	942	1000	15.679631602255341	0.05995336251100322	0	942	0.9490000000000155	0.9225053078556263	274.44334969917935
477	47700	942	1000	1.7375733551001933	0.3652870152819707	0	942	0.9490000000000155	0.9225053078556263	278.6015949010849
478	47800	942	1000	3.296463107041218	0.23274958380560967	0	942	0.9490000000000154	0.9309978768577495	282.28335880041124
479	47900	941	1000	20.859981457554216	0.04574569296601243	0	941	0.9490000000000155	0.9192348565356004	287.1770046512286
480	48000	942	1000	0.7727667893563329	0.5640899897290417	0	942	0.9490500000000154	0.916135881104034	291.32157421509424
481	48100	941	1000	0.6969125445048006	0.5893055615849807	0	941	0.9490500000000153	0.9234856535600425	294.9079483826955
482	48200	943	1000	0.4819845486861907	0.6747708678113549	0	943	0.9491000000000154	0.9278897136797455	298.4999027689298
483	48300	940	1000	0.48825954448855063	0.6719258100532834	0	940	0.9491500000000153	0.925531914893617	302.6579463799795
484	48400	941	1000	0.4136598382394865	0.7073837516989651	0	941	0.9491500000000153	0.9287991498405951	306.6332702358564
485	48500	942	1000	13.938442727233184	0.06694138192711166	0	942	0.9492000000000153	0.9171974522292994	312.0477911671003
486	48600	941	1000	53.441301477606295	0.018368407309500796	0	941	0.9491500000000153	0.9213602550478215	315.9282591660818
487	48700	939	1000	26.239763515101544	0.036711038238111234	0	939	0.9491500000000153	0.9307774227902024	319.8903446316719
488	48800	940	1000	15.277179684060345	0.06143570442852972	0	940	0.9491500000000154	0.9308510638297872	324.0127021988233
489	48900	939	1000	9.15567993158497	0.09846706539952295	0	939	0.9491500000000153	0.9456869009584664	327.9755263845126
490	49000	943	1000	15.546112555698024	0.060437156862904795	0	943	0.9491000000000155	0.9331919406150583	333.52482998371124
491	49100	945	1000	19.6891241436731	0.04833457390731584	0	945	0.9491000000000154	0.9216931216931217	338.2174942851067
492	49200	947	1000	9.193593404000548	0.09810083258839251	0	947	0.9491500000000156	0.9155227032734953	343.05129858255384
493	49300	947	1000	5.131943238417969	0.16308043977556425	0	947	0.9491500000000156	0.9197465681098205	347.1263950188955
494	49400	948	1000	3.932557726573265	0.20273457614346416	0	948	0.9492000000000157	0.9156118143459916	351.84242614905037
495	49500	948	1000	4.339981689510141	0.1872665597270492	0	948	0.9492000000000157	0.9261603375527426	356.85103196700413
496	49600	948	1000	5.962179309627441	0.14363318661114918	0	948	0.9492000000000157	0.9166666666666666	361.9994853496552
497	49700	948	1000	11.729017676012436	0.07856065766052622	0	948	0.9492000000000157	0.9156118143459916	366.7848498980204
498	49800	947	1000	10.86473376494057	0.08428339141961429	0	947	0.9492000000000156	0.9186906019007391	371.2532652338346
499	49900	946	1000	4.801919223223437	0.1723567601557229	0	946	0.9492000000000155	0.9154334038054969	375.9548007965088
500	50000	947	1000	5.795412205420236	0.1471581075247162	0	947	0.9492000000000155	0.9324181626187962	380.2883142153422
