Epoch	Explore_Iteration	MacroPopSize	MicroPopSize	RMSE	Accuracy_Estimate	RuleCount	TreeCount	AveGenerality	ExpRules	Time(min)
1	100	1000	1000	77315.33090071873	1.2933878112815413e-05	0	1000	0.8699999999999994	0.0	1.3804798682530721
2	200	1000	1000	20968.95126890895	4.7687282968685185e-05	0	1000	0.8709999999999996	0.0	2.711073899269104
3	300	1000	1000	797.0678785788625	0.0012530262485701373	0	1000	0.8718499999999995	0.0	3.9862998644510905
4	400	1000	1000	382.22360744122693	0.0026094425828225233	0	1000	0.8719999999999996	0.0	5.239564915498097
5	500	998	1000	513.5184869038669	0.0019435647609428676	0	998	0.8720999999999995	0.0	6.509044353167216
6	600	998	1000	230.3709140936196	0.004322064438900777	0	998	0.8722499999999996	0.0	7.764645369847615
7	700	998	1000	227.21643435542074	0.00438180538060031	0	998	0.8723999999999996	0.0	9.0265136996905
8	800	997	1000	201.8529435856394	0.004929679512280901	0	997	0.8729499999999996	0.0	10.270687782764435
9	900	995	1000	112.61635067510053	0.008801550076710516	0	995	0.8734999999999992	0.0	11.513297216097515
10	1000	995	1000	109.74262017939311	0.009029947082524232	0	995	0.8739999999999992	0.0	12.765931483109792
11	1100	994	1000	135.56155710555288	0.007322705021787848	0	994	0.8745999999999994	0.9456740442655935	12.917310881614686
12	1200	994	1000	121.07582660792012	0.00819162997119629	0	994	0.8746999999999994	0.9476861167002012	13.054015334447225
13	1300	994	1000	132.99035398294487	0.007463223808836913	0	994	0.8749999999999992	0.9476861167002012	13.188660784562428
14	1400	994	1000	120.7123695213205	0.0082160917902829	0	994	0.8752999999999992	0.9456740442655935	13.321740051110586
15	1500	994	1000	149.3455416646436	0.006651344555534416	0	994	0.8750499999999991	0.9436619718309859	13.465041065216065
16	1600	993	1000	111.40832658181358	0.00889613812791862	0	993	0.8757999999999992	0.9405840886203424	13.604848182201385
17	1700	993	1000	120.10974561592168	0.008256973829103106	0	993	0.8758999999999995	0.9425981873111783	13.742953284581501
18	1800	993	1000	116.5942653830484	0.008503816038500065	0	993	0.8761499999999994	0.9395770392749244	13.884224518140156
19	1900	993	1000	97.90572350625904	0.01011063833870764	0	993	0.8768499999999995	0.9335347432024169	14.033964117368063
20	2000	991	1000	102.5480162890957	0.009657355455348368	0	991	0.8776999999999997	0.934409687184662	14.204340767860412
21	2100	989	1000	118.11756569265481	0.00839506746284745	0	989	0.8782499999999998	0.9362992922143579	14.34519933462143
22	2200	988	1000	106.95774243309768	0.009262883582617601	0	988	0.8786999999999997	0.9352226720647774	14.47766701777776
23	2300	988	1000	107.634496978871	0.009205179089608122	0	988	0.8789000000000001	0.9352226720647774	14.612258966763815
24	2400	986	1000	105.22640295259467	0.009413855427696887	0	986	0.8794000000000002	0.9350912778904665	14.748868397871654
25	2500	983	1000	105.52656023221591	0.009387330237830945	0	983	0.8795	0.9338758901322483	14.8813663204511
26	2600	983	1000	100.79903579533354	0.00982327575293046	0	983	0.8797999999999999	0.9338758901322483	15.013102801640828
27	2700	983	1000	108.9407493304405	0.009095808479478128	0	983	0.8799	0.9359104781281791	15.140296498934427
28	2800	981	1000	102.88051530578637	0.00962644435346094	0	981	0.8802000000000002	0.9378185524974516	15.268934269746145
29	2900	980	1000	93.35018736794134	0.010598813080256625	0	980	0.8802500000000002	0.939795918367347	15.391839214166005
30	3000	978	1000	92.84053619491642	0.010656375597885516	0	978	0.8803500000000002	0.9427402862985685	15.511710969607035
31	3100	977	1000	104.65107168814573	0.009465119321758872	0	977	0.8803000000000003	0.9396110542476971	15.636327465375265
32	3200	977	1000	100.83101883354202	0.009820190463130386	0	977	0.8804500000000004	0.9406345957011258	15.755175065994262
33	3300	976	1000	101.7050747838649	0.009736617222707102	0	976	0.8805500000000006	0.9415983606557377	15.879205751419068
34	3400	978	1000	98.79463384849812	0.010020578877198313	0	978	0.8806000000000006	0.9427402862985685	15.999672436714173
35	3500	976	1000	98.52628505075982	0.010047596968880992	0	976	0.8808500000000007	0.9436475409836066	16.117724748452506
36	3600	974	1000	94.02756684818871	0.010523262177148553	0	974	0.8815000000000007	0.946611909650924	16.23660071690877
37	3700	973	1000	100.80980604030827	0.009822236569275876	0	973	0.8816000000000004	0.9414182939362795	16.359935998916626
38	3800	970	1000	94.92456627887117	0.01042485818588752	0	970	0.8818500000000005	0.9391752577319588	16.488863599300384
39	3900	967	1000	86.82643790680287	0.011386093115391419	0	967	0.8817000000000004	0.9420889348500517	16.612575300534566
40	4000	966	1000	86.97310062414495	0.011367111002173108	0	966	0.8818000000000005	0.9368530020703933	16.737416434288026
41	4100	964	1000	96.76251563729309	0.010228869352238046	0	964	0.8818500000000002	0.9398340248962656	16.864185547828676
42	4200	962	1000	93.20161602844199	0.010615529140159053	0	962	0.8820000000000002	0.9397089397089398	16.98843996524811
43	4300	960	1000	93.65297526860353	0.010564908257370975	0	960	0.8819000000000004	0.9395833333333333	17.115308519204458
44	4400	959	1000	1734.3774345745471	0.0005762435191772356	0	959	0.8817000000000003	0.9426485922836287	17.248503204186758
45	4500	958	1000	102.74138002861797	0.00963935509363902	0	958	0.8816000000000004	0.9457202505219207	17.36900950272878
46	4600	958	1000	87.39517294404261	0.011312834928588653	0	958	0.8813500000000004	0.9394572025052192	17.49237215121587
47	4700	957	1000	93.89068270382941	0.010538442463536454	0	957	0.8814500000000007	0.9425287356321839	17.61497619946798
48	4800	955	1000	87.62517836652806	0.011283475175240717	0	955	0.8810500000000007	0.9382198952879581	17.744142750898998
49	4900	955	1000	79.551130192469	0.012414475099363576	0	955	0.8808000000000009	0.9340314136125655	17.873409084479015
50	5000	953	1000	80.0537042564082	0.012337499059099928	0	953	0.880550000000001	0.9349422875131165	18.00506989955902
51	5100	953	1000	88.81445915729064	0.01113406470831958	0	953	0.880550000000001	0.9328436516264428	18.133289031187694
52	5200	953	1000	85.89898517115789	0.01150761424923871	0	953	0.8804500000000012	0.9275970619097587	18.265285587310792
53	5300	949	1000	86.47442986172021	0.011431912178002216	0	949	0.8806500000000009	0.928345626975764	18.40056550105413
54	5400	946	1000	651.9076767970226	0.0015316101120233607	0	946	0.8806500000000014	0.9217758985200846	18.542588118712107
55	5500	942	1000	928.93113520395	0.0010753484447863794	0	942	0.8806000000000013	0.921443736730361	18.69319533109665
56	5600	940	1000	78.59772430704115	0.012563173240262359	0	940	0.8804500000000015	0.9223404255319149	18.829799282550812
57	5700	941	1000	83.21095727500371	0.011874939228328062	0	941	0.8805500000000015	0.9192348565356004	18.96826495329539
58	5800	940	1000	78.14770907345671	0.012634604484532881	0	940	0.8803500000000017	0.9138297872340425	19.120367765426636
59	5900	940	1000	70.55288059397762	0.013975677732311547	0	940	0.880200000000002	0.9170212765957447	19.263538567225137
60	6000	939	1000	10199513.53100193	9.80438820848238e-08	0	939	0.8800000000000021	0.9137380191693291	19.433701964219413
61	6100	940	1000	72038.32205003036	1.3881307757248371e-05	0	940	0.8801000000000022	0.9180851063829787	19.58444860378901
62	6200	940	1000	75.87940955562813	0.013007383976803615	0	940	0.8799000000000023	0.9212765957446809	19.739036985238393
63	6300	939	1000	77.186813151526	0.012789880539855239	0	939	0.8797500000000025	0.9222577209797657	19.878564333915712
64	6400	937	1000	74.97690086794779	0.013161895109910542	0	937	0.8795000000000027	0.919957310565635	20.024376400311787
65	6500	938	1000	75.2556017855727	0.013113790680086099	0	938	0.8794000000000028	0.920042643923241	20.164347167809805
66	6600	938	1000	70.31699846454025	0.014021902513146473	0	938	0.8792500000000029	0.9232409381663113	20.306433137257894
67	6700	938	1000	75.871256800322	0.013008763504381928	0	938	0.8791000000000029	0.9243070362473348	20.445917018254598
68	6800	935	1000	70.64719665187638	0.013957280210960085	0	935	0.8786000000000034	0.93048128342246	20.588936551411948
69	6900	935	1000	64.07377525049918	0.015367173583375724	0	935	0.8784000000000036	0.9272727272727272	20.733765482902527
70	7000	935	1000	64.42446280659588	0.015284802612077134	0	935	0.8781500000000038	0.93048128342246	20.873990348974864
71	7100	934	1000	71.15738687876919	0.013858594985986518	0	934	0.878000000000004	0.9218415417558886	21.021836284796397
72	7200	931	1000	67.6283190433304	0.014571244260967871	0	931	0.8778500000000043	0.9269602577873255	21.16345723470052
73	7300	930	1000	68.72926635123162	0.014341180573490103	0	930	0.8772000000000049	0.9182795698924732	21.316730221112568
74	7400	929	1000	67.04174207602055	0.014696860625389874	0	929	0.877400000000005	0.9192680301399354	21.469814880688986
75	7500	929	1000	66.33678981853174	0.014850722802422492	0	929	0.8772000000000052	0.9149623250807319	21.618871414661406
76	7600	930	1000	60.89266039663574	0.016157004620443758	0	930	0.8766500000000054	0.910752688172043	21.776888199647267
77	7700	927	1000	66.83940177807408	0.014740696023106787	0	927	0.8766500000000053	0.912621359223301	21.938316599527994
78	7800	925	1000	61.81738772910644	0.01591915926705513	0	925	0.8764500000000056	0.9102702702702703	22.101505049069722
79	7900	925	1000	55.58052234007802	0.017673926620710323	0	925	0.876100000000006	0.9124324324324324	22.257404700915018
80	8000	925	1000	55.493870758472575	0.017701035290629767	0	925	0.8759000000000061	0.9102702702702703	22.420240648587544
81	8100	924	1000	64.2741666047062	0.015319996439876433	0	924	0.8758000000000065	0.9058441558441559	22.61819933652878
82	8200	924	1000	58.74013263978549	0.01673916604821905	0	924	0.8752000000000065	0.8993506493506493	22.79372341632843
83	8300	924	1000	57.82667725514515	0.01699909032194296	0	924	0.8746500000000068	0.8939393939393939	22.985331654548645
84	8400	922	1000	74.16195401656368	0.013304603546890581	0	922	0.874300000000007	0.89587852494577	23.177757000923158
85	8500	920	1000	60.243445064854214	0.01632827805393773	0	920	0.8739500000000073	0.9	23.356380033493043
86	8600	919	1000	51.90727060245926	0.018900993920361438	0	919	0.8738500000000075	0.9053318824809575	23.529070667425792
87	8700	919	1000	54.35724498397042	0.018064482802378733	0	919	0.8737000000000077	0.9064200217627857	23.697927216688793
88	8800	918	1000	50.542130776801976	0.01940160379341707	0	918	0.8732500000000082	0.8986928104575164	23.90005044937134
89	8900	917	1000	45.09767356411627	0.021693068710053692	0	917	0.8727500000000086	0.8953107960741549	24.10084103345871
90	9000	918	1000	44.55494705243962	0.021951512727012304	0	918	0.8714000000000088	0.8812636165577342	24.31572696765264
91	9100	918	1000	29539.378992631893	3.3851969206265935e-05	0	918	0.8712000000000092	0.8779956427015251	24.566117068131764
92	9200	919	1000	4969.222877274505	0.00020119822082271787	0	919	0.8709500000000092	0.8857453754080522	24.799339119593302
93	9300	919	1000	45.553093836257716	0.021480849447242396	0	919	0.8705500000000096	0.8879216539717084	25.013122431437175
94	9400	919	1000	43.168156316157024	0.022640745808857613	0	919	0.8703500000000097	0.8857453754080522	25.21885064840317
95	9500	918	1000	42.63668719927763	0.022916496741222696	0	918	0.8698500000000099	0.8747276688453159	25.44442609945933
96	9600	914	1000	38.44147504341961	0.02535402134172564	0	914	0.8699500000000101	0.8676148796498906	25.68868118127187
97	9700	913	1000	40.301140594542886	0.024212406379210988	0	913	0.8695500000000101	0.8663745892661555	25.91706693569819
98	9800	913	1000	52.061577307130655	0.01884602853420295	0	913	0.8696000000000105	0.8674698795180723	26.171515969435372
99	9900	914	1000	85.85374891795445	0.011513607788474857	0	914	0.8688500000000107	0.8687089715536105	26.424956051508584
100	10000	916	1000	61760.10423496623	1.6191420350833803e-05	0	916	0.868650000000011	0.8766375545851528	26.706794186433157
101	10100	914	1000	36.13020913504523	0.026932247980692176	0	914	0.868600000000011	0.8829321663019694	28.62892786661784
102	10200	913	1000	34.13044212429709	0.028465340585861146	0	913	0.8684000000000112	0.8773274917853231	28.86036205291748
103	10300	910	1000	48078.32926899433	2.079895903716123e-05	0	910	0.8680500000000115	0.8835164835164835	29.101731367905934
104	10400	907	1000	55944.49094122613	1.7874541507742884e-05	0	907	0.8676000000000116	0.8831312017640573	29.374039920171104
105	10500	906	1000	31.596210266673925	0.030678412975584195	0	906	0.8672500000000117	0.890728476821192	29.588324749469756
106	10600	907	1000	29.574091936847392	0.03270743092110665	0	907	0.8667000000000118	0.896361631753032	29.802034815152485
107	10700	907	1000	20510043598.21607	4.875660040226447e-11	0	907	0.8666000000000117	0.886438809261301	30.088644047578175
108	10800	908	1000	598450630.8880452	1.670981609368698e-09	0	908	0.866450000000012	0.8843612334801763	30.378974147637685
109	10900	906	1000	416078.72144789237	2.403385573611125e-06	0	906	0.8667500000000121	0.8796909492273731	30.663603619734445
110	11000	904	1000	22757.492726842855	4.393964099478937e-05	0	904	0.8673000000000123	0.8860619469026548	30.90645626783371
111	11100	905	1000	26.157462237145904	0.03682229183521436	0	905	0.8672500000000124	0.8906077348066298	31.123610484600068
112	11200	903	1000	789.7878550552755	0.0012645616565900607	0	903	0.8672000000000124	0.8925802879291251	31.378395068645478
113	11300	899	1000	1.0208401169144787e+29	9.795853272523531e-30	0	899	0.8663000000000124	0.8754171301446051	31.7103791475296
114	11400	899	1000	21.362379266994324	0.0447179608243183	0	899	0.8661500000000124	0.8776418242491657	32.00735901991526
115	11500	896	1000	20.65088130954498	0.04618749628261743	0	896	0.8661500000000126	0.8649553571428571	32.339313697814944
116	11600	894	1000	1.4792497657964306e+28	6.760183595240241e-29	0	894	0.8656500000000127	0.8635346756152126	32.65356018543243
117	11700	898	1000	31.79138987099841	0.030495810148151933	0	898	0.8647500000000131	0.8530066815144766	33.053649032115935
118	11800	898	1000	18305.05089362523	5.462674641357154e-05	0	898	0.864400000000013	0.8596881959910914	33.397824716567996
119	11900	897	1000	48197.718543141455	2.0747439563251567e-05	0	897	0.8641500000000132	0.8695652173913043	33.720410851637524
120	12000	894	1000	13.375704907060209	0.06956180628811316	0	894	0.863650000000013	0.8691275167785235	33.98709200223287
121	12100	893	1000	1490.7109946755659	0.0006703711399656816	0	893	0.863400000000013	0.8656215005599104	34.28379174868266
122	12200	891	1000	12.41558565049548	0.07454016738829936	0	891	0.862950000000013	0.8585858585858586	34.580857932567596
123	12300	887	1000	18.172642322831322	0.05215765167689859	0	887	0.862350000000013	0.8635851183765502	34.89496320088704
124	12400	889	1000	10.479319497974787	0.08711317776079172	0	889	0.8621000000000131	0.8638920134983127	35.176158249378204
125	12500	887	1000	9.408947213430201	0.09607119524150766	0	887	0.8622000000000131	0.8714768883878241	35.458912400404614
126	12600	885	1000	3619017055529.7476	2.763181230306042e-13	0	885	0.8619500000000131	0.8598870056497175	35.8553888519605
127	12700	885	1000	1808.4238395367088	0.0005526621116344104	0	885	0.8616500000000131	0.8847457627118644	36.19266013304392
128	12800	886	1000	6.385694592941098	0.13539687938839948	0	886	0.8615500000000132	0.873589164785553	36.50212597052256
129	12900	884	1000	1478.1898318971491	0.0006760457504750695	0	884	0.8622000000000132	0.8563348416289592	36.876911369959515
130	13000	884	1000	5.483773724609742	0.15423116883373192	0	884	0.8623000000000134	0.8597285067873304	37.16054316759109
131	13100	885	1000	1.2874643950096871e+29	7.76720508835878e-30	0	885	0.8619500000000135	0.8564971751412429	37.514416035016374
132	13200	884	1000	7.021369073776957e+26	1.4242236656306072e-27	0	884	0.8623000000000136	0.8665158371040724	37.89327728350957
133	13300	886	1000	4.9809980959458064	0.16719617427697323	0	886	0.8625000000000136	0.8758465011286681	38.27841496864955
134	13400	887	1000	5.001270304652966	0.16663138789543772	0	887	0.8621500000000137	0.8771138669673055	38.62931833267212
135	13500	886	1000	5.097940818738472e+16	1.961576321804886e-17	0	886	0.8620000000000135	0.8679458239277652	39.04971398512522
136	13600	888	1000	3.5995559089896325	0.21741229366199102	0	888	0.8620000000000136	0.8806306306306306	39.44577015240987
137	13700	891	1000	3.3982361434796866	0.22736387210188422	0	891	0.8620000000000136	0.8686868686868687	39.808043734232584
138	13800	897	1000	2.308571828227074e+39	4.331682418423928e-40	0	897	0.8612000000000137	0.8606465997770345	40.2233496149381
139	13900	897	1000	2.4130582787230885e+35	4.144118726088817e-36	0	897	0.8610500000000136	0.862876254180602	40.70144273440043
140	14000	896	1000	3.9317275085653147	0.20276870493416804	0	896	0.8608500000000137	0.8549107142857143	41.155277200539906
141	14100	897	1000	26.285829407573658	0.03664906003269348	0	897	0.8606000000000137	0.8584169453734671	41.60033108393351
142	14200	897	1000	38.065868200898784	0.025597792806176342	0	897	0.8604000000000137	0.8539576365663322	42.03519875208537
143	14300	905	1000	2.068899498669011	0.3258497062004482	0	905	0.859450000000014	0.8364640883977901	42.50643841822942
144	14400	907	1000	1.3863943851626959	0.41904221960018717	0	907	0.858750000000014	0.8202866593164277	42.975376733144124
145	14500	912	1000	0.9117808051816833	0.5230725181933011	0	912	0.8584000000000142	0.8081140350877193	43.50400671561559
146	14600	911	1000	0.9584250654150078	0.5106143797174548	0	911	0.8584000000000143	0.814489571899012	43.92362581888835
147	14700	915	1000	1.0031475407130594	0.4992143512524447	0	915	0.8579000000000141	0.7879781420765027	44.54686303536097
148	14800	915	1000	0.9390271051070237	0.5157225483677833	0	915	0.857750000000014	0.8043715846994536	44.99730903704961
149	14900	916	1000	0.6581619244795609	0.603077410738318	0	916	0.857550000000014	0.8100436681222707	45.50638465086619
150	15000	919	1000	0.5113997285003188	0.6616383350764835	0	919	0.857450000000014	0.8063112078346029	46.013652153809865
151	15100	924	1000	0.6190866118186541	0.6176321839118543	0	924	0.8574000000000138	0.7922077922077922	46.59736320177714
152	15200	924	1000	2.2259137452131887	0.3099896894279527	0	924	0.8573500000000139	0.7954545454545454	47.09297825098038
153	15300	924	1000	3.459602473066905	0.2242352330817262	0	924	0.8573500000000139	0.8192640692640693	47.548249153296155
154	15400	923	1000	1.7481575220666208	0.36388016042399113	0	923	0.857350000000014	0.8277356446370531	48.06040821870168
155	15500	928	1000	0.5456628019496529	0.646971641381697	0	928	0.856850000000014	0.8286637931034483	48.64045828183492
156	15600	931	1000	1034.3180902204795	0.0009658867254865042	0	931	0.8566500000000141	0.80343716433942	49.35823135375976
157	15700	932	1000	0.5075548910895408	0.6633257640637414	0	932	0.856700000000014	0.8283261802575107	49.883391233285266
158	15800	931	1000	0.6031122802507636	0.6237866257524876	0	931	0.8567000000000139	0.8120300751879699	50.50425410270691
159	15900	933	1000	0.564860008390765	0.6390347984088093	0	933	0.8565500000000139	0.8113612004287245	51.06675373315811
160	16000	939	1000	1.8459680277403183	0.3513742917182362	0	939	0.8563000000000139	0.7784877529286475	51.901173917452496
161	16100	940	1000	0.8093178690383261	0.5526944806727144	0	940	0.856400000000014	0.774468085106383	52.604786018530525
162	16200	942	1000	2.2485924203401932e+16	4.447226589195335e-17	0	942	0.8558000000000139	0.7569002123142251	53.430034736792244
163	16300	941	1000	0.6184183245638115	0.6178872203943411	0	941	0.8557500000000139	0.7438894792773645	54.26537023385366
164	16400	943	1000	0.5169702278349626	0.6592087185700484	0	943	0.8554000000000138	0.7242841993637328	55.074756399790445
165	16500	945	1000	0.45458358296220763	0.687481978837913	0	945	0.8553000000000139	0.746031746031746	55.65738190015157
166	16600	947	1000	0.402963961823917	0.7127766836576147	0	947	0.8551000000000137	0.7697993664202746	56.29574948151906
167	16700	949	1000	0.36110196979824255	0.7346988118371697	0	949	0.8549000000000138	0.7650158061116965	56.98301930030187
168	16800	951	1000	0.5168461554179827	0.6592626394101514	0	951	0.8549500000000138	0.7760252365930599	57.605038567384085
169	16900	949	1000	1.6549957537246403	0.3766484366677875	0	949	0.8549000000000138	0.7702845100105374	58.31648331483205
170	17000	950	1000	0.36453347888589155	0.732851201874853	0	950	0.8548500000000137	0.8010526315789473	58.90866909821828
171	17100	952	1000	0.38180773384218614	0.7236896823695215	0	952	0.8549000000000136	0.8098739495798319	59.587264883518216
172	17200	955	1000	0.3740433731100125	0.7277790640164422	0	955	0.8545500000000137	0.7821989528795812	60.53041113217672
173	17300	954	1000	1.7940658407359855	0.35790137276671685	0	954	0.8544500000000137	0.7851153039832285	61.26910711924235
174	17400	947	1000	0.4378741979130326	0.695471134715002	0	947	0.8544000000000136	0.8120380147835269	61.9768638531367
175	17500	950	1000	0.39011272361389904	0.7193661226265763	0	950	0.8541500000000136	0.7884210526315789	62.77926808198293
176	17600	950	1000	0.3833338347313552	0.7228913042484796	0	950	0.8541000000000137	0.7894736842105263	63.447719784577686
177	17700	954	1000	0.3834513956569078	0.7228298754400169	0	954	0.8539000000000139	0.7945492662473794	64.16394691864649
178	17800	955	1000	0.3539879449235935	0.7385590128399783	0	955	0.8538000000000138	0.7905759162303665	64.83995551665625
179	17900	956	1000	0.33213048892375807	0.7506772109149084	0	956	0.8537500000000138	0.7981171548117155	65.49305358727773
180	18000	956	1000	0.3068456449212681	0.7652013104120233	0	956	0.8538500000000139	0.7876569037656904	66.2069187839826
181	18100	956	1000	0.3107819525288809	0.762903393711447	0	956	0.853700000000014	0.7845188284518828	66.98100831508637
182	18200	957	1000	6.778506997381537	0.12855937525499792	0	957	0.853700000000014	0.8296760710553814	67.63723990122477
183	18300	957	1000	109.99381018005805	0.009009511416697607	0	957	0.853700000000014	0.8484848484848485	68.28056349754334
184	18400	958	1000	0.27228209216838595	0.7859892127347891	0	958	0.8535000000000141	0.8507306889352818	68.94827626546224
185	18500	959	1000	0.28021336441491607	0.7811197944000691	0	959	0.8536000000000141	0.881126173096976	69.56245516935984
186	18600	960	1000	0.29666709326135066	0.771207972498801	0	960	0.853250000000014	0.8614583333333333	70.35688656568527
187	18700	962	1000	1.710270433809513	0.36896687043676885	0	962	0.8531500000000141	0.83991683991684	71.25056153138479
188	18800	964	1000	0.27167576875106775	0.7863639652284287	0	964	0.8532000000000141	0.8298755186721992	72.05547946691513
189	18900	964	1000	28604.36689943514	3.495847487345973e-05	0	964	0.8533000000000139	0.8246887966804979	72.85006121794383
190	19000	962	1000	0.3413267589924969	0.7455304930702525	0	962	0.8532500000000138	0.817047817047817	73.69405853350958
191	19100	964	1000	20.931767923598525	0.04559595940845255	0	964	0.8531500000000138	0.8246887966804979	74.44351027011871
192	19200	963	1000	7.45380249577143	0.11828996484128856	0	963	0.8531500000000138	0.8276220145379024	75.14518491824468
193	19300	963	1000	0.2574279914808768	0.795274168202902	0	963	0.8531500000000138	0.8276220145379024	75.8004345536232
194	19400	965	1000	0.2823887757447359	0.7797947228750961	0	965	0.8531500000000138	0.8238341968911918	76.57683047056199
195	19500	965	1000	0.2634256487233854	0.7914988911381046	0	965	0.8531500000000138	0.8248704663212435	77.22156218687694
196	19600	966	1000	0.25970194289964177	0.7938385787499482	0	966	0.8531000000000138	0.8209109730848861	78.10836944977443
197	19700	966	1000	0.2425827179411373	0.8047753968902144	0	966	0.853000000000014	0.8457556935817805	78.87818053563436
198	19800	966	1000	0.27969069829735305	0.7814388284063598	0	966	0.852800000000014	0.8478260869565217	79.73231633504231
199	19900	966	1000	0.2591208715141667	0.7942049271230341	0	966	0.8526500000000139	0.839544513457557	80.51873645385106
200	20000	966	1000	0.32865928046824744	0.7526384037656209	0	966	0.852750000000014	0.8571428571428571	81.22994408607482
201	20100	965	1000	0.37884023298817787	0.7252471867845286	0	965	0.8527500000000139	0.8601036269430051	81.96450363397598
202	20200	967	1000	0.45564787965699527	0.6869793265083017	0	967	0.852750000000014	0.8500517063081696	82.73755133549372
203	20300	965	1000	0.4953438294731623	0.6687425194728084	0	965	0.8525500000000139	0.8373056994818653	83.60938212076823
204	20400	964	1000	0.31347449444721626	0.761339488682539	0	964	0.852650000000014	0.8402489626556017	84.41778390407562
205	20500	967	1000	0.30651422552455365	0.7653954166465421	0	967	0.852400000000014	0.8241985522233712	85.23886833588283
206	20600	965	1000	0.34756224662827684	0.7420807480337853	0	965	0.8524000000000139	0.8424870466321244	85.99451228380204
207	20700	966	1000	0.561039347417454	0.6405988431069185	0	966	0.8524000000000139	0.8457556935817805	86.76820648511251
208	20800	968	1000	2.405213930757444e+16	4.157634326045511e-17	0	968	0.8524000000000139	0.8316115702479339	87.89834721883138
209	20900	969	1000	2.384912237438886	0.29542863443828205	0	969	0.8524500000000139	0.8111455108359134	89.0525979200999
210	21000	967	1000	0.2803801807953592	0.7810180249578763	0	967	0.852450000000014	0.8014477766287487	89.90453831752141
211	21100	973	1000	0.25207232450050576	0.7986759074791738	0	973	0.8523000000000139	0.7872559095580678	90.86691075166067
212	21200	973	1000	0.21159955865240002	0.8253552032589453	0	973	0.852250000000014	0.7800616649537513	91.79778116544088
213	21300	975	1000	0.17846264910357093	0.8485631689393607	0	975	0.8519500000000142	0.7887179487179488	92.68477451403936
214	21400	976	1000	0.17936631291363878	0.8479129758501308	0	976	0.8519500000000142	0.7961065573770492	93.49941833416621
215	21500	978	1000	0.17012056945060047	0.854612786158886	0	978	0.8518000000000141	0.7822085889570553	94.48131779829662
216	21600	978	1000	0.17943188720932207	0.8478658334107961	0	978	0.8518000000000141	0.7638036809815951	95.47903779745101
217	21700	978	1000	0.18133039827692315	0.8465032318296305	0	978	0.8517000000000139	0.7586912065439673	96.34983466863632
218	21800	977	1000	0.1823658618120109	0.8457619018765226	0	977	0.851750000000014	0.7809621289662231	97.30908181667328
219	21900	979	1000	0.1743325872993502	0.8515475179818791	0	979	0.8517500000000141	0.7997957099080695	98.19428075154623
220	22000	977	1000	0.17239895883206388	0.8529519686678957	0	977	0.851750000000014	0.8085977482088025	98.99107188383738
221	22100	976	1000	1.5668897249520275	0.3895765331401952	0	976	0.8517500000000141	0.826844262295082	99.81327352126439
222	22200	976	1000	2.0391706079452825	0.32903713841720733	0	976	0.8517500000000142	0.8360655737704918	100.66999848683675
223	22300	977	1000	0.5089036052450773	0.6627328588280358	0	977	0.8517500000000142	0.8188331627430911	101.69988723198573
224	22400	978	1000	0.5131794448280006	0.6608601533796723	0	978	0.8517500000000143	0.8067484662576687	102.68782728513082
225	22500	979	1000	0.10241733674003518	0.9070974908260295	0	979	0.8518000000000143	0.8263534218590398	103.50698310136795
226	22600	979	1000	0.11421851039692923	0.897490026120424	0	979	0.8518000000000143	0.839632277834525	104.31997884909312
227	22700	981	1000	0.12031247944455482	0.8926081056383437	0	981	0.8519000000000143	0.8246687054026504	105.33421099980673
228	22800	981	1000	2.3450443091458952	0.2989497021805772	0	981	0.8519000000000143	0.836901121304791	106.18121767044067
229	22900	980	1000	2.5398102150832695	0.28250102102620106	0	980	0.8517000000000143	0.8306122448979592	107.16309850215912
230	23000	979	1000	0.22315796388540488	0.8175558918191272	0	979	0.8516000000000142	0.8161389172625128	108.14936173359553
231	23100	975	1000	1.630153780038947	0.38020590567339074	0	975	0.8515500000000141	0.8102564102564103	109.09312898715338
232	23200	976	1000	0.20173203696054198	0.8321322634696758	0	976	0.8515500000000141	0.8125	109.9536116997401
233	23300	977	1000	0.22465440455303626	0.8165568966086978	0	977	0.8515500000000141	0.8403275332650972	110.75074458519617
234	23400	977	1000	0.22230530711593727	0.8181262031492993	0	977	0.8514500000000141	0.8403275332650972	111.70520050128302
235	23500	978	1000	0.21770871080566787	0.8212144588654325	0	978	0.8514500000000143	0.8374233128834356	112.53965660333634
236	23600	977	1000	0.4607300471835641	0.6845891901300323	0	977	0.8513500000000143	0.8167860798362334	113.58623006741206
237	23700	978	1000	0.5298541975792156	0.6536570619490164	0	978	0.8513000000000143	0.8241308793456033	114.55388745069504
238	23800	979	1000	0.5165730792865637	0.6593813471029214	0	979	0.8512000000000143	0.8212461695607763	115.46785538593927
239	23900	978	1000	1.48303577144398	0.4027328206465837	0	978	0.8512000000000143	0.8312883435582822	116.3901351014773
240	24000	980	1000	1317.2233966899535	0.0007585967617560048	0	980	0.8512000000000143	0.8306122448979592	117.45697126785915
241	24100	982	1000	0.17172090934898931	0.8534455534770666	0	982	0.8512000000000144	0.8217922606924644	118.47716354926428
242	24200	985	1000	0.17160764958787378	0.8535280563862495	0	985	0.8511000000000144	0.8121827411167513	119.48272041877111
243	24300	985	1000	0.1690259392241056	0.8554130121900547	0	985	0.8511500000000143	0.8071065989847716	120.38733321825663
244	24400	983	1000	0.1670771952530249	0.8568413503985894	0	983	0.8511500000000143	0.8107833163784334	121.37639405330022
245	24500	983	1000	0.1549309623011913	0.8658526203224367	0	983	0.8511500000000143	0.7985757884028484	122.37119228045145
246	24600	983	1000	0.15317846350506556	0.8671684666747225	0	983	0.8511500000000144	0.8046795523906409	123.38955305020015
247	24700	983	1000	0.15133070418474018	0.8685601768156632	0	983	0.8511500000000144	0.8056968463886063	124.40627689758936
248	24800	984	1000	0.14347980057431114	0.874523537274337	0	984	0.8511500000000144	0.7886178861788617	125.55855948527655
249	24900	984	1000	0.1555696790323573	0.8653740385758243	0	984	0.8510500000000144	0.7865853658536586	126.57850848436355
250	25000	984	1000	0.1480438727162662	0.8710468508786209	0	984	0.8510500000000144	0.8038617886178862	127.47076249917349
251	25100	984	1000	0.15541701911101935	0.8654883764559764	0	984	0.8510500000000143	0.8160569105691057	138.40567381779354
252	25200	984	1000	0.13963949644202894	0.8774704659868446	0	984	0.8510500000000144	0.8191056910569106	139.36157790025075
253	25300	981	1000	0.09750325627601354	0.9111590278038388	0	981	0.8509000000000144	0.8103975535168195	140.27531456947327
254	25400	982	1000	0.08479222570823797	0.9218355149504515	0	982	0.8509000000000144	0.8085539714867617	141.2063381354014
255	25500	983	1000	3.76055929580584e+86	2.659178918187255e-87	0	983	0.8508500000000144	0.8128179043743642	142.19891006946563
256	25600	981	1000	0.08492334385841446	0.921724106740672	0	981	0.8508500000000143	0.8277268093781855	143.08411056598027
257	25700	983	1000	0.08391267004004722	0.92258355090826	0	983	0.8507500000000143	0.8179043743641913	144.23304721514384
258	25800	983	1000	0.09244714546275562	0.9153760931622963	0	983	0.8508500000000143	0.8250254323499492	145.30495523611705
259	25900	983	1000	0.09537880157741792	0.9129261937148444	0	983	0.8506500000000145	0.814852492370295	146.45716593662897
260	26000	984	1000	0.08996313037607256	0.9174622261350873	0	984	0.8505500000000144	0.8028455284552846	147.52704761823017
261	26100	983	1000	0.09076256767589835	0.9167898034223092	0	983	0.8505500000000144	0.8006103763987793	148.59927034775416
262	26200	983	1000	0.08676661153480213	0.9201607680859236	0	983	0.8506500000000145	0.814852492370295	149.51109275023143
263	26300	983	1000	0.1353402034109171	0.8807932609060151	0	983	0.8506500000000145	0.8209562563580874	150.46465165217717
264	26400	983	1000	3.5589999440052185	0.21934635057737462	0	983	0.8506500000000145	0.8341810783316378	151.29675138791401
265	26500	983	1000	2.9613780957689584	0.2524374033036819	0	983	0.8506500000000145	0.8433367243133265	152.1371202349663
266	26600	984	1000	2.86383772501972	0.2588100409923132	0	984	0.8506500000000145	0.8272357723577236	153.05965590079626
267	26700	984	1000	2.1438390550661315	0.3180824407625297	0	984	0.8506500000000145	0.850609756097561	153.87546554803848
268	26800	982	1000	0.1960638812848012	0.8360757444876681	0	982	0.8506000000000143	0.8533604887983707	154.83927451769512
269	26900	980	1000	0.15864787777494307	0.8630749852322613	0	980	0.8505000000000144	0.8591836734693877	155.8055940190951
270	27000	982	1000	0.13333307821249302	0.8823531398000068	0	982	0.8505000000000144	0.8574338085539714	156.77613075176876
271	27100	981	1000	0.14300573081694365	0.8748862521321457	0	981	0.8505000000000144	0.8685015290519877	157.56625295082728
272	27200	981	1000	0.12840865510542523	0.8862037662291519	0	981	0.8505000000000144	0.8603465851172273	158.4061309814453
273	27300	981	1000	0.1421905007766341	0.8755106957377499	0	981	0.8505000000000144	0.8644240570846076	159.27001703182856
274	27400	982	1000	0.1404016041610704	0.8768840699199508	0	982	0.8504000000000145	0.8553971486761711	160.20455470085145
275	27500	978	1000	0.12347061645826661	0.8900989357002439	0	978	0.8504000000000143	0.8588957055214724	161.02818624973298
276	27600	980	1000	4213.968416322012	0.00023724970183112347	0	980	0.8504000000000143	0.8520408163265306	161.98069686492283
277	27700	980	1000	456.11339425642166	0.0021876409936022164	0	980	0.8504000000000143	0.8510204081632653	162.8274847507477
278	27800	979	1000	0.12755446961886158	0.8868751150780523	0	979	0.8504000000000143	0.8559754851889684	163.7043768843015
279	27900	980	1000	0.09064749887408274	0.9168865293619969	0	980	0.8504000000000143	0.8510204081632653	164.68004171450931
280	28000	980	1000	0.09123863529226633	0.9163898414686996	0	980	0.8504000000000143	0.8571428571428571	165.59451260169348
281	28100	980	1000	0.05010408693790368	0.9522865518179184	0	980	0.8503500000000144	0.8510204081632653	166.52200588385264
282	28200	981	1000	0.02937021225910853	0.971467784953043	0	981	0.8503000000000145	0.8440366972477065	167.42382928133011
283	28300	976	1000	0.03762040491454151	0.9637435764212444	0	976	0.8504500000000145	0.8012295081967213	168.79729336897532
284	28400	978	1000	0.06637740007376995	0.9377543071813242	0	978	0.8504500000000145	0.8047034764826176	169.75274593432744
285	28500	978	1000	0.09219001431675239	0.9155915975166425	0	978	0.8505500000000144	0.7985685071574642	170.6862463037173
286	28600	977	1000	0.12306537402844846	0.8904201154497253	0	977	0.8505500000000144	0.7840327533265097	171.8110761523247
287	28700	979	1000	0.13461014061002036	0.88136000570412	0	979	0.8505000000000145	0.7671092951991828	172.8833062171936
288	28800	978	1000	1.1482465733025118	0.46549591300531873	0	978	0.8505000000000146	0.7597137014314929	173.93323631683987
289	28900	978	1000	3.3249526268522187	0.23121640542172103	0	978	0.8505000000000146	0.7760736196319018	174.83583318392436
290	29000	981	1000	1.2950270072959282	0.43572471993618533	0	981	0.8506500000000147	0.7339449541284404	176.3520862698555
291	29100	981	1000	0.3619006853941938	0.7342679321073667	0	981	0.8506500000000147	0.7380224260958206	177.2831716020902
292	29200	980	1000	0.2558286168272904	0.7962869985606694	0	980	0.8505500000000146	0.7418367346938776	178.19622161388398
293	29300	978	1000	0.28180387477115365	0.7801505516423365	0	978	0.8506000000000146	0.7719836400817995	179.20838846762976
294	29400	980	1000	0.29561620161429375	0.7718335096103568	0	980	0.8506000000000145	0.7816326530612245	180.1114580512047
295	29500	980	1000	0.3804327714019647	0.72441050423948	0	980	0.8506500000000145	0.7551020408163265	181.31761211951573
296	29600	979	1000	0.3988816890319405	0.7148567372356013	0	979	0.8505500000000142	0.7742594484167518	182.2849149664243
297	29700	979	1000	0.3397885764863066	0.7463864206265834	0	979	0.8503000000000142	0.780388151174668	183.3093502163887
298	29800	977	1000	0.3247730492573331	0.7548462739037448	0	977	0.8503000000000142	0.7809621289662231	184.34072312116623
299	29900	978	1000	0.5074786160684607	0.6633593268526908	0	978	0.8503000000000143	0.7678936605316974	185.37266997098922
300	30000	981	1000	0.5174064457957933	0.6590192118734258	0	981	0.8503000000000144	0.7706422018348624	186.74233320156733
301	30100	984	1000	0.24218647414823113	0.8050321113709609	0	984	0.8502500000000144	0.741869918699187	198.4988805015882
302	30200	984	1000	0.2346401645169125	0.8099525908354666	0	984	0.8502500000000146	0.7357723577235772	199.48790148496627
303	30300	980	1000	0.2389948723845255	0.8071058422343876	0	980	0.8502500000000144	0.7459183673469387	200.3968811194102
304	30400	981	1000	0.15561759448849782	0.8653381575092947	0	981	0.8502000000000145	0.7380224260958206	201.4520735303561
305	30500	981	1000	0.1470877922244642	0.8717728553808183	0	981	0.8502000000000145	0.763506625891947	202.3740741491318
306	30600	981	1000	0.12045270741439426	0.8924963930942198	0	981	0.8502000000000145	0.7706422018348624	203.30644325017929
307	30700	979	1000	0.1414085729546017	0.8761104688494169	0	979	0.8503000000000144	0.7793667007150153	204.23498463630676
308	30800	979	1000	0.12472924969675851	0.8891028665517616	0	979	0.8503000000000144	0.7936670071501533	205.12884928385418
309	30900	979	1000	0.12117078623246742	0.8919247738877997	0	979	0.8503000000000144	0.8028600612870276	206.079301349322
310	31000	979	1000	4.108252122650407e+87	2.4341251952055413e-88	0	979	0.8503000000000144	0.8273748723186926	207.20479818185171
311	31100	981	1000	1.333332209589026e+90	7.500006321067057e-91	0	981	0.8503000000000144	0.8481141692150866	208.3316084186236
312	31200	982	1000	6.420015800405578	0.13477060250267123	0	982	0.8503000000000145	0.8523421588594705	209.35710254907607
313	31300	982	1000	2.9219828527549825	0.25497306784438223	0	982	0.8503000000000145	0.8513238289205702	210.3380454659462
314	31400	981	1000	2.140772341215525	0.31839302291263344	0	981	0.8503000000000145	0.8634046890927625	211.34895405371984
315	31500	983	1000	8.14437502409721	0.10935684476684357	0	983	0.8505000000000146	0.8433367243133265	212.58331950108212
316	31600	983	1000	0.15298191262407898	0.8673162944283259	0	983	0.8504500000000146	0.8311291963377416	213.70835191806157
317	31700	983	1000	0.23480833370928472	0.8098422829687781	0	983	0.8506500000000147	0.814852492370295	214.8792568484942
318	31800	983	1000	0.2916010484224351	0.7742328803630212	0	983	0.8506500000000147	0.8097660223804679	215.9270473519961
319	31900	983	1000	0.24958037615184428	0.8002686494481919	0	983	0.8505500000000146	0.7833163784333672	217.28608323335646
320	32000	984	1000	0.1684545192334891	0.8558313426319785	0	984	0.8505500000000147	0.801829268292683	218.2395629843076
321	32100	984	1000	0.19557228764786033	0.8364195208701062	0	984	0.8504500000000147	0.8130081300813008	219.18755878607433
322	32200	982	1000	0.20223156369358503	0.8317865128475964	0	982	0.8504500000000147	0.8156822810590632	220.15845264991125
323	32300	984	1000	0.20447537051388398	0.8302369848985409	0	984	0.8504500000000147	0.7997967479674797	221.27508275111515
324	32400	984	1000	1.9814155913245797	0.3354111392285707	0	984	0.8504500000000147	0.7896341463414634	222.42642748355865
325	32500	982	1000	0.21311280295218546	0.8243256501509487	0	982	0.8505000000000146	0.8024439918533605	223.5227625846863
326	32600	985	1000	0.17085211903112843	0.8540788232313169	0	985	0.8505000000000146	0.783756345177665	224.76042521794636
327	32700	985	1000	0.13720981028057963	0.8793452104966221	0	985	0.8505000000000146	0.7959390862944162	225.73321239948274
328	32800	986	1000	0.1816606761081573	0.8462666315456452	0	986	0.8505000000000146	0.7748478701825557	226.92715248266856
329	32900	984	1000	0.17488863403230764	0.8511445008774351	0	984	0.8505000000000145	0.8089430894308943	227.81461079915366
330	33000	983	1000	0.16611689125370838	0.8575469642026077	0	983	0.8505500000000144	0.7995930824008138	228.89583121538163
331	33100	979	1000	0.18766006488993087	0.8419917698358219	0	979	0.8504500000000144	0.7967313585291114	229.89378859996796
332	33200	977	1000	0.17732634862763405	0.8493821625292454	0	977	0.8504500000000143	0.7881269191402251	230.9699874997139
333	33300	975	1000	0.19267255991722157	0.8384530956840374	0	975	0.8504500000000143	0.8	231.9471708695094
334	33400	974	1000	0.13319704965361587	0.8824590571478013	0	974	0.8504500000000141	0.8059548254620124	232.97887674967447
335	33500	974	1000	0.1671758069323314	0.8567689580786318	0	974	0.8504500000000141	0.8059548254620124	234.10632473230362
336	33600	975	1000	24.19276370511052	0.039693937977798896	0	975	0.8505000000000142	0.8020512820512821	235.46754208405812
337	33700	976	1000	0.156793230438815	0.8644587240717707	0	976	0.8505000000000141	0.7797131147540983	236.67507333755492
338	33800	978	1000	1.2725747636526963	0.44002952773826715	0	978	0.8505500000000141	0.7791411042944786	237.84831688404083
339	33900	978	1000	2.4982181927786744	0.28585981345139844	0	978	0.8505500000000141	0.7750511247443763	238.83989648421604
340	34000	979	1000	0.26392878559934835	0.7911838162035413	0	979	0.8505500000000141	0.7711950970377937	240.02403158346812
341	34100	979	1000	0.2661827631579953	0.7897754013850995	0	979	0.8505000000000142	0.7671092951991828	241.06074333588282
342	34200	981	1000	0.1573353183784158	0.8640538175238063	0	981	0.8505000000000141	0.7584097859327217	242.29790196816126
343	34300	981	1000	0.2643287623184246	0.7909335212514506	0	981	0.850700000000014	0.72579001019368	243.7087783853213
344	34400	981	1000	0.382531876187467	0.7233106282928142	0	981	0.8507000000000139	0.7339449541284404	244.71370710134505
345	34500	981	1000	0.39062746455550806	0.7190998491602739	0	981	0.8507000000000139	0.7512742099898063	245.71836564938226
346	34600	981	1000	0.39292925036841736	0.717911552030018	0	981	0.8506000000000139	0.764525993883792	246.85420793294907
347	34700	977	1000	0.44505209345819063	0.6920165747152235	0	977	0.8507000000000138	0.7830092118730808	247.9026753147443
348	34800	977	1000	0.4451802183264631	0.6919552228288958	0	977	0.8507000000000138	0.781985670419652	249.15545718272526
349	34900	979	1000	0.3254020498750442	0.754488043906585	0	979	0.8504500000000138	0.7793667007150153	250.22419326702754
350	35000	979	1000	0.19774136423129532	0.8349047881817083	0	979	0.8502500000000139	0.7875383043922369	251.3490197857221
351	35100	980	1000	0.1406731354335303	0.8766753322545242	0	980	0.850250000000014	0.7622448979591837	252.68850506544112
352	35200	981	1000	0.12632777173534473	0.8878410220315262	0	981	0.8503500000000143	0.7716615698267074	253.83301888306934
353	35300	981	1000	0.2541424815767291	0.7973575687690471	0	981	0.8503500000000142	0.7767584097859327	255.1077157855034
354	35400	981	1000	25.131072861504954	0.03826861626769072	0	981	0.8503500000000142	0.7573904179408767	256.38856845299404
355	35500	982	1000	40.41966921836511	0.024143118930476853	0	982	0.8503500000000142	0.7484725050916496	257.58534643252693
356	35600	986	1000	0.3145908092430826	0.7606929798754501	0	986	0.8503500000000143	0.7322515212981744	258.98390177090965
357	35700	987	1000	0.34341033047055086	0.7443742074320168	0	987	0.8504000000000141	0.7223910840932117	260.16598505179087
358	35800	988	1000	0.3461675385386313	0.7428495869730873	0	988	0.8505000000000141	0.7338056680161943	261.3204437494278
359	35900	987	1000	0.3220241658687377	0.7564158249277335	0	987	0.8505000000000142	0.7396149949341438	262.38571510314944
360	36000	988	1000	2.1658682388077235	0.31586911537942064	0	988	0.8505000000000142	0.7348178137651822	263.6257981022199
361	36100	988	1000	0.27569311613120995	0.7838875881314594	0	988	0.8504500000000144	0.7580971659919028	264.73006448348366
362	36200	988	1000	0.1241564045932277	0.8895559335996904	0	988	0.8504500000000144	0.771255060728745	265.69439271688464
363	36300	989	1000	1.827203617176374	0.3537063952255178	0	989	0.8505000000000145	0.7745197168857432	266.96488838593166
364	36400	987	1000	2.516536003448886	0.28437075548757007	0	987	0.8505000000000145	0.7760891590678825	268.2392042994499
365	36500	987	1000	0.16560427047357593	0.857924104545111	0	987	0.8505500000000144	0.767983789260385	269.4763585329056
366	36600	985	1000	0.12236400175589385	0.8909765445395075	0	985	0.8505500000000144	0.7776649746192893	270.7427074710528
367	36700	985	1000	0.11597116828775626	0.8960804977912721	0	985	0.8505500000000144	0.7807106598984772	271.8270637989044
368	36800	984	1000	0.11776299387407653	0.8946440394614251	0	984	0.8505500000000144	0.7916666666666666	272.8649728178978
369	36900	984	1000	0.10319848020342173	0.9064552008951346	0	984	0.8505500000000144	0.7876016260162602	274.01197031736376
370	37000	985	1000	0.12589304285463984	0.8881838344649107	0	985	0.8505500000000144	0.8010152284263959	275.07139511903125
371	37100	984	1000	0.12912832817759834	0.8856389261032799	0	984	0.8505500000000144	0.7967479674796748	276.22636755307514
372	37200	980	1000	0.15763137531995292	0.8638328411957685	0	980	0.8505500000000142	0.7979591836734694	277.20112950404484
373	37300	980	1000	0.18528219537027374	0.8436809427375286	0	980	0.8507000000000141	0.8122448979591836	278.2524297873179
374	37400	979	1000	0.22647082499013874	0.8153475644298676	0	979	0.8507000000000142	0.8243105209397344	279.3276685833931
375	37500	977	1000	0.297171849288016	0.7709078797453661	0	977	0.8506000000000143	0.8403275332650972	280.3566464861234
376	37600	977	1000	0.2440228733562699	0.8038437406718121	0	977	0.8506000000000142	0.8638689866939611	281.34078811804454
377	37700	977	1000	5.491587904567633e+49	1.8209669359353225e-50	0	977	0.8506000000000141	0.8556806550665302	282.5785981376966
378	37800	978	1000	0.34531628236428674	0.7433196290782857	0	978	0.8506500000000142	0.8496932515337423	283.70561511913934
379	37900	978	1000	0.5013077155782757	0.6660859660038573	0	978	0.8506500000000142	0.8588957055214724	284.75768601497015
380	38000	979	1000	0.38034211184458167	0.7244580828325797	0	979	0.8506500000000142	0.849846782431052	285.94608925183616
381	38100	979	1000	0.4260711615750926	0.7012272787954719	0	979	0.8506500000000143	0.8457609805924413	287.18971405426663
382	38200	980	1000	0.39943045729879284	0.7145764155585258	0	980	0.8506500000000143	0.8397959183673469	288.2412306984266
383	38300	979	1000	0.33272841241416434	0.7503404224635347	0	979	0.8504500000000144	0.8304392236976507	289.42357938289643
384	38400	979	1000	0.14432938840229206	0.8738742621966529	0	979	0.8504000000000144	0.8426966292134831	290.36077063481014
385	38500	978	1000	1.2145347326859715	0.4515621205846327	0	978	0.8505000000000141	0.803680981595092	291.9172693689664
386	38600	979	1000	3.161539156336167	0.24029570849464346	0	979	0.8505000000000142	0.7906026557711952	293.12410623232523
387	38700	977	1000	2.9204186256111964	0.2550748008050031	0	977	0.8507500000000141	0.8055271238485159	294.22386579910915
388	38800	975	1000	0.32576834911186436	0.7542795848685803	0	975	0.8508000000000143	0.8020512820512821	295.34710190296175
389	38900	976	1000	26.974272518781802	0.035747131559135434	0	976	0.8508000000000142	0.7889344262295082	296.5235258857409
390	39000	975	1000	0.47568809275737	0.6776499755659532	0	975	0.8508000000000142	0.7958974358974359	297.5908822019895
391	39100	975	1000	0.47184648846617516	0.6794186811167442	0	975	0.8508000000000141	0.8082051282051282	298.6657681663831
392	39200	973	1000	0.4306717394908135	0.6989723585061569	0	973	0.8508000000000141	0.7975334018499486	299.80103806654614
393	39300	976	1000	0.48969822353768516	0.6712768963537015	0	976	0.8507500000000141	0.798155737704918	300.977529501915
394	39400	979	1000	0.5213447210100928	0.6573132217766219	0	979	0.8507500000000141	0.7814096016343207	302.18513538440067
395	39500	980	1000	0.4695530465872387	0.6804790084456717	0	980	0.8507500000000141	0.8071428571428572	303.43578796784084
396	39600	980	1000	0.4346487335821309	0.6970347351181431	0	980	0.8506000000000142	0.8122448979591836	304.6136014501254
397	39700	979	1000	0.26452336843231833	0.7908117991047814	0	979	0.8506500000000142	0.8171603677221655	305.6345928668976
398	39800	980	1000	0.25277198643332577	0.798229854138921	0	980	0.8506500000000142	0.8224489795918367	306.71702410380044
399	39900	981	1000	0.23987204805333562	0.8065348368567972	0	981	0.8506500000000142	0.8307849133537207	307.73457851807274
400	40000	980	1000	0.2345490751340476	0.8100123519929087	0	980	0.8505000000000141	0.8204081632653061	308.9467071334521
401	40100	982	1000	2.079069128303924e+16	4.8098448790675194e-17	0	982	0.8505000000000142	0.8167006109979633	310.15607746442157
402	40200	982	1000	0.1375943615294962	0.87904795752987	0	982	0.8505000000000142	0.8187372708757638	311.28018448352816
403	40300	982	1000	0.13612540417741442	0.8801845256897737	0	982	0.8506000000000143	0.8228105906313645	312.4391554514567
404	40400	984	1000	0.23840533621167276	0.8074900606121713	0	984	0.8506000000000143	0.8252032520325203	313.5630778670311
405	40500	985	1000	0.2692851231791898	0.7878450489479394	0	985	0.8505000000000145	0.8243654822335026	314.78314558267596
406	40600	985	1000	0.3603941931010422	0.7350810559698749	0	985	0.8505000000000145	0.8395939086294416	315.7999433994293
407	40700	982	1000	0.37098305835148726	0.7294036158276318	0	982	0.8504500000000144	0.8228105906313645	317.05754768451055
408	40800	981	1000	0.3183607825916172	0.7585177086610635	0	981	0.8503000000000144	0.8236493374108053	318.17399373451866
409	40900	982	1000	0.2020303891495085	0.831925722533143	0	982	0.8504000000000145	0.8075356415478615	319.39341023763023
410	41000	985	1000	0.22501261258079483	0.8163181258136195	0	985	0.8505500000000145	0.8071065989847716	320.6746018807093
411	41100	985	1000	0.3588955033586424	0.7358917573341017	0	985	0.8504000000000145	0.8131979695431472	321.7670686841011
412	41200	986	1000	0.24246685568663007	0.8048504436340601	0	986	0.8504000000000145	0.8052738336713996	322.9333843668302
413	41300	985	1000	0.20095200730359267	0.8326727412240436	0	985	0.8504000000000145	0.8142131979695432	324.0236608862877
414	41400	985	1000	0.20173797520619588	0.8321281515868038	0	985	0.8504000000000145	0.8263959390862944	325.05955258607867
415	41500	985	1000	0.18214022217915024	0.8459233356907576	0	985	0.8504000000000145	0.8223350253807107	326.3215390165647
416	41600	983	1000	0.28539239842700226	0.777972548479164	0	983	0.8504000000000145	0.82706002034588	327.343323469162
417	41700	985	1000	0.1955759462637731	0.8364169613189723	0	985	0.8504000000000146	0.8192893401015229	328.6715496659279
418	41800	985	1000	0.10274402747615566	0.9068287608763519	0	985	0.8504000000000146	0.8182741116751269	329.80669731696446
419	41900	986	1000	0.11690473880848934	0.8953315043383171	0	986	0.8505000000000147	0.8275862068965517	331.021474703153
420	42000	986	1000	0.13669291736853004	0.8797450786576754	0	986	0.8505000000000147	0.8144016227180527	332.49187128543855
421	42100	985	1000	0.13487563519966972	0.8811538189592555	0	985	0.8505000000000147	0.8111675126903554	333.68276515007017
422	42200	983	1000	0.12703014618606742	0.8872877122089906	0	983	0.8505000000000147	0.8138351983723296	334.82579856713613
423	42300	983	1000	566.9875851032439	0.0017606018621308926	0	983	0.8505000000000147	0.8016276703967447	336.0961639324824
424	42400	983	1000	783.60087636622	0.001274533371198072	0	983	0.8505000000000147	0.8006103763987793	337.21415923436484
425	42500	984	1000	0.07461770699075554	0.9305634864330432	0	984	0.8504000000000146	0.8140243902439024	338.3196414669355
426	42600	982	1000	0.08233807954437922	0.9239257297691678	0	982	0.8503500000000146	0.8044806517311609	339.4808189193408
427	42700	983	1000	0.07960344576731614	0.9262660321441094	0	983	0.8503500000000146	0.8240081383519837	340.62663370370865
428	42800	982	1000	0.08446420293609264	0.9221143466908237	0	982	0.8503500000000146	0.824847250509165	341.7884121696154
429	42900	983	1000	0.07047666244542641	0.9341632891982645	0	983	0.8503500000000146	0.8341810783316378	342.89672716856
430	43000	986	1000	1.3432547308303094e+46	7.444604340845073e-47	0	986	0.8505000000000146	0.8336713995943205	344.39631420373917
431	43100	985	1000	0.1893242673748435	0.8408135841768934	0	985	0.8505000000000145	0.8477157360406091	345.49076170126597
432	43200	984	1000	5.804198068853022e+50	1.722890894034586e-51	0	984	0.8504000000000145	0.8241869918699187	347.06185030142467
433	43300	984	1000	0.24413127270123355	0.8037737029379701	0	984	0.8504000000000145	0.8353658536585366	348.32431211471555
434	43400	984	1000	0.1892006437399276	0.8409009911524191	0	984	0.8502500000000146	0.823170731707317	349.7073894182841
435	43500	986	1000	0.18939828766079034	0.8407612574982909	0	986	0.8502500000000146	0.8012170385395537	351.19296201864876
436	43600	988	1000	0.29434619624050073	0.7725908284078515	0	988	0.8502500000000146	0.7874493927125507	352.6408671339353
437	43700	988	1000	0.3121764960078751	0.7620926019040646	0	988	0.8502500000000146	0.7904858299595142	353.8221792022387
438	43800	989	1000	0.299507162312582	0.7695224997609218	0	989	0.8501500000000146	0.7765419615773509	355.21453588406246
439	43900	989	1000	0.23780145406603248	0.8078840081461509	0	989	0.8501500000000146	0.7775530839231547	356.3177052696546
440	44000	990	1000	0.2340990521960292	0.8103077287196199	0	990	0.8501500000000146	0.8010101010101011	357.44737673600514
441	44100	990	1000	0.2582703414665326	0.7947417713386499	0	990	0.8501500000000146	0.797979797979798	358.54517134825386
442	44200	990	1000	0.2026916745707509	0.8314682982709654	0	990	0.8501500000000146	0.8232323232323232	359.64092305103935
443	44300	990	1000	0.1398848902421918	0.8772815646214326	0	990	0.8501500000000146	0.8232323232323232	360.7720346172651
444	44400	989	1000	8.599904802517209e+88	1.1628035692991602e-89	0	989	0.8502500000000147	0.8270980788675429	362.13564118146894
445	44500	991	1000	0.14103803895728723	0.8763949718221736	0	991	0.8502500000000147	0.8304742684157417	363.58005340099334
446	44600	991	1000	0.14336537561205354	0.8746110572612811	0	991	0.8502500000000147	0.8395560040363269	364.9950312336286
447	44700	989	1000	0.24096446762846743	0.8058248451795238	0	989	0.8503500000000146	0.8321536905965622	366.3246190865835
448	44800	991	1000	0.26171891478147474	0.7925695559325086	0	991	0.8503500000000147	0.8456104944500504	367.6141518354416
449	44900	991	1000	0.2438907034459312	0.8039291532847022	0	991	0.8505500000000147	0.8335015136226034	368.9450716495514
450	45000	991	1000	0.3828444780317951	0.7231471187731117	0	991	0.8505500000000147	0.8284561049445005	370.2287839492162
451	45100	988	1000	2.4027834149246687	0.2938770641745761	0	988	0.8504500000000145	0.805668016194332	371.77359220186867
452	45200	988	1000	3.588605294581553	0.21793114373573344	0	988	0.8504500000000145	0.8097165991902834	372.9700042168299
453	45300	988	1000	11529.055857124275	8.672984870078602e-05	0	988	0.8507000000000143	0.798582995951417	374.3519764026006
454	45400	988	1000	10040.10369199682	9.959064567743105e-05	0	988	0.8507000000000143	0.7995951417004049	375.6208724339803
455	45500	989	1000	0.4072380583908599	0.710611821530377	0	989	0.8506000000000145	0.8109201213346815	376.842770866553
456	45600	989	1000	0.39863224137713316	0.7149842327496838	0	989	0.8507000000000144	0.8129423660262892	378.0574690341949
457	45700	991	1000	0.4646836658406331	0.6827412794462108	0	991	0.8507000000000146	0.7971745711402624	379.4672901352247
458	45800	991	1000	0.38715886677503086	0.7208979619795631	0	991	0.8505500000000146	0.7911200807265388	380.80129816929497
459	45900	992	1000	0.3422084029606328	0.7450407833792486	0	992	0.8505500000000146	0.7963709677419355	382.00874690214795
460	46000	993	1000	0.4216615468557368	0.703402298677686	0	993	0.8505500000000147	0.783484390735146	383.3796233018239
461	46100	993	1000	0.4835201704341869	0.674072398831845	0	993	0.8505500000000147	0.7583081570996979	385.2212886492411
462	46200	994	1000	0.47613346025246334	0.677445520291214	0	994	0.8505500000000147	0.7424547283702213	386.5725530823072
463	46300	992	1000	8.180439436280007e+65	1.2224282176884406e-66	0	992	0.8505000000000147	0.7217741935483871	388.2631077528
464	46400	992	1000	0.47487219803687913	0.6780248494283402	0	992	0.8505000000000147	0.7157258064516129	389.80651491880417
465	46500	990	1000	0.4677199173079827	0.6813289022023692	0	990	0.8505000000000147	0.7161616161616161	391.258575284481
466	46600	990	1000	0.43883001289680623	0.6950091331405391	0	990	0.8504000000000145	0.695959595959596	393.045112601916
467	46700	991	1000	2.6724257832807226	0.27229958044425356	0	991	0.8504000000000145	0.7134207870837538	394.5882866183917
468	46800	992	1000	0.3067568383723435	0.7652533131149093	0	992	0.8503000000000145	0.7137096774193549	396.21018808285396
469	46900	992	1000	0.2847493561359242	0.778361939022604	0	992	0.8503000000000145	0.719758064516129	397.532728099823
470	47000	991	1000	0.28132554284073363	0.7804417898225714	0	991	0.8504000000000145	0.7255297679112008	398.8487094004949
471	47100	991	1000	0.3099238604614012	0.7634031489797926	0	991	0.8504000000000145	0.768920282542886	399.94062928358716
472	47200	991	1000	0.30743930595555763	0.7648538600949725	0	991	0.8504000000000145	0.7891019172552977	401.01694431702293
473	47300	990	1000	0.3578888271949142	0.736437313550749	0	990	0.8504000000000145	0.798989898989899	402.3721038500468
474	47400	991	1000	0.3567281675747092	0.7370673240960293	0	991	0.8504000000000145	0.8002018163471241	403.6753776987394
475	47500	993	1000	0.3948859274763851	0.7169045011509944	0	993	0.8504000000000145	0.798590130916415	404.862059267362
476	47600	993	1000	0.4111245977907376	0.7086546443635127	0	993	0.8504000000000145	0.8348439073514602	405.90468419790267
477	47700	993	1000	0.400050979324794	0.7142597053732089	0	993	0.8503000000000145	0.8358509566968781	407.2586289683978
478	47800	995	1000	0.35956708322780606	0.7355282518504768	0	995	0.8503000000000145	0.8512562814070351	408.3950576504072
479	47900	997	1000	2.4304547433337143	0.2915065420825813	0	997	0.8503000000000146	0.8385155466399198	409.77187016407646
480	48000	996	1000	1.8500667639869826	0.3508689735397958	0	996	0.8504000000000146	0.820281124497992	411.26375843286513
481	48100	996	1000	0.30789273255940863	0.7645886968445074	0	996	0.8504500000000146	0.8122489959839357	412.4395961999893
482	48200	996	1000	1.0769329353634884e+34	9.28562928259296e-35	0	996	0.8504500000000146	0.785140562248996	413.9531155149142
483	48300	996	1000	0.30115789765017736	0.7685462324026525	0	996	0.8504500000000146	0.7941767068273092	415.44724588394166
484	48400	996	1000	0.2978959283189796	0.7704778004005213	0	996	0.8504500000000146	0.7991967871485943	416.79576058387755
485	48500	994	1000	0.2983531978572096	0.7702064443253123	0	994	0.8504500000000146	0.8028169014084507	418.01527986923855
486	48600	990	1000	663.0000826658105	0.0015060239088905314	0	990	0.8504500000000145	0.796969696969697	419.22898096640904
487	48700	988	1000	0.4152868512822417	0.706570543698619	0	988	0.8505500000000145	0.8188259109311741	420.3138442158699
488	48800	987	1000	0.4100935090978306	0.7091728268714562	0	987	0.8506500000000147	0.7983789260385005	421.7854276339213
489	48900	986	1000	0.3752460721291042	0.7271425967076842	0	986	0.8506500000000147	0.8032454361054767	423.1627571662267
490	49000	987	1000	0.38149812763306773	0.7238518677642425	0	987	0.8507500000000147	0.8125633232016211	424.8086396694183
491	49100	989	1000	0.44351610445592543	0.6927529224739125	0	989	0.8508500000000145	0.7917087967644085	426.57966755231223
492	49200	989	1000	0.33377872481124377	0.7497495509545782	0	989	0.8507500000000147	0.8088978766430738	428.056716187795
493	49300	986	1000	0.1824937944363867	0.8456703998828434	0	986	0.8508500000000145	0.8245436105476673	429.41502833366394
494	49400	989	1000	0.1786697894961637	0.8484140417541894	0	989	0.8507500000000147	0.8210313447927199	430.885148302714
495	49500	987	1000	0.1877456525484512	0.8419310968256375	0	987	0.8506500000000146	0.817629179331307	432.212192885081
496	49600	988	1000	0.1922146226347078	0.8387751508952915	0	988	0.8506500000000146	0.8157894736842105	433.5783741990725
497	49700	988	1000	0.18632378251685927	0.8429401945212951	0	988	0.8506500000000146	0.7945344129554656	435.1594704349836
498	49800	986	1000	1.1584888990226456	0.46328707108607114	0	986	0.8506500000000145	0.8062880324543611	436.63548910220464
499	49900	987	1000	2.5520314758020226	0.28152903678146807	0	987	0.8506500000000145	0.8115501519756839	438.1125254034996
500	50000	987	1000	0.1726564858168575	0.8527646519631985	0	987	0.8506500000000145	0.8166160081053698	439.56242673397065
