Epoch	Explore_Iteration	MacroPopSize	MicroPopSize	RMSE	Accuracy_Estimate	RuleCount	TreeCount	AveGenerality	ExpRules	Time(min)
1	100	1000	1000	5867770.062194801	1.704224635556856e-07	0	1000	0.8703499999999994	0.0	1.3723202347755432
2	200	998	1000	80886.81206053871	1.2362801941676601e-05	0	998	0.8711999999999992	0.0	2.8001689513524375
3	300	998	1000	687.8678874098904	0.0014516571584719258	0	998	0.8715499999999992	0.0	4.145316902796427
4	400	998	1000	7259.920821034916	0.00013772357868205862	0	998	0.8722499999999993	0.0	5.5895446340243025
5	500	998	1000	237.95132094644913	0.0041849528014289905	0	998	0.8730499999999998	0.0	6.996037832895914
6	600	997	1000	160.01055057242002	0.006210773122909208	0	997	0.8732999999999996	0.0	8.234686867396038
7	700	993	1000	150.56468361062002	0.006597843087041754	0	993	0.8739499999999996	0.0	9.470102266470592
8	800	992	1000	164.91201715170732	0.0060272909531659535	0	992	0.8748999999999995	0.0	10.709957198301952
9	900	990	1000	152.4034704133031	0.006518757348225417	0	990	0.8753999999999993	0.0	34.96895348230998
10	1000	989	1000	149.1882375495927	0.006658311038970654	0	989	0.8758499999999992	0.0	75.03497658173244
11	1100	987	1000	120.72580298059923	0.008215185075915095	0	987	0.8767999999999994	0.950354609929078	75.16973588466644
12	1200	980	1000	104.07598993764823	0.009516921997055625	0	980	0.8777499999999996	0.9530612244897959	75.28076883554459
13	1300	977	1000	112.79175516106068	0.008787982913037957	0	977	0.8783499999999992	0.9539406345957011	75.38493648370107
14	1400	976	1000	112.97375339471968	0.008773949880695332	0	976	0.8789999999999992	0.9600409836065574	75.48276776870092
15	1500	974	1000	113.45701911904156	0.008736904103364296	0	974	0.8796999999999993	0.9599589322381931	75.5843285481135
16	1600	973	1000	114.12012138390807	0.008686578749036862	0	973	0.8805999999999995	0.959917780061665	75.68280886411667
17	1700	971	1000	114.81385794379653	0.00863454527596595	0	971	0.8808499999999995	0.9618949536560247	75.78218498627345
18	1800	969	1000	119.17915295690824	0.008320910702029683	0	969	0.8813499999999995	0.9638802889576883	75.88351188500722
19	1900	967	1000	113.0126762356967	0.008770954537833275	0	967	0.8817499999999995	0.9627714581178903	75.98600140015284
20	2000	965	1000	113.38406065006188	0.00874247683039795	0	965	0.8818999999999995	0.9637305699481865	76.08643116553624
21	2100	965	1000	104.07747064099222	0.009516787888971947	0	965	0.8818999999999995	0.9699481865284975	76.18251493374507
22	2200	962	1000	97.32897720359357	0.01016994205003745	0	962	0.8828999999999998	0.9667359667359667	76.2776496330897
23	2300	959	1000	108.43985879403702	0.009137438690248807	0	959	0.8836499999999996	0.9708029197080292	76.37026116450627
24	2400	956	1000	101.99037181894809	0.009709645497328136	0	956	0.8840999999999994	0.9707112970711297	76.45794695218405
25	2500	955	1000	105.70898160046161	0.009371282388807599	0	955	0.8843999999999996	0.9759162303664921	76.54367489814759
26	2600	953	1000	103.17901523926137	0.009598862090444636	0	953	0.8847499999999995	0.9811122770199371	76.62576139767965
27	2700	954	1000	109.88968422044361	0.009017971392289709	0	954	0.8848999999999997	0.9790356394129979	76.70669963359833
28	2800	952	1000	111.29864137740391	0.00890482723329914	0	952	0.8850499999999994	0.9821428571428571	76.78816755215327
29	2900	952	1000	108.07266836900257	0.009168199650318546	0	952	0.8850499999999994	0.9863445378151261	76.86325440009435
30	3000	948	1000	110.70430296588634	0.008952206615580355	0	948	0.8858499999999996	0.9831223628691983	76.94436972935995
31	3100	946	1000	101.04835237202353	0.009799276291639071	0	946	0.8861999999999997	0.9809725158562368	77.02482273181279
32	3200	946	1000	94.86049613523119	0.01043182583354557	0	946	0.8862999999999998	0.9809725158562368	77.10401233434678
33	3300	945	1000	104.68945926616277	0.00946168148596212	0	945	0.8867999999999998	0.9777777777777777	77.19000355005264
34	3400	944	1000	99.0530886761368	0.009994693949298392	0	944	0.88765	0.9766949152542372	77.27348008553187
35	3500	944	1000	101.05540675400566	0.009798598935678145	0	944	0.8876999999999999	0.9766949152542372	77.35784718195598
36	3600	942	1000	97.99241527051007	0.010101784033325843	0	942	0.8879000000000001	0.9734607218683652	77.44385820229849
37	3700	940	1000	105.9047303257837	0.009354123030408282	0	940	0.8884000000000003	0.9723404255319149	77.53427286545435
38	3800	938	1000	107.08344704591474	0.0092521105435802	0	938	0.8889500000000002	0.9701492537313433	77.62389098008474
39	3900	936	1000	104.88190387816724	0.009444484499925953	0	936	0.8893000000000004	0.9668803418803419	77.7185386300087
40	4000	933	1000	104.513396367412	0.00947746953872913	0	933	0.8898500000000005	0.969989281886388	77.80946316719056
41	4100	930	1000	94.84435807357	0.010433582321375675	0	930	0.8906500000000005	0.9688172043010753	77.90134980281194
42	4200	929	1000	90.72358003459482	0.010902321950613312	0	929	0.8908000000000005	0.9720129171151776	77.98933378458023
43	4300	929	1000	99.0237315915233	0.009997627403902485	0	929	0.8909000000000007	0.9741657696447793	78.07472641468048
44	4400	928	1000	94.07652094506983	0.010517843838414606	0	928	0.8909500000000007	0.9762931034482759	78.15878070195517
45	4500	927	1000	96.00273687345141	0.01030898748047272	0	927	0.8910500000000007	0.9773462783171522	78.2426777323087
46	4600	928	1000	92.60671045695841	0.010682994788710293	0	928	0.8910000000000007	0.9752155172413793	78.32678734858831
47	4700	926	1000	100.69690608963535	0.009833140834379002	0	926	0.8916500000000007	0.9773218142548596	78.40984805027644
48	4800	924	1000	100.14841785251498	0.009886462104213088	0	924	0.8920000000000007	0.9772727272727273	78.4917273680369
49	4900	924	1000	100.18347876033457	0.009883036363758773	0	924	0.8920000000000007	0.9794372294372294	78.5710458000501
50	5000	924	1000	101.40233898256294	0.00976540194233532	0	924	0.8920000000000007	0.9816017316017316	78.64764678080877
51	5100	923	1000	91.99854614776068	0.010752856269507166	0	923	0.8924000000000007	0.980498374864572	78.72591066757838
52	5200	924	1000	86.83947487472604	0.011384403213090349	0	924	0.8925000000000008	0.9805194805194806	78.80098237991334
53	5300	921	1000	95.26319255738485	0.01038818652730508	0	921	0.8931000000000009	0.9793702497285559	78.879319079717
54	5400	920	1000	90.60821716495997	0.010916051321021657	0	920	0.8932500000000012	0.9760869565217392	78.95845701694489
55	5500	918	1000	92.29145732016033	0.010719095067495526	0	918	0.8934500000000012	0.9749455337690632	79.0395570675532
56	5600	919	1000	88.50419944342757	0.011172660123417612	0	919	0.8935500000000012	0.9771490750816104	79.12085063060125
57	5700	922	1000	96.17877439144084	0.01029031294397634	0	922	0.8937000000000013	0.9750542299349241	79.2022748152415
58	5800	923	1000	96.39766660547379	0.010267186420909591	0	923	0.8937000000000015	0.9750812567713976	79.28592351277669
59	5900	923	1000	96.66215079924397	0.010239381293738015	0	923	0.8943500000000018	0.9685807150595883	79.37626666625341
60	6000	922	1000	97.32658925991198	0.010170189035609137	0	922	0.8944000000000017	0.9674620390455532	79.46338678598404
61	6100	921	1000	88.29180650212153	0.011199235844514361	0	921	0.8945000000000018	0.9685124864277959	79.55353823502858
62	6200	918	1000	83.57030001470632	0.011824482115188256	0	918	0.8952000000000017	0.9673202614379085	79.64187756776809
63	6300	918	1000	91.79295566520963	0.01077668011360613	0	918	0.8952000000000017	0.9694989106753813	79.72708321412405
64	6400	917	1000	87.47862677845947	0.011302164561209653	0	917	0.8955000000000019	0.9716466739367503	79.81022616624833
65	6500	916	1000	89.47570518309654	0.011052690862992343	0	916	0.8957500000000018	0.9705240174672489	79.89772588411967
66	6600	917	1000	85.91825674924738	0.011505062772771947	0	917	0.8959000000000019	0.9683751363140676	79.98361233472824
67	6700	919	1000	93.27688535458734	0.010607053852477975	0	919	0.8959000000000019	0.970620239390642	80.06979828278223
68	6800	918	1000	93.59799127437641	0.010571048988762917	0	918	0.8965500000000018	0.9694989106753813	80.15933980147044
69	6900	920	1000	93.85991272165612	0.010541860848367661	0	920	0.8965500000000021	0.9695652173913043	80.2493253827095
70	7000	919	1000	94.85218307605074	0.010432730563962045	0	919	0.896950000000002	0.969532100108814	80.33989331324895
71	7100	920	1000	86.27542390633383	0.011457979294070516	0	920	0.897150000000002	0.9717391304347827	80.42845700184505
72	7200	917	1000	81.35306658855174	0.012142838651001908	0	917	0.8976000000000021	0.9727371864776445	80.51534881591797
73	7300	916	1000	88.84723325558	0.011130003270722803	0	916	0.8978000000000019	0.9705240174672489	80.60327429771424
74	7400	916	1000	84.40367812630382	0.011709097569791974	0	916	0.897950000000002	0.9694323144104804	80.6903515179952
75	7500	917	1000	86.12766420700848	0.01147741086716245	0	917	0.8981000000000021	0.9705561613958561	80.77775874932607
76	7600	917	1000	82.86815728275973	0.01192347647067672	0	917	0.8983000000000021	0.9738276990185387	80.86457586685816
77	7700	918	1000	89.67056222039486	0.011028937899042458	0	918	0.8989500000000026	0.9684095860566448	80.9568877975146
78	7800	918	1000	90.11833442419483	0.010974739675821688	0	918	0.8989500000000026	0.971677559912854	81.04590073426564
79	7900	919	1000	90.6626185197344	0.010909572693307973	0	919	0.899700000000003	0.9684439608269858	81.1415796995163
80	8000	919	1000	90.76498442607306	0.010897402819324964	0	919	0.9000500000000032	0.9651795429815017	81.23417053222656
81	8100	916	1000	81.57339571720728	0.012110438129791148	0	916	0.9004500000000034	0.9617903930131004	81.33105483452479
82	8200	913	1000	76.64169126769721	0.012879678220199326	0	913	0.9007500000000034	0.9627601314348302	81.42529146671295
83	8300	909	1000	84.35279450551025	0.011716078024082054	0	909	0.9014000000000036	0.9581958195819582	81.52619450092315
84	8400	908	1000	79.32954497918952	0.012448719836008829	0	908	0.9017000000000039	0.9537444933920705	81.62580369710922
85	8500	907	1000	81.13001037162046	0.012175817286217513	0	907	0.901900000000004	0.9514884233737596	81.72906891902288
86	8600	903	1000	77.7318023048269	0.012701347749265126	0	903	0.9024500000000042	0.9501661129568106	81.83631058136622
87	8700	903	1000	83.76794736375868	0.011796911817491238	0	903	0.9027000000000044	0.9512735326688815	81.94265818198522
88	8800	903	1000	84.11345495955818	0.011749023705771924	0	903	0.9027000000000044	0.9501661129568106	82.04939611752827
89	8900	900	1000	84.32907396061223	0.01171933496502726	0	900	0.9033500000000045	0.9555555555555556	82.15749905109405
90	9000	898	1000	84.41714963655075	0.011707250877077866	0	898	0.9039500000000049	0.9532293986636972	82.2748681863149
91	9100	896	1000	76.14976442829524	0.012961802377626478	0	896	0.904150000000005	0.9587053571428571	82.37829726537069
92	9200	893	1000	71.38367740741481	0.01381526935100927	0	893	0.9049000000000048	0.9518477043673013	82.485948352019
93	9300	893	1000	78.21790462048445	0.012623408871905663	0	893	0.9048500000000049	0.9552071668533034	82.59043013254801
94	9400	890	1000	73.83653926255758	0.013362456493232347	0	890	0.905150000000005	0.9561797752808989	82.69365890026093
95	9500	889	1000	75.65512821461078	0.013045441620034964	0	889	0.905300000000005	0.9595050618672666	82.79220286607742
96	9600	888	1000	72.29455002344382	0.01364357922492385	0	888	0.9054500000000052	0.9583333333333334	82.8916097164154
97	9700	886	1000	78.40057655483197	0.012594366985602757	0	886	0.9055500000000053	0.9616252821670429	82.9914426167806
98	9800	885	1000	77.90203147016116	0.012673944908226802	0	885	0.9062500000000056	0.9548022598870056	83.0971438328425
99	9900	884	1000	77.36383591302224	0.012760988386402142	0	884	0.9065000000000059	0.9524886877828054	83.2043240348498
100	10000	880	1000	76.78785678626375	0.012855476951212082	0	880	0.9071000000000059	0.9556818181818182	83.3145866672198
101	10100	878	1000	68.63779770123254	0.014360017591169467	0	878	0.9074000000000061	0.9476082004555809	84.22505496740341
102	10200	875	1000	64.15800482824712	0.015347308479379387	0	875	0.9079500000000066	0.9485714285714286	84.33528744777044
103	10300	871	1000	69.58811252259135	0.014166691306272787	0	871	0.9083500000000069	0.947187141216992	84.44804031451544
104	10400	869	1000	65.44554999572998	0.015049916812551984	0	869	0.908600000000007	0.9470655926352128	84.55738079945246
105	10500	867	1000	66.5526248475307	0.014803273777400136	0	867	0.9091000000000071	0.9423298731257209	84.67138731877009
106	10600	864	1000	63.19137450034308	0.015578417003590653	0	864	0.9092000000000071	0.9432870370370371	84.78137950102489
107	10700	862	1000	68.09725966645091	0.014472353966383623	0	862	0.9098000000000073	0.9419953596287703	84.89378763437271
108	10800	860	1000	67.77135644823106	0.01454093755956041	0	860	0.9100500000000075	0.9476744186046512	85.00727738142014
109	10900	860	1000	67.95695685938139	0.014501800043746462	0	860	0.9100500000000076	0.9511627906976744	85.11896891593933
110	11000	856	1000	68.19680469323795	0.014451534350945571	0	856	0.9103500000000077	0.9532710280373832	85.22757915258407
111	11100	855	1000	61.04709561620972	0.016116789836311877	0	855	0.9109000000000078	0.9555555555555556	85.33613758087158
112	11200	852	1000	56.93022146623723	0.01726214702256607	0	852	0.9120000000000078	0.9577464788732394	85.44046966632207
113	11300	849	1000	62.40935975879343	0.015770542453100906	0	849	0.9126000000000077	0.9587750294464076	85.54304693142574
114	11400	847	1000	58.68939511564997	0.016753394770754007	0	847	0.9127500000000077	0.9622195985832349	85.64035878181457
115	11500	846	1000	59.99778346596348	0.016394038326949963	0	846	0.9135500000000082	0.9598108747044918	85.74574066797892
116	11600	844	1000	57.06484255127949	0.017222125404316016	0	844	0.9138500000000082	0.9597156398104265	85.8481304804484
117	11700	842	1000	60.83346472483628	0.01617247237317329	0	842	0.9146500000000087	0.9536817102137767	85.95824775298436
118	11800	840	1000	60.61538887788862	0.016229711736167607	0	840	0.9151000000000086	0.9547619047619048	86.06329606771469
119	11900	836	1000	60.439931654716304	0.01627605977200395	0	836	0.9154000000000087	0.9545454545454546	86.17153633038203
120	12000	835	1000	60.48147584701131	0.016265061731575384	0	835	0.9156000000000085	0.9544910179640719	86.27659329970678
121	12100	834	1000	54.42077895537148	0.018043773812801638	0	834	0.9158500000000087	0.9580335731414868	86.3800623178482
122	12200	834	1000	51.213207747995675	0.019152242184131796	0	834	0.9161000000000088	0.9616306954436451	86.47872983217239
123	12300	834	1000	56.67613074107942	0.017338194971663678	0	834	0.9161000000000088	0.9664268585131894	86.57380994955699
124	12400	831	1000	53.827784387493075	0.01823892778399619	0	831	0.9163500000000087	0.9651022864019254	86.67379091580709
125	12500	830	1000	55.374563964388514	0.017738496401172952	0	830	0.9164500000000086	0.9734939759036144	86.76838775078456
126	12600	829	1000	52.74543660602697	0.018606230838356625	0	829	0.9166000000000086	0.9734620024125452	86.8621147831281
127	12700	829	1000	57.35599101028018	0.017136201145548823	0	829	0.9166000000000086	0.9831121833534379	86.94589903354645
128	12800	825	1000	57.44234567933582	0.017110880618769933	0	825	0.9170500000000088	0.9818181818181818	87.03491611480713
129	12900	823	1000	57.09127820180599	0.017214288116127408	0	823	0.9177500000000088	0.976913730255164	87.12969844738642
130	13000	823	1000	56.93118502391367	0.01726185990476814	0	823	0.9179500000000086	0.9781287970838396	87.22105051676432
131	13100	819	1000	51.57282036364316	0.019021235556377948	0	819	0.9183000000000084	0.9792429792429792	87.31005851427715
132	13200	817	1000	47.96286613771978	0.020423640993304206	0	817	0.9185000000000085	0.97796817625459	87.40044328371684
133	13300	815	1000	52.84398347362785	0.0185721771586567	0	815	0.9188000000000083	0.9742331288343559	87.4926745335261
134	13400	814	1000	49.7388163679852	0.019708776664151207	0	814	0.9191500000000086	0.9717444717444718	87.58419738213222
135	13500	814	1000	50.71022463918127	0.019338535211898725	0	814	0.9195000000000088	0.9705159705159705	87.68023719787598
136	13600	816	1000	48.57212933231177	0.020172625494789605	0	816	0.9195000000000089	0.9693627450980392	87.77455050150553
137	13700	815	1000	52.32048595866433	0.018754517743428494	0	815	0.9197500000000091	0.9656441717791411	87.87294334967932
138	13800	813	1000	52.167012634032496	0.018808655037351008	0	813	0.9206000000000087	0.9630996309963099	87.97635269959768
139	13900	807	1000	51.841086681474884	0.018924667579756298	0	807	0.9209500000000083	0.9690210656753407	88.07727295160294
140	14000	802	1000	51.676109418454345	0.018983938089582292	0	802	0.9211000000000082	0.970074812967581	88.17380053202311
141	14100	799	1000	46.48534267642543	0.021059129904867673	0	799	0.921550000000008	0.967459324155194	88.26895405054093
142	14200	797	1000	43.146237921352736	0.022651986830259846	0	797	0.922150000000008	0.9611041405269761	88.36991265217463
143	14300	794	1000	46.87069439833232	0.020889607150441445	0	794	0.922500000000008	0.9584382871536524	88.47257169882457
144	14400	792	1000	43.65937069231786	0.02239171722525003	0	792	0.922650000000008	0.9621212121212122	88.56997033357621
145	14500	791	1000	44.73168566280439	0.021866677020684247	0	791	0.9227000000000078	0.9595448798988622	88.67493076721827
146	14600	790	1000	42.57902299652506	0.022946820080838867	0	790	0.9227500000000078	0.9620253164556962	88.76806771357855
147	14700	789	1000	45.96848917930093	0.021290870059339724	0	789	0.9231500000000077	0.9632446134347274	88.8667841633161
148	14800	788	1000	46.193122615335504	0.021189528146947578	0	788	0.9231000000000078	0.9670050761421319	88.96199949979783
149	14900	783	1000	45.69549949887799	0.021415340037727364	0	783	0.9235000000000078	0.9655172413793104	89.06229834953943
150	15000	778	1000	45.67067791099229	0.021426729688973967	0	778	0.9239500000000076	0.9627249357326478	89.16305716832478
151	15100	775	1000	41.19272979580129	0.023700765625729023	0	775	0.9245500000000074	0.9587096774193549	89.26639218330384
152	15200	767	1000	37.65494707585394	0.025869909950663374	0	767	0.9254500000000073	0.9608865710560626	89.37196806669235
153	15300	762	1000	40.78570839064037	0.023931627307866608	0	762	0.9260500000000076	0.9606299212598425	89.4718787153562
154	15400	762	1000	38.25724183640392	0.02547300709935976	0	762	0.9263000000000076	0.9619422572178478	89.56789628664653
155	15500	759	1000	39.04639939872951	0.024971033975946546	0	759	0.9268500000000076	0.9617918313570487	89.66850440104803
156	15600	755	1000	37.234262186197725	0.026154552038433015	0	755	0.9270500000000075	0.9602649006622517	89.76734986702601
157	15700	747	1000	39.76845008845402	0.02452877158269033	0	747	0.9279000000000075	0.9544846050870147	89.87172381877899
158	15800	746	1000	39.08983175553156	0.02494398096001041	0	746	0.9286000000000075	0.9490616621983914	89.97579938570658
159	15900	742	1000	38.53916579279934	0.025291378306775372	0	742	0.9289500000000077	0.9501347708894878	90.0803281823794
160	16000	739	1000	38.49256522730032	0.025321221709566806	0	739	0.9291500000000075	0.952638700947226	90.19385695060095
161	16100	736	1000	34.65593933998301	0.028045818410921623	0	736	0.9293500000000076	0.9565217391304348	90.2983642021815
162	16200	732	1000	31.75962564404306	0.030525379345469963	0	732	0.9297500000000075	0.9521857923497268	90.40443230072657
163	16300	730	1000	34.886659008564116	0.027865508454307672	0	730	0.9299500000000073	0.9561643835616438	90.5047323346138
164	16400	729	1000	32.523247423938855	0.029830045620398423	0	729	0.9305500000000075	0.9519890260631001	90.60788075129192
165	16500	727	1000	32.95350381295504	0.029452041400759577	0	727	0.9309500000000079	0.953232462173315	90.71292548179626
166	16600	726	1000	31.12524365107958	0.031128168578618536	0	726	0.931200000000008	0.953168044077135	90.81610496838887
167	16700	725	1000	33.51872432905958	0.028969784354346786	0	725	0.9314000000000079	0.9586206896551724	90.91727403402328
168	16800	722	1000	33.02256945900764	0.029392253903834566	0	722	0.9315000000000082	0.9598337950138505	91.01891401608785
169	16900	718	1000	32.57437398120953	0.02978462087065769	0	718	0.931650000000008	0.9610027855153204	91.11588755051295
170	17000	714	1000	32.238802370736416	0.030085319827299322	0	714	0.932050000000008	0.957983193277311	91.21352374951044
171	17100	713	1000	28.81648202837027	0.033538497232789025	0	713	0.9321500000000082	0.9607293127629734	91.31050771474838
172	17200	712	1000	26.547136909679494	0.03630141322050135	0	712	0.9324000000000084	0.9662921348314607	91.40296241839727
173	17300	710	1000	28.85372482457626	0.03349665764912449	0	710	0.9327000000000084	0.9633802816901409	91.49870460033416
174	17400	710	1000	26.71407578784974	0.03608274754153681	0	710	0.9327000000000082	0.9704225352112676	91.58656181494395
175	17500	708	1000	27.607838962010845	0.034955454039290706	0	708	0.9327500000000079	0.9745762711864406	91.67454343239466
176	17600	704	1000	26.44651938176831	0.03643449233363493	0	704	0.9329500000000078	0.9772727272727273	91.75960193077724
177	17700	704	1000	28.391876526479685	0.03402300629220055	0	704	0.9332000000000079	0.9744318181818182	91.84934964974721
178	17800	704	1000	28.019491572169343	0.034459597526478834	0	704	0.933400000000008	0.9772727272727273	91.93773765166601
179	17900	698	1000	27.50692399648126	0.035079196904002505	0	698	0.934100000000008	0.9713467048710601	92.02999248504639
180	18000	698	1000	27.23225729676892	0.03542047628315028	0	698	0.934100000000008	0.9727793696275072	92.11739563544592
181	18100	695	1000	24.73205562800928	0.03886203319533875	0	695	0.9343000000000081	0.9741007194244604	92.20431611537933
182	18200	695	1000	22.620662582198324	0.04233581494676819	0	695	0.9344500000000082	0.9755395683453237	92.29128400087356
183	18300	696	1000	24.86889209401956	0.03865646802211459	0	696	0.9352000000000081	0.9698275862068966	92.38361320098241
184	18400	695	1000	23.165565501124235	0.041381195898497716	0	695	0.935500000000008	0.9669064748201439	92.47314343055089
185	18500	692	1000	23.753008612972565	0.040399129481008614	0	692	0.9358000000000081	0.9624277456647399	92.56429044802984
186	18600	692	1000	22.249558372279743	0.043011569681783365	0	692	0.9359000000000081	0.9609826589595376	92.65393995046615
187	18700	692	1000	23.579184005656618	0.04068483314050871	0	692	0.9361000000000081	0.958092485549133	92.75225464900335
188	18800	689	1000	23.412612452355365	0.04096243292075521	0	689	0.9364500000000082	0.9564586357039188	92.85088353157043
189	18900	682	1000	22.537492484098614	0.04248540921151974	0	682	0.9367000000000083	0.9560117302052786	92.95026956796646
190	19000	680	1000	21.86578628741042	0.043733462188028316	0	680	0.9367000000000083	0.9544117647058824	93.04757055044175
191	19100	677	1000	19.475826392621705	0.04883807768366027	0	677	0.936950000000008	0.9542097488921714	93.14451386928559
192	19200	677	1000	17.511673005152602	0.05401996889863259	0	677	0.936950000000008	0.9542097488921714	93.2403969168663
193	19300	675	1000	19.430853885311635	0.04894558032735629	0	675	0.9371000000000081	0.9614814814814815	93.33380263249079
194	19400	669	1000	17.610128992226716	0.05373417886666401	0	669	0.9377000000000077	0.9626307922272048	93.42606605291367
195	19500	668	1000	17.416978388179476	0.05429772348768284	0	668	0.9380500000000079	0.9640718562874252	93.51722500324249
196	19600	669	1000	16.262358548875152	0.057929511611561436	0	669	0.9380500000000082	0.9611360239162929	93.60866370201111
197	19700	669	1000	17.677437035761926	0.05354053653535479	0	669	0.9380500000000083	0.9671150971599403	93.69852819840114
198	19800	667	1000	17.358269776088083	0.054471364251467466	0	667	0.9386000000000083	0.9655172413793104	93.7913634856542
199	19900	664	1000	17.291395519697282	0.054670514282146455	0	664	0.9388500000000082	0.9713855421686747	93.88092948198319
200	20000	662	1000	17.410108423670227	0.05431798536907479	0	662	0.9389000000000082	0.974320241691843	93.96717588504156
201	20100	659	1000	15.382748229878942	0.06103981981339338	0	659	0.9391500000000079	0.9696509863429439	95.00794196923574
202	20200	658	1000	14.217975275055636	0.06571176401102045	0	658	0.9392500000000077	0.9726443768996961	95.09675953388214
203	20300	654	1000	15.263338028481424	0.061487992086786514	0	654	0.9394500000000078	0.9709480122324159	95.18386668364207
204	20400	651	1000	13.93574224259258	0.06695348538811002	0	651	0.9398000000000077	0.9723502304147466	95.26957918008169
205	20500	650	1000	14.034094752109912	0.06651547808421643	0	650	0.9400500000000076	0.9723076923076923	95.35591493447622
206	20600	648	1000	13.408193303777827	0.06940495445308886	0	648	0.9405000000000076	0.9753086419753086	95.44024269978205
207	20700	646	1000	14.226043166347267	0.0656769450260202	0	646	0.9405500000000073	0.978328173374613	95.52463243405025
208	20800	645	1000	14.113436677730757	0.06616628774271263	0	645	0.9406000000000072	0.9813953488372092	95.60803184906642
209	20900	643	1000	13.658429079492231	0.06822013427066634	0	643	0.9408000000000073	0.9751166407465007	95.6942431529363
210	21000	643	1000	13.266993550213822	0.07009185197150473	0	643	0.9408000000000072	0.973561430793157	95.77927128076553
211	21100	639	1000	11.93625909863663	0.07730210042757968	0	639	0.9410500000000073	0.974960876369327	95.86531821489334
212	21200	638	1000	10.677469805079689	0.08563498914508012	0	638	0.9411500000000074	0.9717868338557993	95.95057026545207
213	21300	637	1000	11.73362292165793	0.0785322453909919	0	637	0.9414000000000073	0.9748822605965463	96.03468161424001
214	21400	637	1000	11.04092681680779	0.08305008536420233	0	637	0.9414500000000076	0.9748822605965463	96.1232881029447
215	21500	637	1000	11.3465222224524	0.0809944680763203	0	637	0.9415000000000076	0.9701726844583988	96.22064288457234
216	21600	636	1000	10.183596957056357	0.08941667013214778	0	636	0.9418000000000079	0.9654088050314465	96.30786570310593
217	21700	634	1000	10.611120389796872	0.08612433309008988	0	634	0.9419500000000078	0.9652996845425867	96.39616521596909
218	21800	632	1000	10.618135369977145	0.08607233158809091	0	632	0.9422500000000078	0.9667721518987342	96.48755453427633
219	21900	627	1000	10.300022876515479	0.08849539606492939	0	627	0.942500000000008	0.9681020733652312	96.57951186498006
220	22000	628	1000	10.390929895225794	0.08778914532861128	0	628	0.9425000000000081	0.964968152866242	96.67067889769872
221	22100	628	1000	9.087470188085065	0.09913288280952362	0	628	0.942550000000008	0.9665605095541401	96.76020653247834
222	22200	625	1000	7.976276025350863	0.11140477378099703	0	625	0.9428500000000084	0.9632	96.85338828166326
223	22300	624	1000	8.715293775849107	0.10293049526570812	0	624	0.9429000000000084	0.9567307692307693	96.9454655011495
224	22400	622	1000	7.722556105570922	0.11464529295045979	0	622	0.9431500000000084	0.9565916398713826	97.03947461843491
225	22500	621	1000	7.931561116577329	0.11196250990702629	0	621	0.9433500000000085	0.9629629629629629	97.12988468408585
226	22600	619	1000	7.253780587222661	0.12115660083671947	0	619	0.9434500000000084	0.9693053311793215	97.21792421738307
227	22700	616	1000	7.522222793921974	0.11734027896022589	0	616	0.9435500000000085	0.9642857142857143	97.31001979907354
228	22800	612	1000	7.459521817319564	0.11820999124946455	0	612	0.9438500000000087	0.9624183006535948	97.40281285047531
229	22900	611	1000	7.100729390306514	0.12344567406443906	0	611	0.9439500000000088	0.967266775777414	97.4921218832334
230	23000	609	1000	6.667564584696768	0.1304195079094397	0	609	0.9440000000000087	0.9688013136288999	97.58123661677043
231	23100	606	1000	5.454285500815763	0.1549358174306992	0	606	0.9440000000000088	0.9686468646864687	97.66812436978022
232	23200	606	1000	4.658524651292294	0.17672451064989528	0	606	0.9443500000000091	0.9702970297029703	97.75606033404668
233	23300	605	1000	5.408451470992056	0.15604393737340663	0	605	0.9443500000000091	0.9752066115702479	97.84212601582209
234	23400	605	1000	5.131950061659791	0.1630802583100817	0	605	0.9445500000000091	0.9735537190082645	97.92498559951783
235	23500	602	1000	5.126051788055853	0.16323727493615545	0	602	0.9446000000000092	0.9717607973421927	98.01278393665949
236	23600	602	1000	4.63229858521819	0.17754740535675292	0	602	0.944600000000009	0.96843853820598	98.09750678539277
237	23700	600	1000	4.67035853508544	0.17635569141042545	0	600	0.9447500000000089	0.9733333333333334	98.18230500221253
238	23800	600	1000	4.608701235668515	0.17829439615012896	0	600	0.9448000000000089	0.97	98.26927641630172
239	23900	599	1000	3.706473714212865	0.21247329969784928	0	599	0.9452000000000094	0.9632721202003339	98.36212361653646
240	24000	597	1000	3.2824370879677978	0.23351189508648293	0	597	0.945400000000009	0.9597989949748744	98.4559843301773
241	24100	594	1000	2.555108716374871	0.28128535011995237	0	594	0.9457000000000091	0.9528619528619529	98.54810733000437
242	24200	592	1000	2.064137450084512	0.32635611694652245	0	592	0.9458000000000091	0.9527027027027027	98.63931666612625
243	24300	592	1000	2.6357317582162514	0.27504779408990726	0	592	0.9459000000000092	0.9459459459459459	98.73168641726176
244	24400	590	1000	2.175066724031085	0.3149540110232372	0	590	0.9459000000000091	0.9491525423728814	98.82208410104116
245	24500	588	1000	1.8332722792264355	0.35294878199035234	0	588	0.9463500000000091	0.9472789115646258	98.9153223156929
246	24600	586	1000	1.5630122486238736	0.3901659075320134	0	586	0.9465000000000091	0.947098976109215	99.0065962990125
247	24700	586	1000	2.1177208629233486	0.32074712393024957	0	586	0.9465000000000091	0.947098976109215	99.09650164842606
248	24800	586	1000	2.2547560278898366	0.30724269082876	0	586	0.9465000000000091	0.9539249146757679	99.18740726312002
249	24900	586	1000	2.069981899570694	0.3257348195244539	0	586	0.9466000000000092	0.9556313993174061	99.27723254760106
250	25000	584	1000	1.3889508937658033	0.41859378633926553	0	584	0.9468500000000093	0.958904109589041	99.36541093587876
251	25100	583	1000	1.3155431703731488	0.43186411412871667	0	583	0.9468500000000094	0.9656946826758147	99.45097489754359
252	25200	577	1000	1.0639780574542814	0.4845012748020218	0	577	0.9470500000000094	0.9688041594454073	99.53496306737264
253	25300	578	1000	0.9544477733362164	0.5116534775922987	0	578	0.9470500000000095	0.972318339100346	99.61749169826507
254	25400	577	1000	0.9077269303672093	0.524184034980056	0	577	0.9473000000000096	0.9688041594454073	99.69827768007914
255	25500	578	1000	0.8994793636701189	0.5264600495937103	0	578	0.9474500000000098	0.967128027681661	99.78431346813838
256	25600	580	1000	1.0097381747399141	0.49757725288241234	0	580	0.9475000000000099	0.9637931034482758	99.86900228261948
257	25700	576	1000	0.8876487943447651	0.529759562793627	0	576	0.9476000000000094	0.9618055555555556	99.95524611870448
258	25800	576	1000	0.9722602814286945	0.507032468998263	0	576	0.9476000000000093	0.9600694444444444	100.04141904910405
259	25900	575	1000	0.979494297431463	0.505179530599089	0	575	0.9476000000000094	0.9652173913043478	100.1282317996025
260	26000	575	1000	0.8828511531705793	0.5311094285472728	0	575	0.9480000000000093	0.9634782608695652	100.21686576604843
261	26100	575	1000	0.869210890982306	0.5349851131428413	0	575	0.9480000000000093	0.9652173913043478	100.30366161664327
262	26200	574	1000	0.8190699160397428	0.5497314815568376	0	574	0.9481000000000094	0.9634146341463414	100.39428326686223
263	26300	570	1000	0.8150430120340258	0.5509511308381343	0	570	0.9481000000000093	0.9666666666666667	100.48161273399988
264	26400	573	1000	0.8529935584853858	0.5396672834725814	0	573	0.9482000000000093	0.9546247818499127	100.57115076382955
265	26500	572	1000	0.7840367894579244	0.5605265574729812	0	572	0.948200000000009	0.9597902097902098	100.6597112496694
266	26600	570	1000	0.82515774447396	0.5478978477491633	0	570	0.948200000000009	0.9596491228070175	100.74828457037607
267	26700	570	1000	0.8497945944655954	0.5406005634311519	0	570	0.9482000000000089	0.9596491228070175	100.83427749872207
268	26800	573	1000	0.939819522142729	0.5155118755044787	0	573	0.9486500000000093	0.9493891797556719	100.92996615171432
269	26900	572	1000	1.113218026958923	0.4732119389683013	0	572	0.9487500000000092	0.9458041958041958	101.02285904884339
270	27000	574	1000	0.8823024637244904	0.5312642464597912	0	574	0.9488000000000093	0.945993031358885	101.11794289747874
271	27100	572	1000	0.7736713398174524	0.5638023108063079	0	572	0.9488000000000093	0.9423076923076923	101.21112364927927
272	27200	572	1000	0.7875724382167169	0.5594178890997002	0	572	0.9488000000000094	0.9440559440559441	101.30387928088506
273	27300	572	1000	0.8968533160388404	0.5271888930706984	0	572	0.9488000000000094	0.9458041958041958	101.39440388282141
274	27400	572	1000	1.2012521149368731	0.45428690026661384	0	572	0.9488000000000095	0.958041958041958	101.48405543168386
275	27500	574	1000	1.0425788263883429	0.489577188934336	0	574	0.9488000000000096	0.9547038327526133	101.57529873450598
276	27600	573	1000	1.016015249810863	0.4960279938823961	0	573	0.9489000000000098	0.956369982547993	101.66523963212967
277	27700	570	1000	1.0881848505614569	0.4788848074111479	0	570	0.9490500000000098	0.9526315789473684	101.75734945138295
278	27800	570	1000	0.8600302683657958	0.537625659650469	0	570	0.9490500000000095	0.956140350877193	101.85280233224233
279	27900	569	1000	0.7915281603899516	0.5581826856588935	0	569	0.9490500000000093	0.9560632688927944	101.94229371547699
280	28000	569	1000	0.6587644983206343	0.6028583328208553	0	569	0.9490500000000092	0.9543057996485061	102.03321931759517
281	28100	570	1000	0.6281147861571285	0.6142073080487893	0	570	0.9490500000000093	0.9508771929824561	102.12608481645584
282	28200	569	1000	0.6385343882695698	0.6103015030743933	0	569	0.9490500000000092	0.9543057996485061	102.21637603441874
283	28300	565	1000	0.649394006094954	0.6062832751330073	0	565	0.9490500000000088	0.9539823008849557	102.30450108448665
284	28400	563	1000	0.7434543931686733	0.573573936845306	0	563	0.9491000000000088	0.955595026642984	102.39264684915543
285	28500	563	1000	0.6696022019455032	0.5989450653782982	0	563	0.9491000000000089	0.955595026642984	102.48446200291316
286	28600	562	1000	0.6140511015468568	0.6195590703674938	0	562	0.949100000000009	0.9608540925266904	102.57110081513723
287	28700	565	1000	0.5939108709436797	0.6273876527411769	0	565	0.9491000000000092	0.95929203539823	102.66161153316497
288	28800	564	1000	0.6389036544764684	0.6101639942461659	0	564	0.9491000000000092	0.9663120567375887	102.74980368614197
289	28900	565	1000	0.6247844303150321	0.6154662620727529	0	565	0.949150000000009	0.9575221238938053	102.84256721735001
290	29000	562	1000	0.5888256529496493	0.6293956785903497	0	562	0.9492000000000091	0.9608540925266904	102.93236170212428
291	29100	562	1000	0.5754649686618815	0.6347332501143128	0	562	0.949200000000009	0.9661921708185054	103.01812178293864
292	29200	561	1000	0.6180547303873848	0.6180260662509148	0	561	0.949200000000009	0.964349376114082	103.10467213392258
293	29300	564	1000	0.5933889784483933	0.6275931448790223	0	564	0.9492000000000093	0.9539007092198581	103.20673071543375
294	29400	562	1000	0.5859557326991534	0.6305346229923393	0	562	0.9492000000000094	0.9555160142348754	103.30162655115127
295	29500	562	1000	0.5832450345766231	0.6316141709974861	0	562	0.9492500000000094	0.9519572953736655	103.40406351486841
296	29600	562	1000	0.5792201567883224	0.6332239337887575	0	562	0.9493000000000094	0.9501779359430605	103.50142496824265
297	29700	562	1000	0.6655446822122266	0.6004041864981791	0	562	0.9493000000000092	0.9519572953736655	103.60472985108693
298	29800	564	1000	0.7196231971131885	0.5815227438654855	0	564	0.9493000000000094	0.9485815602836879	103.70648990074794
299	29900	562	1000	0.7519830335636478	0.5707817831808192	0	562	0.9493000000000094	0.9572953736654805	103.8066884358724
300	30000	562	1000	0.71314371137141	0.5837221905916332	0	562	0.9493000000000094	0.9537366548042705	103.91134176651637
301	30100	562	1000	0.8122667629238057	0.5517951443233767	0	562	0.9493000000000094	0.9501779359430605	105.10155228376388
302	30200	561	1000	0.721194626616458	0.5809918207598697	0	561	0.9493000000000095	0.9429590017825312	105.21192574898402
303	30300	563	1000	0.6682957475176554	0.5994141035772298	0	563	0.9493000000000094	0.9449378330373002	105.32386031548182
304	30400	562	1000	0.5782147942058394	0.6336273133868333	0	562	0.9493500000000095	0.9448398576512456	105.42885154883066
305	30500	560	1000	0.6530259042903629	0.6049511973191344	0	560	0.9493500000000095	0.9464285714285714	105.55106855233511
306	30600	560	1000	0.568702818366482	0.6374693716948362	0	560	0.9493500000000096	0.9446428571428571	105.65901666879654
307	30700	561	1000	0.600917471223715	0.6246418181916751	0	561	0.9493500000000098	0.9393939393939394	105.77030774752299
308	30800	559	1000	0.6605129911753631	0.6022235329168781	0	559	0.9493500000000097	0.9463327370304114	105.88091204961141
309	30900	559	1000	0.5348751084241113	0.6515188073032998	0	559	0.9493500000000097	0.9463327370304114	105.98539068301518
310	31000	556	1000	0.5122872006722441	0.6612500585573154	0	556	0.9493500000000097	0.9568345323741008	106.09332604805628
311	31100	557	1000	0.5038886664629402	0.6649428393871353	0	557	0.9493500000000097	0.9551166965888689	106.1999673485756
312	31200	557	1000	0.5305365381946996	0.6533656499174605	0	557	0.9493500000000097	0.9640933572710951	106.3053214152654
313	31300	555	1000	0.5400585409278549	0.6493259661399103	0	555	0.9493500000000096	0.9675675675675676	106.41613624890645
314	31400	555	1000	0.48986674983791384	0.6712009648572883	0	555	0.9494500000000096	0.9603603603603603	106.5350759824117
315	31500	555	1000	0.5344609965456223	0.6516946356089856	0	555	0.9494500000000096	0.9621621621621622	106.65461660226187
316	31600	556	1000	0.5014632331109197	0.6660169746068805	0	556	0.9494500000000096	0.9640287769784173	106.76549911896387
317	31700	555	1000	0.5072544975881238	0.6634579638675343	0	555	0.9494500000000096	0.9711711711711711	106.87413125038147
318	31800	555	1000	0.48540185787885315	0.673218492824558	0	555	0.9494500000000097	0.9675675675675676	106.98473103046418
319	31900	555	1000	0.48686984251700044	0.6725538250928419	0	555	0.9494500000000098	0.9657657657657658	107.09635718266169
320	32000	554	1000	0.5688995885521766	0.6373894207741028	0	554	0.9494500000000097	0.9602888086642599	107.20970315138499
321	32100	555	1000	0.698309788948309	0.5888207242915661	0	555	0.9494500000000097	0.963963963963964	107.3173891822497
322	32200	559	1000	0.6703440677078762	0.5986790502224171	0	559	0.9494500000000098	0.9552772808586762	107.43169361750284
323	32300	559	1000	0.9410857648079716	0.5151755878746184	0	559	0.9494500000000098	0.9570661896243292	107.55158516963323
324	32400	559	1000	0.8383905362602829	0.5439540621408084	0	559	0.9494500000000097	0.962432915921288	107.6730801820755
325	32500	560	1000	1.1288539866782865	0.46973630237568775	0	560	0.9494500000000098	0.9607142857142857	107.78182419935862
326	32600	560	1000	0.937371927994701	0.516163151509613	0	560	0.9494500000000099	0.9607142857142857	107.88445158402125
327	32700	561	1000	0.6047966490969234	0.6231319093062263	0	561	0.94945000000001	0.9500891265597148	108.00122883319855
328	32800	562	1000	0.48901482027583	0.6715849878611394	0	562	0.9494500000000102	0.9519572953736655	108.13144511381785
329	32900	562	1000	0.4870235605325298	0.6724843012183895	0	562	0.9494500000000103	0.9501779359430605	108.2722129980723
330	33000	563	1000	0.4902513913730215	0.6710277244422932	0	563	0.9494500000000103	0.9520426287744227	108.40232773621877
331	33100	559	1000	0.47595649750159447	0.6775267439743221	0	559	0.9494500000000101	0.9534883720930233	108.52581233183543
332	33200	559	1000	0.46042172854458896	0.6847337179764978	0	559	0.94945000000001	0.962432915921288	108.64344721635183
333	33300	558	1000	0.4658651892635425	0.6821909731701894	0	558	0.9494500000000101	0.956989247311828	108.77248580058416
334	33400	558	1000	0.5706869143921529	0.6366641186330851	0	558	0.9494500000000102	0.9551971326164874	108.90408664941788
335	33500	556	1000	0.45265113864487283	0.688396527835902	0	556	0.9494500000000102	0.9586330935251799	109.02876751820246
336	33600	557	1000	0.4955342418754843	0.6686573747358293	0	557	0.9494500000000101	0.9551166965888689	109.15374028285345
337	33700	555	1000	0.5018632021252204	0.66583960415632	0	555	0.94945000000001	0.963963963963964	109.27152978181839
338	33800	555	1000	0.4685378082297727	0.6809494412714068	0	555	0.94945000000001	0.963963963963964	109.3934058825175
339	33900	555	1000	0.4574687041244439	0.686121079080554	0	555	0.94945000000001	0.9693693693693693	109.50624066591263
340	34000	555	1000	0.46814152860933517	0.6811332426153955	0	555	0.9494500000000098	0.9693693693693693	109.6256506005923
341	34100	552	1000	0.46303715762254627	0.6835096393758122	0	552	0.9494500000000098	0.967391304347826	109.74730474948883
342	34200	552	1000	0.46721015172577474	0.6815656222278528	0	552	0.9494000000000099	0.9655797101449275	109.88841660022736
343	34300	554	1000	0.4839053974732052	0.6738974072759627	0	554	0.9494000000000098	0.9711191335740073	110.05027676423391
344	34400	553	1000	0.5137011039229146	0.6606324045139398	0	553	0.9494000000000098	0.9710669077757685	110.22333043416342
345	34500	552	1000	0.5481237666123723	0.6459431872092598	0	552	0.9494000000000098	0.9692028985507246	110.39933631420135
346	34600	553	1000	0.49307139602729894	0.6697603360835641	0	553	0.9494000000000099	0.969258589511754	110.57871580123901
347	34700	553	1000	0.47779973193565417	0.6766816764069772	0	553	0.9494000000000099	0.9638336347197106	110.74438914855321
348	34800	548	1000	0.7597473672293446	0.568263387473886	0	548	0.9494000000000095	0.9598540145985401	110.89597347974777
349	34900	551	1000	1.205203706556005	0.4534728456273812	0	551	0.9494000000000097	0.9528130671506352	111.02664570013683
350	35000	550	1000	1.2077777143206898	0.45294414990853804	0	550	0.9494000000000096	0.9527272727272728	111.14331103563309
351	35100	550	1000	1.0987844645885294	0.4764662674383059	0	550	0.9494000000000095	0.9563636363636364	111.25394708315531
352	35200	549	1000	1.0180233925426196	0.49553439454437864	0	549	0.9495000000000094	0.9581056466302368	111.36351070006688
353	35300	549	1000	0.9081620257612028	0.5240645115558678	0	549	0.9495000000000096	0.9581056466302368	111.47879963318506
354	35400	548	1000	0.6749765996053837	0.5970232660179224	0	548	0.9495000000000096	0.9635036496350365	111.59599376519522
355	35500	547	1000	0.6444443561239798	0.6081081407686177	0	547	0.9495000000000097	0.9616087751371115	111.7176591515541
356	35600	545	1000	0.6926669789760707	0.5907836641351157	0	545	0.9495000000000096	0.963302752293578	111.8432768146197
357	35700	546	1000	0.5471328311947142	0.6463569125010347	0	546	0.9495000000000098	0.9615384615384616	111.9710003654162
358	35800	547	1000	0.5079139653325571	0.6631678086351955	0	547	0.9495000000000099	0.9634369287020109	112.09891825119654
359	35900	547	1000	0.3878823041869041	0.720522191963427	0	547	0.9495000000000097	0.9670932358318098	112.2321426153183
360	36000	546	1000	0.6039781580322039	0.6234498861423539	0	546	0.9495000000000097	0.9652014652014652	112.36361423333486
361	36100	547	1000	0.48351659847235073	0.6740740218409075	0	547	0.9495000000000096	0.9616087751371115	112.49968768358231
362	36200	546	1000	0.4959712757932905	0.6684620327818229	0	546	0.9495000000000097	0.9633699633699634	112.64207837979
363	36300	545	1000	0.5437591046299372	0.6477694589789742	0	545	0.9495000000000094	0.963302752293578	112.78187454938889
364	36400	545	1000	0.7036383824731581	0.5869790269389845	0	545	0.9495000000000096	0.9614678899082569	112.94033266703288
365	36500	546	1000	0.37714202649032175	0.726141516825627	0	546	0.9495000000000096	0.9578754578754579	113.09246901671092
366	36600	548	1000	0.4836918863343008	0.6739943846903824	0	548	0.9495500000000098	0.9562043795620438	113.24950381517411
367	36700	547	1000	0.5230496509992281	0.6565774131814609	0	547	0.9495500000000096	0.9634369287020109	113.42220186789831
368	36800	546	1000	0.6854356185507241	0.5933184210618986	0	546	0.9495500000000096	0.9652014652014652	113.56445908546448
369	36900	549	1000	0.646337895497032	0.6074087237711906	0	549	0.9495500000000096	0.9617486338797814	113.70692056814829
370	37000	550	1000	0.5123156640099552	0.6612376131504628	0	550	0.9495500000000097	0.9654545454545455	113.83109185298284
371	37100	552	1000	0.47935939315905357	0.6759682634417726	0	552	0.9495500000000098	0.9619565217391305	113.94813341697058
372	37200	556	1000	0.7144717282998062	0.583270043765418	0	556	0.9495500000000102	0.947841726618705	114.06995879809061
373	37300	556	1000	0.9333758445067989	0.5172300061786995	0	556	0.9495500000000103	0.9496402877697842	114.19598093430201
374	37400	556	1000	0.9993669991237795	0.5001583003211761	0	556	0.9495500000000103	0.9550359712230215	114.32014055252075
375	37500	555	1000	0.7451924341667956	0.5730027132952982	0	555	0.9496000000000103	0.9603603603603603	114.44751685063044
376	37600	556	1000	0.5973945718674628	0.6260194053563937	0	556	0.9496000000000104	0.9640287769784173	114.5714552005132
377	37700	555	1000	0.6949115997773054	0.5900012721202629	0	555	0.9495500000000103	0.9621621621621622	114.69459245204925
378	37800	556	1000	0.7361689732717118	0.5759808033636017	0	556	0.9495500000000103	0.9568345323741008	114.83258063395819
379	37900	557	1000	0.8940744440678873	0.527962352869462	0	557	0.9495500000000103	0.9622980251346499	114.96886299848556
380	38000	552	1000	0.918239718418425	0.5213112784592391	0	552	0.9495500000000102	0.967391304347826	115.10873691638311
381	38100	552	1000	0.49082421899952566	0.6707698917522873	0	552	0.9495500000000102	0.9728260869565217	115.23704818089803
382	38200	552	1000	0.5536990210562805	0.6436253009415884	0	552	0.9495500000000101	0.9818840579710145	115.37213470141093
383	38300	553	1000	0.4708501195878275	0.6798789262635593	0	553	0.94960000000001	0.976491862567812	115.52542783419291
384	38400	551	1000	0.37326840074744155	0.728189769352969	0	551	0.9496000000000098	0.9764065335753176	115.65761253436406
385	38500	553	1000	0.3908709465573389	0.7189739655394943	0	553	0.9496000000000099	0.9746835443037974	115.78533389965693
386	38600	553	1000	0.36189338974645807	0.7342718655725091	0	553	0.94960000000001	0.976491862567812	115.90624253352483
387	38700	553	1000	0.40114650398130863	0.7137012419176261	0	553	0.9496000000000101	0.9746835443037974	116.03061099847157
388	38800	551	1000	0.4174835555098049	0.7054755563921481	0	551	0.9496000000000102	0.9800362976406534	116.15854261716207
389	38900	550	1000	0.39150320141071193	0.7186472866078898	0	550	0.9496000000000101	0.9818181818181818	116.28078389962515
390	39000	549	1000	0.385982372505344	0.7215098978440609	0	549	0.9496000000000102	0.9817850637522769	116.4115130662918
391	39100	548	1000	0.38988164722034346	0.7194857216799165	0	548	0.9496000000000101	0.9854014598540146	116.54451198180517
392	39200	545	1000	0.36468229712263817	0.7327712846487773	0	545	0.9496000000000101	0.9834862385321101	116.68535318374634
393	39300	545	1000	0.379922134684561	0.7246785705257144	0	545	0.9496000000000099	0.9889908256880734	116.83259913126628
394	39400	547	1000	0.3898762638754741	0.7194885084314203	0	547	0.9496000000000101	0.9817184643510055	116.99368335008622
395	39500	545	1000	0.4040717612607085	0.712214309546476	0	545	0.9496000000000099	0.9871559633027523	117.12361541986465
396	39600	546	1000	0.43266231272335837	0.6980011905939597	0	546	0.9496000000000098	0.9853479853479854	117.24226809740067
397	39700	546	1000	0.6202728190405424	0.6171800132968706	0	546	0.9496000000000098	0.9798534798534798	117.37387714783351
398	39800	550	1000	0.6860001326713098	0.5931197635290771	0	550	0.9496000000000097	0.9727272727272728	117.49461965163549
399	39900	549	1000	0.8578547780708319	0.5382552026151284	0	549	0.9496000000000097	0.970856102003643	117.60491569836934
400	40000	548	1000	0.8718132963304912	0.5342413166742662	0	548	0.9496000000000098	0.968978102189781	117.70664828618368
401	40100	549	1000	0.8774718345641064	0.532631159408136	0	549	0.9496000000000097	0.9672131147540983	117.81476444800695
402	40200	548	1000	0.9051631767118697	0.5248894227138616	0	548	0.9496000000000095	0.9708029197080292	117.92736923297247
403	40300	546	1000	0.6676610942819964	0.5996422195305487	0	546	0.9496000000000094	0.9725274725274725	118.04680543343225
404	40400	546	1000	0.4849122036579261	0.6734404886272767	0	546	0.9496000000000094	0.978021978021978	118.16803708473842
405	40500	549	1000	0.3595699645446394	0.7355266930561606	0	549	0.9496000000000097	0.970856102003643	118.30423348347345
406	40600	551	1000	0.37351098638266983	0.7280611585304008	0	551	0.9496000000000099	0.969147005444646	118.44499175151189
407	40700	551	1000	0.43301973722589393	0.6978270947864587	0	551	0.9496000000000101	0.9709618874773139	118.59169025023779
408	40800	553	1000	0.445629648685982	0.6917401015598696	0	553	0.9496000000000101	0.9710669077757685	118.72022046645482
409	40900	554	1000	0.9540705098413967	0.5117522601992318	0	554	0.9496000000000103	0.9657039711191335	118.8431125998497
410	41000	555	1000	1.1680793653633177	0.4612377277214776	0	555	0.9496000000000103	0.9621621621621622	118.95796964963277
411	41100	554	1000	1.0739716673451474	0.4821666639641618	0	554	0.9496000000000103	0.9620938628158845	119.06590324640274
412	41200	552	1000	1.0865846910881585	0.47925205445579006	0	552	0.9496500000000103	0.9619565217391305	119.16722426811855
413	41300	551	1000	0.9907908088357256	0.5023129479811242	0	551	0.9496500000000103	0.9600725952813067	119.27098695039749
414	41400	550	1000	1.0098841405405532	0.4975411168382336	0	550	0.9496500000000103	0.9581818181818181	119.37207568486532
415	41500	550	1000	0.9563234240733796	0.5111629231110669	0	550	0.9496500000000104	0.9636363636363636	119.476021083196
416	41600	549	1000	1.2554249531628816	0.44337542625732507	0	549	0.9496500000000103	0.9635701275045537	119.58330519596736
417	41700	547	1000	1.2901385820411717	0.43665479802917107	0	547	0.9496500000000101	0.9597806215722121	119.69378531773886
418	41800	546	1000	1.0533153650639746	0.48701724879404645	0	546	0.9496500000000101	0.9652014652014652	119.80878175099691
419	41900	546	1000	1.1053903094382913	0.4749713131655838	0	546	0.9496500000000102	0.9706959706959707	119.92854377031327
420	42000	550	1000	1.1047157017733364	0.475123551916036	0	550	0.9496500000000104	0.9654545454545455	120.05913579861323
421	42100	550	1000	0.8434271617330357	0.5424678667856255	0	550	0.9496000000000107	0.9618181818181818	120.19595788319906
422	42200	555	1000	0.6157918407305367	0.6188916014997804	0	555	0.9496000000000111	0.9495495495495495	120.32770603497823
423	42300	552	1000	0.9108877798087135	0.5233169684616977	0	552	0.9496000000000108	0.9510869565217391	120.47637654940287
424	42400	549	1000	0.7969267934616753	0.5565056983059159	0	549	0.9496000000000108	0.9526411657559198	120.64045349756877
425	42500	549	1000	0.7029733241340581	0.5872082585371607	0	549	0.9496000000000108	0.9526411657559198	120.80460003217061
426	42600	552	1000	0.6119118008412974	0.6203813381588712	0	552	0.949600000000011	0.9510869565217391	120.971657816569
427	42700	553	1000	1.250089721852529	0.44442672231607133	0	553	0.9496000000000112	0.9493670886075949	121.13751156727473
428	42800	553	1000	1.4109514392492957	0.4147740115045091	0	553	0.9496000000000112	0.9493670886075949	121.27701051632563
429	42900	552	1000	1.3969941857246995	0.4171891638100337	0	552	0.9496000000000111	0.9492753623188406	121.41935238440831
430	43000	553	1000	1.4970922959786828	0.4004657743770224	0	553	0.9496000000000111	0.9584086799276673	121.55149936676025
431	43100	556	1000	1.2425708534921038	0.44591679163350056	0	556	0.9496000000000113	0.9532374100719424	121.68669218619665
432	43200	556	1000	1.2896041133406522	0.4367567275815851	0	556	0.9496000000000111	0.960431654676259	121.805692700545
433	43300	556	1000	1.449308733383631	0.40827846092662085	0	556	0.9496000000000112	0.9640287769784173	121.91572721799214
434	43400	558	1000	1.6346833935958796	0.3795522461752704	0	558	0.9496000000000114	0.956989247311828	122.03411981662114
435	43500	556	1000	1.2148101838106933	0.45150596078597094	0	556	0.9496000000000111	0.9550359712230215	122.20887804826101
436	43600	554	1000	1.007718774603273	0.4980777251523192	0	554	0.9496000000000105	0.9512635379061372	122.34995698134104
437	43700	554	1000	1.3450802045476808	0.4264246476776175	0	554	0.9496000000000108	0.9548736462093863	122.48656249841055
438	43800	555	1000	1.0730204845195972	0.4823879008758278	0	555	0.9496000000000111	0.9495495495495495	122.64388144810995
439	43900	554	1000	0.9376978481467522	0.5160763330342847	0	554	0.9496000000000112	0.9494584837545126	122.79922949870428
440	44000	555	1000	0.7935989529551771	0.557538238050583	0	555	0.9496000000000112	0.9369369369369369	122.98817256689071
441	44100	555	1000	0.5823749457328069	0.6319614720245045	0	555	0.9496000000000112	0.9441441441441442	123.15658171574275
442	44200	554	1000	0.4276445311214702	0.7004544746264402	0	554	0.949600000000011	0.9332129963898917	123.32519481579463
443	44300	556	1000	0.4813461845748262	0.6750616502833323	0	556	0.9496000000000111	0.9316546762589928	123.47936718463897
444	44400	557	1000	0.570925630192157	0.636567371987991	0	557	0.9496000000000112	0.9389587073608617	123.62030761639276
445	44500	559	1000	0.9986495428132135	0.5003378424175571	0	559	0.9496000000000113	0.9373881932021467	123.75675701697668
446	44600	560	1000	1.142431194579847	0.4667594471784707	0	560	0.9496000000000113	0.9392857142857143	123.88424005111058
447	44700	562	1000	1.1080937833065467	0.4743621976966789	0	562	0.9496000000000113	0.9306049822064056	124.0120927532514
448	44800	562	1000	1.1346012955754985	0.46847156050769445	0	562	0.9496000000000113	0.9288256227758007	124.15817470153173
449	44900	561	1000	1.3304513758779561	0.42910142230419535	0	561	0.9496000000000115	0.9215686274509803	124.31030486424764
450	45000	561	1000	1.4147435978066234	0.41412264263101345	0	561	0.9496000000000114	0.9322638146167558	124.46069744825363
451	45100	559	1000	0.9211543050421876	0.5205203961886031	0	559	0.9496000000000115	0.9320214669051878	124.62905185222625
452	45200	560	1000	0.7431904971750094	0.5736607683558316	0	560	0.9496000000000117	0.9428571428571428	124.80453780094783
453	45300	560	1000	0.8098996296323994	0.5525168266944757	0	560	0.9496000000000117	0.9446428571428571	124.98561515013377
454	45400	561	1000	0.6022965429011956	0.6241041987080317	0	561	0.9496000000000118	0.946524064171123	125.15239826838176
455	45500	561	1000	0.4900242552447969	0.6711300144813478	0	561	0.9496000000000118	0.948306595365419	125.29767128229142
456	45600	560	1000	0.36106766953855574	0.7347173269783354	0	560	0.9496000000000115	0.95	125.43195693095525
457	45700	560	1000	0.5885986005828697	0.6294856357251554	0	560	0.9496000000000114	0.9571428571428572	125.55116626818975
458	45800	558	1000	0.7029106226623838	0.5872298796495665	0	558	0.9496000000000112	0.9623655913978495	125.68871604601541
459	45900	559	1000	0.8373329088711662	0.5442671794380405	0	559	0.9496000000000112	0.964221824686941	125.81359516382217
460	46000	561	1000	0.704920903921621	0.5865374737912018	0	561	0.9496000000000113	0.9590017825311943	125.9538763165474
461	46100	561	1000	0.5461753560189518	0.6467571715634968	0	561	0.9496000000000112	0.9572192513368984	126.103681965669
462	46200	560	1000	0.6229947532748861	0.6161449369951416	0	560	0.9496000000000111	0.9589285714285715	126.25957771937053
463	46300	559	1000	0.35240081537891754	0.7394257594556527	0	559	0.9496000000000112	0.964221824686941	126.42172826925913
464	46400	559	1000	0.30586433328081897	0.7657763325900987	0	559	0.9496000000000112	0.9660107334525939	126.5859878341357
465	46500	557	1000	0.30489319904973006	0.7663462425340524	0	557	0.9496000000000111	0.9676840215439856	126.75002173185348
466	46600	561	1000	0.41097638577687146	0.708729082981363	0	561	0.9496000000000113	0.964349376114082	126.8766150633494
467	46700	565	1000	0.33724986196902645	0.7478034049130917	0	565	0.9496000000000117	0.9539823008849557	126.9864541331927
468	46800	567	1000	0.48442687330552237	0.673660668627751	0	567	0.9496000000000119	0.9435626102292769	127.10449349880219
469	46900	567	1000	0.5958703582992301	0.6266173156231387	0	567	0.9496000000000118	0.9470899470899471	127.21754885117213
470	47000	567	1000	0.5603001830945368	0.6409023153587692	0	567	0.9496000000000118	0.9506172839506173	127.33384381930033
471	47100	567	1000	0.5361360786669062	0.6509839941184264	0	567	0.9496000000000118	0.9541446208112875	127.44615376393
472	47200	568	1000	0.48689677810756055	0.6725416415743024	0	568	0.9496000000000118	0.9524647887323944	127.55624919732412
473	47300	568	1000	0.47451883296511604	0.6781873365354689	0	568	0.9496000000000118	0.948943661971831	127.66742250124614
474	47400	567	1000	0.3222729750748137	0.7562734918207191	0	567	0.9496500000000117	0.9470899470899471	127.7745057185491
475	47500	570	1000	0.27072707670023716	0.7869510442767551	0	570	0.9496500000000119	0.9403508771929825	127.91082259813945
476	47600	573	1000	0.2606791275576885	0.7932232541497679	0	573	0.949650000000012	0.944153577661431	128.0599474151929
477	47700	574	1000	0.29079278504966705	0.7747176863570105	0	574	0.949650000000012	0.9477351916376306	128.22101208368937
478	47800	575	1000	0.3273427219574926	0.7533849272366179	0	575	0.9496500000000121	0.96	128.40114371776582
479	47900	573	1000	0.2621397461441343	0.7923052919100462	0	573	0.9496500000000118	0.9581151832460733	128.57434723377227
480	48000	575	1000	0.5719729835835466	0.6361432482893892	0	575	0.9496500000000121	0.9530434782608695	128.72730085055034
481	48100	576	1000	0.6658180727528396	0.6003056494323266	0	576	0.9496500000000122	0.9479166666666666	128.86904568274815
482	48200	577	1000	0.5990130574508301	0.6253857623865903	0	577	0.9496500000000122	0.951473136915078	129.00907475153605
483	48300	579	1000	0.58620780839523	0.6304344201985125	0	579	0.9496500000000123	0.9464594127806563	129.15330453316372
484	48400	580	1000	0.6145616826202027	0.6193631440436163	0	580	0.9496500000000123	0.946551724137931	129.31885035037993
485	48500	580	1000	0.2644780419231918	0.7908401465628163	0	580	0.9496500000000127	0.9517241379310345	129.50471531947454
486	48600	583	1000	0.2357743393695016	0.8092092286931651	0	583	0.9496500000000124	0.9502572898799314	129.7274310509364
487	48700	583	1000	0.26955236751453027	0.7876792053546816	0	583	0.9496500000000127	0.9519725557461407	129.9423762321472
488	48800	586	1000	0.24327399239765354	0.8043279326317285	0	586	0.9496500000000129	0.9436860068259386	130.11774883270263
489	48900	587	1000	0.23997207501883674	0.8064697747203773	0	587	0.9496500000000129	0.9454855195911414	130.26584671338398
490	49000	587	1000	0.3994008374104005	0.7145915403698814	0	587	0.9496500000000129	0.9471890971039182	130.41855571667352
491	49100	587	1000	0.4693970164472863	0.6805512661362304	0	587	0.9496500000000128	0.9471890971039182	130.57815053462983
492	49200	588	1000	0.2965488815274646	0.7712782867252176	0	588	0.9496500000000124	0.9438775510204082	130.71873423258464
493	49300	588	1000	0.24101556775628663	0.8057916644897256	0	588	0.9496500000000127	0.9489795918367347	130.84296851555507
494	49400	588	1000	0.2310657612119017	0.8123042907273833	0	588	0.9496500000000123	0.9421768707482994	130.96981480121613
495	49500	589	1000	0.28141121004314623	0.7803896143271051	0	589	0.9496500000000123	0.9388794567062818	131.1019815325737
496	49600	589	1000	0.28514318954459217	0.7781234092322145	0	589	0.9496500000000122	0.9456706281833617	131.2287446498871
497	49700	586	1000	0.2515294945663185	0.7990223197628444	0	586	0.9496500000000122	0.9488054607508533	131.3503655989965
498	49800	585	1000	0.3652392004977682	0.7324723752697685	0	585	0.9497000000000121	0.9521367521367521	131.47326054970424
499	49900	586	1000	0.3491047566293629	0.7412322839172438	0	586	0.9497000000000121	0.9522184300341296	131.5923411488533
500	50000	588	1000	0.22488708600068522	0.8164017821961432	0	588	0.949700000000012	0.9523809523809523	131.7148952484131
501	50100	590	1000	0.21926752991692833	0.8201645458959547	0	590	0.9497000000000121	0.9474576271186441	132.92067081530888
502	50200	589	1000	0.26373645262243806	0.7913042295526522	0	589	0.9497000000000121	0.9490662139219015	133.02339940071107
503	50300	592	1000	0.2630288215929293	0.791747569733842	0	592	0.9497000000000122	0.9442567567567568	133.1271673321724
504	50400	592	1000	0.38250811928934947	0.7233230575991335	0	592	0.9497000000000122	0.9476351351351351	133.22737466891607
505	50500	595	1000	0.440671987402076	0.6941205276041164	0	595	0.9497000000000124	0.9478991596638655	133.33208723465603
506	50600	595	1000	0.436843834751211	0.695969858250566	0	595	0.9497000000000124	0.9478991596638655	133.42972111701965
507	50700	594	1000	0.36765342580458277	0.7311793917466376	0	594	0.9497000000000123	0.9461279461279462	133.52809468507766
508	50800	595	1000	0.33045284929071267	0.7516237802287524	0	595	0.9497000000000125	0.9478991596638655	133.627237200737
509	50900	595	1000	0.28873344066537765	0.7759556541682479	0	595	0.9497000000000125	0.9445378151260504	133.72880083322525
510	51000	594	1000	0.19967699310956089	0.8335577040683272	0	594	0.9497000000000126	0.9461279461279462	133.82889791329703
511	51100	595	1000	0.18501197198083721	0.8438733309406354	0	595	0.9497000000000129	0.9478991596638655	133.92897023359936
512	51200	596	1000	0.29785541797685905	0.7705018495502634	0	596	0.9497000000000126	0.9546979865771812	134.02631909847258
513	51300	597	1000	0.38991503673716615	0.7194684376877496	0	597	0.9497000000000125	0.9597989949748744	134.12205257018408
514	51400	595	1000	0.30591220881137854	0.7657482587670918	0	595	0.9497000000000125	0.9613445378151261	134.21866598129273
515	51500	594	1000	0.21239968970952877	0.8248105047268559	0	594	0.9497000000000124	0.9646464646464646	134.3151879151662
516	51600	593	1000	0.33508594229590905	0.7490154516048072	0	593	0.9497000000000125	0.9645868465430016	134.40920584996542
517	51700	592	1000	0.3534459166674597	0.7388547910819099	0	592	0.9497000000000125	0.9628378378378378	134.50342401663463
518	51800	596	1000	0.3485412301844968	0.7415420289843032	0	596	0.9497000000000129	0.9530201342281879	134.60558276573818
519	51900	593	1000	0.5217964876841104	0.6571180891091508	0	593	0.9497000000000126	0.9527824620573356	134.7042474826177
520	52000	589	1000	0.5729329199200854	0.6357550200238711	0	589	0.9497000000000123	0.9507640067911715	134.80318820079168
521	52100	590	1000	0.6050095827563187	0.6230492395457713	0	590	0.9497000000000124	0.9508474576271186	134.90139226913453
522	52200	589	1000	0.4877247073104329	0.6721673674478655	0	589	0.9497500000000125	0.9541595925297114	134.9941163857778
523	52300	587	1000	0.6366300822308681	0.6110116212925243	0	587	0.9497500000000125	0.9540034071550255	135.08633618354799
524	52400	585	1000	0.49584767329605134	0.6685172680695038	0	585	0.9497500000000126	0.9504273504273504	135.17827554941178
525	52500	589	1000	0.2459242435639516	0.8026170171787586	0	589	0.9497500000000129	0.9439728353140917	135.27838461796443
526	52600	587	1000	0.22099005883630798	0.8190074872133458	0	587	0.9497500000000128	0.9471890971039182	135.37125610113145
527	52700	588	1000	0.22800182275348685	0.8143310388235013	0	588	0.9497500000000129	0.9489795918367347	135.4649124979973
528	52800	590	1000	0.30309904267690413	0.7674013772166849	0	590	0.9497500000000129	0.9525423728813559	135.56235476732255
529	52900	589	1000	0.22761357947860036	0.814588577966632	0	589	0.9497500000000126	0.9575551782682513	135.65541555086773
530	53000	590	1000	0.3068342420901147	0.7652079872047335	0	590	0.9497500000000125	0.9610169491525423	135.74954419930776
531	53100	591	1000	0.2773448606737125	0.782873937013821	0	591	0.9497500000000125	0.9576988155668359	135.84459376335144
532	53200	591	1000	0.4852023122889149	0.6733089436541835	0	591	0.9497500000000126	0.949238578680203	135.94070814847947
533	53300	590	1000	0.6449408281343367	0.6079246030595414	0	590	0.9497500000000126	0.9491525423728814	136.03435996373494
534	53400	588	1000	0.7207160803202861	0.5811533997019802	0	588	0.9497500000000121	0.9472789115646258	136.1301320354144
535	53500	588	1000	0.6393100441373858	0.6100127328422523	0	588	0.9497500000000119	0.9574829931972789	136.22349460124968
536	53600	588	1000	0.6604286494744547	0.6022541229438024	0	588	0.949750000000012	0.9523809523809523	136.31619284947712
537	53700	588	1000	0.6090053746790285	0.6215019637205901	0	588	0.9497000000000122	0.9523809523809523	136.4118860165278
538	53800	589	1000	0.7867441828056745	0.5596772104385576	0	589	0.9497000000000123	0.9507640067911715	136.51266334851582
539	53900	589	1000	0.657150058377808	0.6034456535450414	0	589	0.9497000000000124	0.9507640067911715	136.60691593090692
540	54000	587	1000	0.27577858787442183	0.7838350709946486	0	587	0.9497000000000123	0.9608177172061328	136.6979703505834
541	54100	584	1000	0.19875844497374173	0.8341964172956501	0	584	0.9497000000000121	0.964041095890411	136.79077345132828
542	54200	582	1000	0.1799501722311186	0.847493414157601	0	582	0.9497000000000121	0.9673539518900344	136.88131206830343
543	54300	581	1000	0.24908177814520474	0.8005880939876706	0	581	0.9497000000000121	0.9672977624784854	136.9697737177213
544	54400	588	1000	0.6717605624687323	0.5981717851528175	0	588	0.9497500000000123	0.9506802721088435	137.07159071365993
545	54500	589	1000	0.6723152590753502	0.5979733752790822	0	589	0.9497500000000124	0.9456706281833617	137.17085291941962
546	54600	590	1000	0.6833696922697423	0.5940465749099162	0	590	0.9497500000000125	0.9457627118644067	137.26621385018032
547	54700	590	1000	0.8850382467734889	0.5304932150377544	0	590	0.9497500000000125	0.9457627118644067	137.36071473360062
548	54800	598	1000	1.2643192214634715	0.4416338431971096	0	598	0.949750000000013	0.9297658862876255	137.47092688481013
549	54900	597	1000	1.4316124518787159	0.4112497446817146	0	597	0.9497500000000131	0.9296482412060302	137.57489501635234
550	55000	598	1000	1.8061049563549667	0.35636585785407165	0	598	0.9497500000000131	0.919732441471572	137.68524788220722
551	55100	599	1000	1.8346587358701905	0.3527761516213053	0	599	0.9497500000000132	0.9131886477462438	137.79841781457264
552	55200	598	1000	1.1323731870960723	0.4689610646257605	0	598	0.9497500000000132	0.9163879598662207	137.90623558362324
553	55300	602	1000	1.1398338858491108	0.46732599507516837	0	602	0.9497500000000132	0.9069767441860465	138.01859931548435
554	55400	601	1000	1.0730909522903957	0.48237150371775944	0	601	0.9497500000000131	0.930116472545757	138.12443866729737
555	55500	602	1000	0.9846042233053758	0.5038788027642566	0	602	0.9497500000000131	0.9368770764119602	138.22598171631495
556	55600	602	1000	0.8823927694820692	0.5312387596320532	0	602	0.9497500000000131	0.9335548172757475	138.32966338396074
557	55700	601	1000	0.5902907536831644	0.628815829862538	0	601	0.949750000000013	0.9351081530782029	138.434092716376
558	55800	602	1000	0.21575200129557798	0.8225361742644389	0	602	0.9497500000000131	0.9435215946843853	138.53954733212788
559	55900	604	1000	0.17816664192713944	0.848776365255334	0	604	0.9497500000000132	0.9437086092715232	138.64496621688207
560	56000	601	1000	0.1163906980089004	0.8957437586890638	0	601	0.949750000000013	0.9434276206322796	138.7501869002978
561	56100	600	1000	0.10425027488129529	0.9055918053608799	0	600	0.9497500000000129	0.9566666666666667	138.85207484960557
562	56200	602	1000	0.10896709054791423	0.9017400142198302	0	602	0.9497500000000132	0.9534883720930233	138.9505495150884
563	56300	603	1000	0.1589918805106652	0.8628188141916823	0	603	0.9497500000000133	0.9618573797678275	139.0469836672147
564	56400	601	1000	0.15599994368020292	0.8650519452591263	0	601	0.9497500000000133	0.961730449251248	139.13986588319142
565	56500	599	1000	0.2316363209943647	0.8119279879572302	0	599	0.9497500000000131	0.9632721202003339	139.24234496752422
566	56600	599	1000	0.33605559477694835	0.7484718479600004	0	599	0.949750000000013	0.9666110183639399	139.33633763392766
567	56700	595	1000	0.5003825501608186	0.6664966877232843	0	595	0.9497500000000125	0.9663865546218487	139.43424365123113
568	56800	598	1000	0.37724236376982784	0.7260886146885367	0	598	0.949750000000013	0.9648829431438127	139.52855631510417
569	56900	598	1000	0.2570872060513746	0.7954897601265796	0	598	0.949750000000013	0.9698996655518395	139.62708388169605
570	57000	601	1000	0.18368407956715502	0.8448200134327025	0	601	0.9497500000000132	0.9600665557404326	139.73552116950353
571	57100	598	1000	0.1700493045309891	0.8546648385905816	0	598	0.949750000000013	0.9581939799331104	139.83299928108852
572	57200	596	1000	0.237734277538597	0.807927855071313	0	596	0.949750000000013	0.959731543624161	139.93372208674748
573	57300	595	1000	0.25734359854176775	0.795327547028332	0	595	0.9497500000000131	0.9630252100840336	140.03564688364665
574	57400	597	1000	0.30367041345820517	0.7670650416521548	0	597	0.9497500000000126	0.9547738693467337	140.13224348624547
575	57500	596	1000	0.6542715286803141	0.6044956844525665	0	596	0.9497500000000126	0.9546979865771812	140.22794938484827
576	57600	596	1000	0.7208635727317126	0.5811035899915017	0	596	0.9497500000000126	0.9563758389261745	140.32420433362324
577	57700	598	1000	0.6178664810508625	0.6180979776220248	0	598	0.9497500000000126	0.9515050167224081	140.42345243295034
578	57800	599	1000	0.485421192485944	0.6732097300472994	0	599	0.9497500000000129	0.9515859766277128	140.54300121466318
579	57900	598	1000	0.11741312443271111	0.8949241584285853	0	598	0.9497500000000128	0.9515050167224081	140.64284443060558
580	58000	599	1000	0.17995278901252515	0.8474915346713799	0	599	0.9497500000000129	0.9565943238731218	140.7585501352946
581	58100	597	1000	0.24580460216686573	0.8026940968597078	0	597	0.9497500000000125	0.9514237855946399	140.86081595023472
582	58200	596	1000	0.284508185822638	0.7785080788407508	0	596	0.9497500000000125	0.9513422818791947	140.9596799969673
583	58300	595	1000	0.5550057089557101	0.643084455729469	0	595	0.9497500000000124	0.9478991596638655	141.06185115178425
584	58400	597	1000	0.4818563818446594	0.6748292292368913	0	597	0.9497500000000125	0.948073701842546	141.16487344900767
585	58500	597	1000	0.4769428495817988	0.6770742688406347	0	597	0.9497500000000125	0.9447236180904522	141.26853755315145
586	58600	599	1000	0.528286364989264	0.6543276331638442	0	599	0.9497500000000125	0.9432387312186978	141.37090660333632
587	58700	600	1000	0.6502284224515389	0.6059767159472532	0	600	0.9497500000000126	0.9416666666666667	141.49763503074647
588	58800	600	1000	0.30623401583849236	0.7655596071413621	0	600	0.9497500000000126	0.9333333333333333	141.6498636007309
589	58900	599	1000	0.5020167655273527	0.6657715299528654	0	599	0.9497500000000129	0.9348914858096828	141.75089174906412
590	59000	595	1000	0.5484578266705007	0.645803833192024	0	595	0.9497500000000128	0.9361344537815126	141.85780443350475
591	59100	593	1000	0.47340672786697713	0.6786992220727002	0	593	0.9497500000000129	0.9443507588532883	141.96126579840978
592	59200	591	1000	0.15457342345599542	0.8661207504730973	0	591	0.9497500000000126	0.949238578680203	142.06309619744619
593	59300	591	1000	0.13624501699374678	0.8800918684297326	0	591	0.9497500000000128	0.9526226734348562	142.16839173237483
594	59400	595	1000	0.12342774714639729	0.8901329013281767	0	595	0.9497500000000128	0.9478991596638655	142.27455301682156
595	59500	594	1000	0.12526904009649625	0.8886763648222705	0	594	0.9497500000000128	0.9511784511784511	142.3801410675049
596	59600	594	1000	0.17060031045593874	0.8542625446686483	0	594	0.9497500000000128	0.9595959595959596	142.48126623630523
597	59700	596	1000	0.38302658154856006	0.7230519017792925	0	596	0.9497500000000125	0.9513422818791947	142.58669150273005
598	59800	597	1000	0.6390004113454512	0.6101279737807402	0	597	0.9497500000000124	0.9614740368509213	142.68607736428578
599	59900	599	1000	0.5835704041159215	0.6314843958947829	0	599	0.9497500000000123	0.9532554257095158	142.8003430644671
600	60000	603	1000	0.7602870205628707	0.5680891742758174	0	603	0.9497500000000123	0.9469320066334992	142.93820250034332
601	60100	603	1000	0.7478497489229962	0.5721315579993005	0	603	0.9497500000000124	0.9386401326699834	143.05763889948528
602	60200	602	1000	0.7186770701118272	0.5818428705370079	0	602	0.9497500000000123	0.9335548172757475	143.17279346783957
603	60300	601	1000	0.7586904803118245	0.568604885961909	0	601	0.9497500000000122	0.9367720465890182	143.28477805058162
604	60400	602	1000	0.7380733887799773	0.575349698381804	0	602	0.9497500000000123	0.9418604651162791	143.39214718341827
605	60500	602	1000	0.719111417839684	0.5816958631201734	0	602	0.9497500000000121	0.9418604651162791	143.5000536998113
606	60600	603	1000	0.5384962292423789	0.649985343475585	0	603	0.9497500000000125	0.9402985074626866	143.60423703193663
607	60700	603	1000	0.3756876088838221	0.7269092151025188	0	603	0.9497500000000122	0.9436152570480929	143.71225591897965
608	60800	603	1000	0.16215068611287023	0.8604736132323533	0	603	0.9497500000000121	0.9419568822553898	143.81872094869613
609	60900	609	1000	0.4570443806757606	0.6863208926664344	0	609	0.949750000000012	0.9343185550082101	143.9384358326594
610	61000	610	1000	0.30212301636378286	0.767976594709561	0	610	0.9497500000000119	0.9377049180327869	144.0509354988734
611	61100	610	1000	0.38442766212352325	0.7223201524781269	0	610	0.9497500000000118	0.940983606557377	144.16096560160318
612	61200	608	1000	0.1959167773786212	0.8361785860985584	0	608	0.9497500000000119	0.9457236842105263	144.26968988577525
613	61300	609	1000	0.32312800467196534	0.7557847740120379	0	609	0.9497500000000118	0.9359605911330049	144.38140250047047
614	61400	608	1000	0.21977337135937086	0.8198244227003862	0	608	0.9497500000000116	0.9358552631578947	144.48675998051962
615	61500	611	1000	0.11837177395678306	0.8941570444522348	0	611	0.9497500000000114	0.9296235679214403	144.59373904863995
616	61600	611	1000	0.15785197118730246	0.8636682623380297	0	611	0.9498500000000116	0.9263502454991817	144.69552876551947
617	61700	610	1000	0.476923945781109	0.6770829350126925	0	610	0.9498500000000114	0.9327868852459016	144.79775578180949
618	61800	609	1000	0.609990680056561	0.621121607961649	0	609	0.9498500000000115	0.9310344827586207	144.9059450984001
619	61900	607	1000	0.532528714290144	0.652516321994784	0	607	0.9498500000000115	0.9472817133443163	145.01066813468933
620	62000	604	1000	0.7210562032764181	0.5810385495234117	0	604	0.9498500000000114	0.9486754966887417	145.10820748408636
621	62100	605	1000	0.5333450803379339	0.6521689167187402	0	605	0.9498500000000115	0.9454545454545454	145.20742215315502
622	62200	607	1000	0.4040556717420904	0.712222471035813	0	607	0.9498500000000112	0.942339373970346	145.3082041144371
623	62300	607	1000	0.3292380638256008	0.7523106862603375	0	607	0.9498500000000119	0.9472817133443163	145.41074291467666
624	62400	610	1000	0.176013287968717	0.8503305279205322	0	610	0.9498500000000119	0.940983606557377	145.51334125200907
625	62500	606	1000	0.1789120579653406	0.8482396911995954	0	606	0.9498500000000116	0.9471947194719472	145.61260135173796
626	62600	609	1000	0.1492994643331211	0.8700952458724481	0	609	0.9498500000000117	0.9474548440065681	145.71253220240274
627	62700	608	1000	0.15016410741507566	0.8694411463138417	0	608	0.9498500000000117	0.9490131578947368	145.8119464993477
628	62800	609	1000	0.14913780310194588	0.8702176512691793	0	609	0.9498500000000116	0.9507389162561576	145.91968812942505
629	62900	608	1000	0.15887099853793135	0.8629088149255888	0	608	0.9498500000000115	0.9539473684210527	146.02640813191732
630	63000	608	1000	0.14451192901024765	0.8737348861577888	0	608	0.9498500000000115	0.9539473684210527	146.13356659809747
631	63100	607	1000	0.14721782498010225	0.8716740432596961	0	607	0.9498500000000115	0.9604612850082372	146.23911540110905
632	63200	607	1000	0.3339295634792401	0.7496647704484009	0	607	0.9498500000000115	0.9621087314662273	146.33999669949213
633	63300	607	1000	0.5539564511004684	0.6435186773038768	0	607	0.9499000000000116	0.957166392092257	146.44916843573253
634	63400	608	1000	0.7538172134067287	0.5701848472894931	0	608	0.9499000000000116	0.9539473684210527	146.56300121545792
635	63500	607	1000	1.1478707101593388	0.4655773717058675	0	607	0.9499000000000116	0.9522240527182867	146.66858280102412
636	63600	606	1000	1.0768624977797754	0.4814955256156959	0	606	0.9499000000000117	0.9554455445544554	146.76558666626613
637	63700	605	1000	0.9556441642409645	0.5113404668830056	0	605	0.9499000000000116	0.9537190082644628	146.8578086177508
638	63800	606	1000	0.9504095583019861	0.5127128277973543	0	606	0.9499000000000118	0.9570957095709571	146.95458864768347
639	63900	605	1000	0.803459418470834	0.5544898819225481	0	605	0.9499000000000116	0.9570247933884297	147.0484740694364
640	64000	610	1000	1.095133427567052	0.47729657063475806	0	610	0.9499500000000122	0.9426229508196722	147.1579399148623
641	64100	613	1000	1.41666926225668	0.41379265901954754	0	613	0.9499000000000122	0.9298531810766721	147.27390925089517
642	64200	612	1000	1.3984775232661035	0.4169311533252393	0	612	0.9499000000000121	0.9281045751633987	147.3808570186297
643	64300	611	1000	1.2145721366214814	0.45155449373872514	0	611	0.9499000000000121	0.9345335515548282	147.48440554936727
644	64400	617	1000	0.8668524002016911	0.535660987388163	0	617	0.9499000000000123	0.9319286871961102	147.5879526336988
645	64500	618	1000	0.68313012655906	0.5941311276059027	0	618	0.9499000000000123	0.9320388349514563	147.68829454978308
646	64600	620	1000	0.2935981930219167	0.7730375671474501	0	620	0.9499000000000125	0.9258064516129032	147.79185540278752
647	64700	620	1000	0.33590826010428476	0.7485543954357594	0	620	0.9499000000000124	0.9274193548387096	147.89469743172327
648	64800	618	1000	0.1803071602645332	0.8472370868070288	0	618	0.9499000000000122	0.9336569579288025	147.99766326347986
649	64900	617	1000	0.1056436736308495	0.9044505240246854	0	617	0.9499000000000123	0.9351701782820098	148.09928938150406
650	65000	615	1000	0.1389339338805703	0.878014053539352	0	615	0.9499000000000123	0.9479674796747968	148.20034648180007
651	65100	614	1000	0.21047576502509432	0.826121454797791	0	614	0.9499000000000122	0.9560260586319218	148.2965912461281
652	65200	613	1000	0.1897355463276363	0.8405229238436273	0	613	0.9499000000000122	0.9526916802610114	148.39015543460846
653	65300	614	1000	0.1875407354450574	0.8420763769633787	0	614	0.9499000000000124	0.9511400651465798	148.4923699816068
654	65400	615	1000	0.14384976845942388	0.874240680528208	0	615	0.9499000000000123	0.9577235772357724	148.5893516500791
655	65500	617	1000	0.2936852470538337	0.7729855482833586	0	617	0.9499000000000126	0.9578606158833063	148.68795081774394
656	65600	619	1000	0.23486466298013722	0.8098053414101826	0	619	0.9499000000000126	0.9579967689822294	148.78603103558223
657	65700	620	1000	0.24844036288349156	0.8009994147340166	0	620	0.9499000000000128	0.9580645161290322	148.88257321516673
658	65800	621	1000	0.20128323831728046	0.8324431475467587	0	621	0.9499000000000127	0.9549114331723028	148.98198719819388
659	65900	623	1000	0.14922014875494702	0.8701552971233488	0	623	0.9499000000000128	0.9438202247191011	149.08967331647872
660	66000	624	1000	0.22858910682489106	0.813941776339165	0	624	0.949900000000013	0.9487179487179487	149.1938111503919
661	66100	624	1000	0.21157187393470356	0.8253740628299647	0	624	0.949900000000013	0.9455128205128205	149.30036540031432
662	66200	624	1000	0.28047664450235116	0.7809591875755324	0	624	0.949900000000013	0.9471153846153846	149.4044919172923
663	66300	624	1000	0.3617771361828442	0.7343345496334808	0	624	0.9499000000000133	0.9471153846153846	149.51002851724624
664	66400	624	1000	0.27491461389795174	0.7843662540996202	0	624	0.9499000000000132	0.9471153846153846	149.61202366749447
665	66500	624	1000	0.4821523128852245	0.6746944907796655	0	624	0.9499000000000131	0.9423076923076923	149.72277133464814
666	66600	624	1000	0.49189419088908864	0.6702888221610769	0	624	0.9499000000000131	0.9471153846153846	149.8322643995285
667	66700	625	1000	0.40843416199568633	0.7100083390359163	0	625	0.9499000000000128	0.9424	149.95454929669697
668	66800	629	1000	0.3569388537250835	0.7369528827734492	0	629	0.949900000000013	0.931637519872814	150.0766050338745
669	66900	628	1000	0.8702707886492443	0.5346819327281611	0	628	0.9499000000000132	0.9331210191082803	150.19710034926732
670	67000	630	1000	0.6343264479414797	0.6118728612998662	0	630	0.9499000000000133	0.9238095238095239	150.33261130253473
671	67100	629	1000	0.3325038826811537	0.7504668564176211	0	629	0.9499000000000133	0.9300476947535771	150.4595367829005
672	67200	629	1000	0.3205623243868414	0.7572531652107494	0	629	0.9499000000000133	0.9252782193958664	150.58960483471552
673	67300	628	1000	0.15346730500260716	0.8669513177035735	0	628	0.9499000000000132	0.928343949044586	150.7012506167094
674	67400	628	1000	0.1575064048951686	0.8639261050918906	0	628	0.9499000000000132	0.9251592356687898	150.80933921734493
675	67500	631	1000	0.21007515211995414	0.8263949542704687	0	631	0.9499000000000138	0.9112519809825673	150.9351261337598
676	67600	631	1000	0.2436769273948718	0.8040673409409456	0	631	0.9499000000000137	0.9128367670364501	151.04932500123977
677	67700	634	1000	0.48660967014406575	0.6726715291062859	0	634	0.9499000000000136	0.9116719242902208	151.167092080911
678	67800	636	1000	0.5099309387792548	0.6622819456951307	0	636	0.9499000000000135	0.9198113207547169	151.28551728328068
679	67900	635	1000	0.5181892633933929	0.6586794045459404	0	635	0.9499000000000136	0.9244094488188976	151.4164799173673
680	68000	635	1000	0.5355949975146235	0.6512133743718301	0	635	0.9499000000000136	0.9417322834645669	151.54466751416524
681	68100	636	1000	0.58556948852639	0.6306882210059355	0	636	0.9499000000000138	0.9355345911949685	151.68233306805294
682	68200	635	1000	0.4042023928709771	0.7121480529280678	0	635	0.9499000000000137	0.9448818897637795	151.802213315169
683	68300	634	1000	0.5048524616213381	0.6645169712668	0	634	0.9499000000000138	0.9416403785488959	151.92157153288522
684	68400	634	1000	0.5412156944350296	0.6488384485122795	0	634	0.9499000000000138	0.9400630914826499	152.03411623239518
685	68500	635	1000	1.0540802106665303	0.48683590582643754	0	635	0.949900000000014	0.9543307086614173	152.13831063508988
686	68600	634	1000	1.0618194676576562	0.48500851586975097	0	634	0.9499000000000138	0.9526813880126183	152.23610423405964
687	68700	634	1000	1.2827596973533917	0.43806625864272525	0	634	0.9499000000000135	0.9637223974763407	152.3306671500206
688	68800	633	1000	0.7736538901812524	0.5638078576298832	0	633	0.9499000000000137	0.95260663507109	152.4367188970248
689	68900	633	1000	0.9436353570105621	0.5144997987369736	0	633	0.9499000000000137	0.95260663507109	152.53473866383234
690	69000	632	1000	0.8305122668789089	0.5462951645251943	0	632	0.9499000000000136	0.9493670886075949	152.63491958379745
691	69100	633	1000	0.4407837659445316	0.6940666765109142	0	633	0.9499000000000135	0.9494470774091627	152.73866129716237
692	69200	632	1000	0.27245830313515423	0.7858803683673908	0	632	0.9499000000000133	0.9477848101265823	152.84350191752117
693	69300	632	1000	0.28840309530513597	0.776154608479241	0	632	0.9499000000000134	0.9477848101265823	152.95047343174616
694	69400	634	1000	0.1665490961879017	0.8572292441594118	0	634	0.9499000000000136	0.9463722397476341	153.05409603118898
695	69500	635	1000	0.636340252582327	0.6111198440678146	0	635	0.9499000000000136	0.9354330708661417	153.1676883816719
696	69600	636	1000	0.9093341830690149	0.5237427836716492	0	636	0.9499000000000138	0.9355345911949685	153.2739542166392
697	69700	637	1000	0.9351537239961003	0.5167548126021719	0	637	0.9499000000000141	0.9277864992150706	153.38580978314081
698	69800	637	1000	0.7166969330043103	0.5825140016123563	0	637	0.949900000000014	0.9419152276295133	153.49848583141963
699	69900	638	1000	0.3295095811485447	0.7521570466127172	0	638	0.949900000000014	0.9404388714733543	153.60769033432007
700	70000	636	1000	0.3490479354254234	0.7412635042391204	0	636	0.9499000000000142	0.9386792452830188	153.71610627969105
701	70100	635	1000	0.2423957224708713	0.8048965252481748	0	635	0.9499000000000141	0.9417322834645669	153.82182070016862
702	70200	635	1000	0.22596029138146884	0.8156871042480125	0	635	0.949900000000014	0.9401574803149606	153.92605593601863
703	70300	637	1000	0.3017880611251423	0.7681741981376713	0	637	0.949900000000014	0.9387755102040817	154.03436801433563
704	70400	636	1000	0.20010716029658895	0.8332589231055538	0	636	0.9499000000000138	0.9418238993710691	154.1389898022016
705	70500	634	1000	0.23608973583159146	0.8090027536125767	0	634	0.9499000000000137	0.944794952681388	154.2488303979238
706	70600	636	1000	0.2503231092299788	0.7997932635315825	0	636	0.949900000000014	0.9371069182389937	154.3593945503235
707	70700	637	1000	0.6406517101108501	0.6095138863643614	0	637	0.9499000000000142	0.9356357927786499	154.4731872836749
708	70800	637	1000	0.6655912583219171	0.6003873969700704	0	637	0.9499000000000146	0.9215070643642073	154.5983097155889
709	70900	634	1000	0.26497118737678615	0.7905318397597135	0	634	0.9499000000000145	0.9274447949526814	154.71114946603774
710	71000	629	1000	0.2848530345546417	0.7782991308002957	0	629	0.949900000000014	0.931637519872814	154.8225725531578
711	71100	629	1000	0.15471788610850248	0.8660123931829661	0	629	0.9499000000000137	0.931637519872814	154.93585596481958
712	71200	631	1000	0.3160647011250359	0.7598410618757204	0	631	0.9499000000000137	0.9223454833597464	155.05117399692534
713	71300	636	1000	0.3758277161706515	0.7268351903705684	0	636	0.949900000000014	0.9150943396226415	155.17368268171947
714	71400	639	1000	0.5112011047189624	0.6617252971013211	0	639	0.9499000000000141	0.9139280125195618	155.29672198295594
715	71500	638	1000	0.44975131959293974	0.6897734711362632	0	638	0.949900000000014	0.9184952978056427	155.42222535212835
716	71600	638	1000	0.43036052483768417	0.6991244393531336	0	638	0.949900000000014	0.9278996865203761	155.53968553145725
717	71700	638	1000	0.45602644363116873	0.6868007132522338	0	638	0.949900000000014	0.9357366771159875	155.65060433546702
718	71800	638	1000	0.5326394664804445	0.6524691696060793	0	638	0.9499000000000141	0.9545454545454546	155.75503101746241
719	71900	637	1000	0.5667168914400568	0.6382774102096035	0	637	0.949900000000014	0.9513343799058085	155.85636681715647
720	72000	639	1000	0.5743502292589161	0.6351826813470365	0	639	0.9499000000000144	0.94679186228482	155.95867521762847
721	72100	640	1000	0.36094633599389947	0.7347828298238517	0	640	0.9499000000000143	0.94375	156.06078340212505
722	72200	638	1000	0.4018461023327487	0.713345065721512	0	638	0.9499000000000142	0.9482758620689655	156.1597769856453
723	72300	635	1000	0.5003386813092432	0.6665161756193396	0	635	0.949900000000014	0.9622047244094488	156.2579241315524
724	72400	633	1000	0.37213889915250004	0.7287891922732085	0	633	0.949900000000014	0.9636650868878357	156.3587991833687
725	72500	631	1000	0.24096619411846887	0.8058237240784457	0	631	0.9499000000000138	0.9635499207606973	156.4547773361206
726	72600	633	1000	0.1594358657514197	0.8624884131490181	0	633	0.9499000000000137	0.9605055292259084	156.54958166678747
727	72700	634	1000	0.21390582862913013	0.8237871311066237	0	634	0.949900000000014	0.9511041009463722	156.64860016504923
728	72800	631	1000	0.6202358823609728	0.6171940832114035	0	631	0.9499000000000138	0.9540412044374009	156.74708593289057
729	72900	630	1000	0.4483755359263535	0.6904286735003564	0	630	0.949900000000014	0.9571428571428572	156.8481048822403
730	73000	629	1000	0.17646852932793028	0.8500014875631737	0	629	0.949900000000014	0.9602543720190779	156.94830461740494
731	73100	628	1000	0.1679573747887009	0.856195629725711	0	628	0.9499000000000135	0.9601910828025477	157.0467107017835
732	73200	626	1000	0.2908949544301285	0.774656370425938	0	626	0.9499000000000135	0.950479233226837	157.1460753997167
733	73300	623	1000	0.3314513938203844	0.7510600872410834	0	623	0.9499000000000135	0.9470304975922953	157.24466643333434
734	73400	625	1000	0.1550979696907577	0.8657274328581146	0	625	0.9499000000000134	0.952	157.35225131909053
735	73500	627	1000	0.1135595252975035	0.8980211450598796	0	627	0.9499000000000134	0.9457735247208932	157.46593733231228
736	73600	627	1000	0.156944518884477	0.8643456826816532	0	627	0.9499000000000135	0.94896331738437	157.5737329641978
737	73700	631	1000	0.3898775322618944	0.7194878518343947	0	631	0.9499000000000135	0.9461172741679873	157.68066066503525
738	73800	631	1000	0.5335931594507204	0.6520634197130647	0	631	0.9499000000000134	0.9413629160063391	157.78500018119811
739	73900	631	1000	0.7708253178631956	0.564708438439694	0	631	0.9499000000000136	0.9397781299524565	157.88760559956233
740	74000	631	1000	0.4479461474560919	0.6906334201426675	0	631	0.9499000000000138	0.9334389857369255	157.99267273346584
741	74100	631	1000	0.47724290368373956	0.6769367431086257	0	631	0.9499000000000136	0.936608557844691	158.09400471846263
742	74200	631	1000	0.34143652314214834	0.7454694894228944	0	631	0.9499000000000136	0.9461172741679873	158.18886224826176
743	74300	634	1000	0.267228038559496	0.7891239536782474	0	634	0.9499000000000137	0.9416403785488959	158.28949478467305
744	74400	633	1000	0.4285358814029377	0.7000174185459865	0	633	0.9499000000000135	0.9415481832543444	158.39033006827037
745	74500	634	1000	0.497110197473794	0.6679535024792351	0	634	0.9499000000000133	0.9495268138801262	158.4953613003095
746	74600	638	1000	0.26821680175719564	0.7885087144520053	0	638	0.9499000000000131	0.9435736677115988	158.60849261681238
747	74700	637	1000	0.232371687291516	0.8114435038651219	0	637	0.9499000000000131	0.9497645211930926	158.71314678589502
748	74800	639	1000	0.24927680143825295	0.8004631150188105	0	639	0.9499000000000133	0.9514866979655712	158.81846671501796
749	74900	636	1000	0.5289501470830086	0.6540435617916251	0	636	0.9499000000000131	0.9512578616352201	158.92634041309356
750	75000	635	1000	0.5043466778550945	0.6647403917731286	0	635	0.9499000000000128	0.952755905511811	159.02875245014826
