Epoch	Explore_Iteration	MacroPopSize	MicroPopSize	RMSE	Accuracy_Estimate	RuleCount	TreeCount	AveGenerality	ExpRules	Time(min)
1	100	1000	1000	55731.60636454554	1.794281777275991e-05	0	1000	0.8699499999999994	0.0	1.469571336110433
2	200	1000	1000	28766.355927672364	3.476162364432192e-05	0	1000	0.8706999999999994	0.0	2.9660800178845723
3	300	1000	1000	901.9126670494037	0.0011075268256761361	0	1000	0.8710499999999994	0.0	4.398878419399262
4	400	1000	1000	732.1311185733578	0.0013640124865330473	0	1000	0.8709999999999996	0.0	5.913335168361664
5	500	1000	1000	483.4572882969161	0.0020641654572180076	0	1000	0.8710999999999998	0.0	7.429514118035635
6	600	999	1000	262.783167506019	0.0037909924634489116	0	999	0.8709499999999999	0.0	8.678825036684673
7	700	999	1000	341.55612699247644	0.002919229642101725	0	999	0.8712999999999996	0.0	10.032092738151551
8	800	999	1000	123.38720734281253	0.008039411940843634	0	999	0.8712499999999992	0.0	11.333473388353983
9	900	997	1000	122.27757676586752	0.008111775281722402	0	997	0.8712499999999992	0.0	46.830839133262636
10	1000	995	1000	119.34319704598373	0.008309568172913796	0	995	0.8715499999999993	0.0	75.68690253893534
11	1100	993	1000	114.90327355955608	0.008627884004381955	0	993	0.8717999999999992	0.9425981873111783	75.8334544022878
12	1200	993	1000	131.06934264205805	0.007571779945253894	0	993	0.8715999999999992	0.9425981873111783	75.97452195088069
13	1300	992	1000	115.55152032669743	0.008579896660266376	0	992	0.872299999999999	0.9435483870967742	76.11447331905364
14	1400	992	1000	122.65398350041248	0.008087082774787148	0	992	0.8726999999999987	0.9395161290322581	76.25193440119425
15	1500	992	1000	113.5433283342806	0.008730320783779071	0	992	0.8727999999999986	0.9375	76.39125562111536
16	1600	992	1000	109.75525493126915	0.00902891696308735	0	992	0.8730999999999984	0.938508064516129	76.52635883490244
17	1700	990	1000	125.91216468604698	0.00787946531740107	0	990	0.8730999999999985	0.9444444444444444	76.65971616903941
18	1800	990	1000	114.40209282568873	0.008665354115461918	0	990	0.8734999999999985	0.9434343434343434	76.78943946758906
19	1900	988	1000	112.0199765220571	0.008847993343945164	0	988	0.8739499999999987	0.9453441295546559	76.91573857069015
20	2000	988	1000	108.81464183050169	0.00910625380487508	0	988	0.8739499999999987	0.9504048582995951	77.03490016857783
21	2100	986	1000	101.26873516031327	0.009778159458337207	0	986	0.8738999999999987	0.9482758620689655	77.15779378414155
22	2200	983	1000	122.10021931766424	0.008123462375151961	0	983	0.8744999999999986	0.9491353001017294	77.28321213722229
23	2300	983	1000	105.0451821263362	0.00942994278428092	0	983	0.8744999999999986	0.948118006103764	77.40624335606893
24	2400	983	1000	110.68254171061388	0.008953950945987147	0	983	0.8748999999999988	0.9501525940996948	77.53070811827978
25	2500	983	1000	104.45193867943092	0.009482993034769653	0	983	0.8755499999999988	0.9511698880976602	77.65507852236429
26	2600	981	1000	99.9381298627869	0.009907058921731346	0	981	0.8765999999999985	0.9490316004077471	77.77915271917979
27	2700	980	1000	112.23286799587123	0.008831358047351258	0	980	0.8772999999999985	0.9479591836734694	77.90118168592453
28	2800	980	1000	107.496322487218	0.009216902260607132	0	980	0.8775499999999985	0.9551020408163265	78.01890900135041
29	2900	980	1000	107.28099606517932	0.009235230893129704	0	980	0.8781999999999985	0.9489795918367347	78.13695790370305
30	3000	979	1000	101.07209380339965	0.009796997031589193	0	979	0.8787999999999984	0.9417773237997957	78.26137007077536
31	3100	979	1000	94.32780044900129	0.010490119307168769	0	979	0.8792499999999986	0.9397344228804902	78.3877736210823
32	3200	978	1000	114.98598404589475	0.008621731394754627	0	978	0.8796999999999986	0.9376278118609407	78.51503250598907
33	3300	975	1000	99.3335888352297	0.009966752027999563	0	975	0.8800499999999986	0.9456410256410256	78.63647180398306
34	3400	974	1000	105.00877894273157	0.009433181006077086	0	974	0.8805499999999986	0.9435318275154004	78.75610675414403
35	3500	971	1000	98.54621816338599	0.01004558504029447	0	971	0.8806499999999987	0.945417095777549	78.87984296878179
36	3600	972	1000	92.89190651233827	0.010650545261519328	0	972	0.8804999999999988	0.9444444444444444	79.00051973660787
37	3700	971	1000	107.45349095825972	0.00922054229111784	0	971	0.880699999999999	0.9402677651905252	79.12398206790289
38	3800	969	1000	99.12520143615343	0.009987495512182988	0	969	0.8809999999999988	0.9380804953560371	79.24711581865947
39	3900	970	1000	97.2346770765175	0.010179704659904103	0	970	0.8809499999999987	0.9402061855670103	79.37049963474274
40	4000	969	1000	93.99277800440606	0.010527116071430366	0	969	0.8812499999999989	0.9422084623323014	79.49048810402552
41	4100	968	1000	88.81439268114111	0.011134072949200893	0	968	0.8820499999999989	0.9421487603305785	79.60961058537166
42	4200	966	1000	104.91232349540887	0.009441771901485556	0	966	0.8823499999999989	0.9399585921325052	79.73418986797333
43	4300	964	1000	91.62639877876833	0.010796058285591239	0	964	0.883499999999999	0.9315352697095436	79.8622243364652
44	4400	964	1000	96.43796352070937	0.010262940273658951	0	964	0.8836999999999989	0.9336099585062241	79.99063081741333
45	4500	963	1000	91.97016404148374	0.01075613892166303	0	963	0.8842999999999991	0.9293873312564901	80.12599888642629
46	4600	961	1000	87.33368870078101	0.011320709173454435	0	961	0.8844999999999988	0.9365244536940687	80.25250302155813
47	4700	960	1000	97.12507682107942	0.010191074824057391	0	960	0.8847999999999989	0.9385416666666667	80.37811331748962
48	4800	960	1000	91.36911330905906	0.01082612968962998	0	960	0.8851499999999993	0.9354166666666667	80.50600283543268
49	4900	960	1000	90.09657458389249	0.010977361163883082	0	960	0.8857499999999998	0.9322916666666666	80.63487230539322
50	5000	958	1000	86.89843422280802	0.011376766933813235	0	958	0.8864499999999997	0.9321503131524008	80.76263012091319
51	5100	951	1000	81.56588001863767	0.012111540502859888	0	951	0.8869499999999996	0.9369085173501577	80.89009476900101
52	5200	951	1000	97.4573304589096	0.010156684071556685	0	951	0.8869499999999996	0.9421661409043113	81.01361536979675
53	5300	952	1000	85.31169317135684	0.011585915688325963	0	952	0.8871499999999997	0.9432773109243697	81.13674020369848
54	5400	948	1000	89.80844987966974	0.011012191060689834	0	948	0.8874499999999996	0.9440928270042194	81.2583153684934
55	5500	948	1000	86.2016097339892	0.011467678212025285	0	948	0.8877999999999996	0.9462025316455697	81.37826637029647
56	5600	947	1000	81.45788855826213	0.012127402453355711	0	947	0.8883999999999999	0.938753959873284	81.50629092057547
57	5700	947	1000	90.47309435040096	0.010932176364006611	0	947	0.8888500000000001	0.9376979936642027	81.63334641853969
58	5800	946	1000	85.78424330795873	0.011522829051483968	0	946	0.8891	0.9386892177589852	81.76186258395514
59	5900	946	1000	84.04127288989878	0.011758996144080297	0	946	0.8898500000000004	0.9418604651162791	81.88679466644923
60	6000	943	1000	80.48171224813281	0.012272692514790831	0	943	0.8909500000000008	0.9427359490986215	82.01197901566823
61	6100	940	1000	75.72342644709191	0.013033828731431787	0	940	0.8915500000000006	0.9393617021276596	82.13696247339249
62	6200	939	1000	90.66602528216302	0.010909167239681621	0	939	0.8918500000000009	0.9361022364217252	82.27495882113774
63	6300	939	1000	78.82533139450447	0.012527351688123958	0	939	0.8919500000000009	0.9414270500532481	82.4013166864713
64	6400	938	1000	83.03254518775263	0.011900151277885435	0	938	0.8920000000000011	0.94136460554371	82.5234229207039
65	6500	937	1000	80.01606344118868	0.01234323117570285	0	937	0.8923000000000012	0.9445037353255069	82.64543773730595
66	6600	935	1000	76.25069220178256	0.01294486782575296	0	935	0.8923500000000011	0.9508021390374332	82.76240336894989
67	6700	933	1000	84.0232825367478	0.011761484268356628	0	933	0.8930000000000011	0.9485530546623794	82.8806053161621
68	6800	930	1000	78.29036497563746	0.012611872833568837	0	930	0.8943500000000018	0.9419354838709677	83.00822265148163
69	6900	927	1000	76.71680223680474	0.01286723039572548	0	927	0.894950000000002	0.9428263214670982	83.13255162239075
70	7000	924	1000	73.30760095871945	0.013457573479670486	0	924	0.8957500000000025	0.9383116883116883	83.26169077157974
71	7100	923	1000	68.05743086976868	0.014480700880486573	0	923	0.8963000000000028	0.9349945828819068	83.39021126826604
72	7200	922	1000	81.57321063471701	0.0121104652745519	0	922	0.896650000000003	0.9370932754880694	83.514186835289
73	7300	922	1000	71.08116917985355	0.013873248885639563	0	922	0.8968000000000032	0.9349240780911063	83.64424192110697
74	7400	922	1000	74.52886040924234	0.013239972039583848	0	922	0.8973000000000033	0.9327548806941431	83.77663018703461
75	7500	920	1000	71.01019244310088	0.013886923032321483	0	920	0.8979500000000032	0.9282608695652174	83.91069483757019
76	7600	917	1000	66.87897226030337	0.014732102839818847	0	917	0.8984500000000036	0.9247546346782988	84.04944208860397
77	7700	916	1000	74.03861144308186	0.013326472608818436	0	916	0.8991000000000039	0.9268558951965066	84.19024625221888
78	7800	915	1000	70.00654270667647	0.014083209263277845	0	915	0.8995500000000041	0.9333333333333333	84.32089315255483
79	7900	915	1000	68.7926731008093	0.014328151589144453	0	915	0.9002000000000046	0.9333333333333333	84.44927138487498
80	8000	914	1000	66.05972443204287	0.014912080365218055	0	914	0.9007000000000048	0.9398249452954048	84.5732656677564
81	8100	912	1000	61.6920320181558	0.015950990385993503	0	912	0.9012000000000054	0.9385964912280702	84.69973811705907
82	8200	911	1000	73.64225691999613	0.013397236917311206	0	911	0.9020500000000058	0.9341383095499451	84.82982420126596
83	8300	908	1000	64.1443708752836	0.015350520491086815	0	908	0.902550000000006	0.9328193832599119	84.96304850578308
84	8400	907	1000	66.90043590289858	0.014727445953808838	0	907	0.9028000000000059	0.9371554575523704	85.09076547225317
85	8500	904	1000	63.88282099128347	0.015412400150331669	0	904	0.903700000000006	0.9380530973451328	85.22217165231704
86	8600	902	1000	59.79186427742357	0.016449569558132017	0	902	0.9037500000000064	0.9379157427937915	85.34925728638967
87	8700	902	1000	66.30804896631999	0.014857064130627025	0	902	0.9040000000000066	0.9401330376940134	85.47536292076111
88	8800	902	1000	62.294418285082756	0.015799181461719512	0	902	0.9042000000000069	0.9390243902439024	85.60186780293783
89	8900	900	1000	61.24466838167982	0.016065633025274903	0	900	0.904400000000007	0.9422222222222222	85.72632807095846
90	9000	897	1000	58.80801803754508	0.016720166171904242	0	897	0.9049500000000074	0.939799331103679	85.85075073639551
91	9100	898	1000	55.579104839536896	0.017674369413162052	0	898	0.9059000000000076	0.9365256124721604	85.97984097003936
92	9200	897	1000	65.71035008864176	0.014990177666152918	0	897	0.9063000000000079	0.9342251950947603	86.11724540392558
93	9300	895	1000	57.07026426004372	0.017220517466941643	0	895	0.9066500000000078	0.9385474860335196	86.24372135400772
94	9400	894	1000	59.73071317686908	0.01646613299415158	0	894	0.9070500000000079	0.9328859060402684	86.37471878528595
95	9500	892	1000	56.64947882073764	0.017346210589509796	0	892	0.9076000000000081	0.9316143497757847	86.50856268405914
96	9600	891	1000	52.910918538716686	0.018549118195451252	0	891	0.9080500000000084	0.9270482603815937	86.65093607107798
97	9700	888	1000	58.418820931851755	0.01682968433767667	0	888	0.9082000000000086	0.9256756756756757	86.79074048598608
98	9800	884	1000	54.26757841404727	0.01809379076659222	0	884	0.9090000000000088	0.9253393665158371	86.93080885410309
99	9900	877	1000	53.07134114873409	0.018494085383406692	0	877	0.9099000000000086	0.9213226909920182	87.07053064902624
100	10000	871	1000	50.61287339235004	0.019375011199206323	0	871	0.9103500000000087	0.9196326061997704	87.2097556869189
101	10100	866	1000	47.04329232783532	0.020814560192425034	0	866	0.9108000000000084	0.9272517321016166	88.28159370422364
102	10200	866	1000	55.673325821139905	0.017644985282070508	0	866	0.9112000000000083	0.9295612009237876	88.41706828673681
103	10300	862	1000	48.18396564025434	0.02033182942819795	0	862	0.9117500000000085	0.9211136890951276	88.55565293629964
104	10400	860	1000	49.916225351398246	0.019640104762254106	0	860	0.9119500000000086	0.922093023255814	88.69098645448685
105	10500	858	1000	47.466926464309104	0.020632626678656774	0	858	0.9125500000000089	0.9195804195804196	88.83356275161107
106	10600	856	1000	44.46993124927499	0.021992555795121084	0	856	0.912850000000009	0.9228971962616822	88.97240786949793
107	10700	853	1000	49.40125055778617	0.019840777538912006	0	853	0.9135500000000093	0.9214536928487691	89.11405496994654
108	10800	853	1000	45.94223678929155	0.021302776953059887	0	853	0.9138500000000095	0.9226260257913247	89.25129683812459
109	10900	851	1000	44.934379472980694	0.021770186328264548	0	851	0.9144000000000094	0.9247943595769683	89.38538184960683
110	11000	850	1000	42.909086322190284	0.022774329501241093	0	850	0.9150000000000098	0.9211764705882353	89.52357439994812
111	11100	847	1000	39.91016211445732	0.024443804382936144	0	847	0.9156000000000099	0.9185360094451004	89.66142403682073
112	11200	844	1000	47.15782488403582	0.02076505744202532	0	844	0.9160500000000099	0.9218009478672986	89.80083248615264
113	11300	843	1000	40.988649311854	0.02381596017944987	0	843	0.9161000000000101	0.9276393831553974	89.93291230201721
114	11400	840	1000	42.696273901387144	0.02288524651453759	0	840	0.9167500000000102	0.925	90.07703603903452
115	11500	840	1000	40.09620188119931	0.024333148909740972	0	840	0.9171500000000105	0.9285714285714286	90.21583071947097
116	11600	837	1000	36.92644256896026	0.0263668283198915	0	837	0.9180000000000103	0.9223416965352449	90.36028205156326
117	11700	835	1000	40.590843254024556	0.024043753907375624	0	835	0.9185500000000103	0.9233532934131736	90.49905647039414
118	11800	834	1000	37.569411259118205	0.02592728194064901	0	834	0.9187500000000106	0.9232613908872902	90.6378257393837
119	11900	832	1000	36.18074324724082	0.026895643084655387	0	832	0.9198000000000108	0.9110576923076923	90.7868016521136
120	12000	835	1000	33.596962928922395	0.028904271223299177	0	835	0.9206000000000112	0.9017964071856287	90.94196181694666
121	12100	833	1000	29.706221112277237	0.0325666905199276	0	833	0.921550000000011	0.8895558223289316	91.10547100305557
122	12200	835	1000	34.05118958054825	0.028529702186055127	0	835	0.9224000000000114	0.874251497005988	91.28248797257741
123	12300	835	1000	29.51455621267064	0.032771245074990386	0	835	0.9229500000000117	0.8706586826347306	91.4500543196996
124	12400	834	1000	29.872590120242258	0.03239119219039316	0	834	0.9237500000000121	0.8585131894484412	91.63339968522389
125	12500	836	1000	28.079770699001784	0.03438816661763866	0	836	0.9240500000000124	0.8600478468899522	91.81388455231985
126	12600	830	1000	26.039445527852124	0.03698300688044601	0	830	0.924700000000012	0.8602409638554217	91.99919610023498
127	12700	829	1000	27.851913106881963	0.034659746696709445	0	829	0.9256500000000121	0.856453558504222	92.17840135494868
128	12800	828	1000	25.130800020785333	0.0382690158435473	0	828	0.9262500000000117	0.8538647342995169	92.35875928401947
129	12900	826	1000	23.90407244038657	0.04015407529807513	0	826	0.9275000000000122	0.8559322033898306	92.5347761551539
130	13000	828	1000	21.919683598832908	0.04363061975475617	0	828	0.9284000000000119	0.8490338164251208	92.72942698796591
131	13100	827	1000	19.843960791165845	0.04797552682136225	0	827	0.928750000000012	0.8633615477629988	92.90321857134501
132	13200	824	1000	23.472365219062937	0.040862417304112574	0	824	0.9289500000000119	0.875	93.07915048599243
133	13300	822	1000	19.387118789248518	0.04905057994400692	0	822	0.9293000000000118	0.8734793187347932	93.2551022529602
134	13400	820	1000	19.59447769632151	0.04855670606196609	0	820	0.9297000000000117	0.8792682926829268	93.42642980416616
135	13500	823	1000	18.223318663550764	0.05202015414206783	0	823	0.9308500000000121	0.8651275820170109	93.6098907192548
136	13600	820	1000	16.958301459108725	0.05568455359082886	0	820	0.9313000000000116	0.8731707317073171	93.78216620286305
137	13700	819	1000	17.280968323184453	0.0547016975425624	0	819	0.9321000000000119	0.8644688644688645	93.97273860375087
138	13800	819	1000	15.470791775837933	0.060713535427420355	0	819	0.9322500000000118	0.8693528693528694	94.14296298821768
139	13900	818	1000	15.031643666037422	0.0623766359102948	0	818	0.9325000000000118	0.8789731051344744	94.30996160109838
140	14000	817	1000	13.709159473366022	0.06798484997125138	0	817	0.933750000000012	0.8922888616891065	94.48359346787134
141	14100	815	1000	11.843318890992299	0.07786149425140826	0	815	0.9340000000000124	0.8846625766871166	94.65628512303034
142	14200	815	1000	13.153511209405501	0.07065384590471552	0	815	0.9347000000000124	0.8858895705521472	94.83461233774821
143	14300	818	1000	11.417931085561424	0.08052871232009975	0	818	0.9351500000000126	0.8875305623471883	95.00602976878484
144	14400	815	1000	11.838370920481081	0.07789150244948118	0	815	0.9358500000000124	0.8871165644171779	95.17224068641663
145	14500	814	1000	10.655765454441307	0.0857944511588435	0	814	0.9365500000000124	0.8869778869778869	95.35121687253316
146	14600	813	1000	9.431800473741825	0.09586072917298676	0	813	0.9368500000000121	0.8868388683886839	95.52124346892039
147	14700	813	1000	9.705591540877837	0.09340913075019132	0	813	0.9373000000000125	0.8880688806888068	95.70384113788604
148	14800	815	1000	8.642251222460924	0.10371022045874231	0	815	0.9380500000000127	0.8625766871165644	95.8955624183019
149	14900	815	1000	7.618831554481498	0.11602500799311179	0	815	0.9383500000000128	0.8662576687116564	96.07313592036566
150	15000	810	1000	7.2181898728962635	0.1216812966682624	0	810	0.9384000000000123	0.8777777777777778	96.24954237143199
151	15100	808	1000	6.909152023770525	0.12643580462160223	0	808	0.9388500000000124	0.8824257425742574	96.42181237141291
152	15200	811	1000	7.981873359378253	0.11133534842771625	0	811	0.9392500000000125	0.8803945745992602	96.6070478161176
153	15300	812	1000	6.559697000442752	0.13228043398319173	0	812	0.9393500000000126	0.8842364532019704	96.77875108718872
154	15400	810	1000	6.894684902722184	0.12666750001069552	0	810	0.9405500000000124	0.8654320987654321	96.9802467862765
155	15500	810	1000	6.426404568203501	0.134654662403062	0	810	0.9406000000000125	0.8827160493827161	97.16162328322729
156	15600	811	1000	6.024166017611536	0.14236565557999656	0	811	0.9407000000000127	0.8828606658446363	97.34015526771546
157	15700	808	1000	6.396856979956746	0.13519255579899664	0	808	0.9411500000000127	0.8910891089108911	97.52037983735403
158	15800	805	1000	4.921999821302838	0.16886187608496084	0	805	0.9414000000000126	0.9105590062111801	97.69429283539453
159	15900	802	1000	4.467761392665987	0.18289020463499361	0	802	0.9416500000000125	0.9039900249376559	97.86105820337932
160	16000	801	1000	4.306003295858701	0.1884657706075104	0	801	0.9417500000000124	0.9026217228464419	98.02258943716684
161	16100	801	1000	3.9694815494318	0.2012282347872562	0	801	0.9418000000000124	0.9026217228464419	98.18967465559642
162	16200	803	1000	4.720365784369093	0.17481399576448436	0	803	0.9420500000000126	0.9090909090909091	98.36010788679123
163	16300	806	1000	3.8458023664323178	0.20636417343950444	0	806	0.9424000000000127	0.8895781637717122	98.5469366033872
164	16400	807	1000	3.7951798752384263	0.20854275043233447	0	807	0.9424000000000128	0.9107806691449815	98.70915658871333
165	16500	807	1000	3.7027395880391936	0.21264201031742644	0	807	0.9428000000000131	0.9058240396530359	98.88108308712641
166	16600	807	1000	3.5875527498741278	0.21798114474595148	0	807	0.9430000000000132	0.8971499380421314	99.06210192044576
167	16700	806	1000	3.894944153873045	0.20429242266405967	0	806	0.9433500000000132	0.892059553349876	99.24977135658264
168	16800	808	1000	3.724568342730912	0.21165954801745474	0	808	0.9433500000000135	0.8898514851485149	99.42198428710302
169	16900	804	1000	3.5806474025992503	0.21830975233600347	0	804	0.9437500000000132	0.8818407960199005	99.60666491985322
170	17000	802	1000	3.19868696308969	0.23816969657202772	0	802	0.9437500000000134	0.871571072319202	99.79008980194727
171	17100	803	1000	2.9680843565036747	0.2520107714849872	0	803	0.9438000000000135	0.8742216687422167	99.96475346883138
172	17200	803	1000	3.61039834068596	0.21690099772403065	0	803	0.9438000000000134	0.8816936488169365	100.14963903824489
173	17300	805	1000	3.390711950964135	0.22775349673767936	0	805	0.9438500000000134	0.8993788819875776	100.32372721831004
174	17400	806	1000	3.389621168140436	0.22781009150810785	0	806	0.9439000000000133	0.8957816377171216	100.49902840455373
175	17500	802	1000	3.3365597736321906	0.23059753634213737	0	802	0.9439000000000132	0.8965087281795511	100.6798154671987
176	17600	799	1000	3.3371515333173005	0.23056607368180726	0	799	0.9441000000000129	0.9061326658322904	100.84566591978073
177	17700	796	1000	3.511156631908338	0.22167263998922018	0	796	0.9443500000000131	0.9170854271356784	101.00989380280177
178	17800	796	1000	3.2042431442623696	0.23785493980402247	0	796	0.9443500000000131	0.9183417085427136	101.17066255410512
179	17900	797	1000	3.0289970997385334	0.24820072470761922	0	797	0.944350000000013	0.9297365119196989	101.32798777023952
180	18000	793	1000	3.110915683387244	0.24325480671888572	0	793	0.9443500000000128	0.9344262295081968	101.4831159512202
181	18100	798	1000	3.26689463256996	0.23436247812796301	0	798	0.9444500000000129	0.918546365914787	101.66054157018661
182	18200	798	1000	3.922912876678255	0.20313176874150815	0	798	0.944450000000013	0.9022556390977443	101.8464433670044
183	18300	800	1000	3.464384433051183	0.22399504679675403	0	800	0.9447000000000132	0.88875	102.03646433750788
184	18400	804	1000	3.7350182674535657	0.21119242704374777	0	804	0.9449000000000135	0.8781094527363185	102.24349292119344
185	18500	801	1000	3.63057758349081	0.21595578131878299	0	801	0.9449000000000134	0.8888888888888888	102.42479573488235
186	18600	800	1000	3.4536564240042265	0.2245346081503325	0	800	0.9449000000000134	0.89	102.6008676369985
187	18700	801	1000	3.7492324365229854	0.21056034072152538	0	801	0.9450500000000136	0.8838951310861424	102.79002138376237
188	18800	799	1000	3.364701448817919	0.22911074485308208	0	799	0.9452500000000132	0.8710888610763454	102.99712600310643
189	18900	799	1000	2.799283345095714	0.26320753393948493	0	799	0.9454000000000135	0.8760951188986232	103.20052735408147
190	19000	796	1000	2.3672710026501966	0.2969763940036172	0	796	0.9455000000000134	0.8793969849246231	103.39844257036845
191	19100	798	1000	2.7076837544413666	0.26971016576106804	0	798	0.9455000000000134	0.8872180451127819	103.60341705083847
192	19200	800	1000	3.328876881624983	0.2310068009198307	0	800	0.9457500000000136	0.8925	103.80889156659444
193	19300	800	1000	2.899300562493397	0.25645625003078826	0	800	0.9458000000000135	0.8975	104.01395603815715
194	19400	803	1000	2.9605752390440108	0.2524885754326375	0	803	0.9458000000000135	0.9028642590286425	104.2114422996839
195	19500	803	1000	2.728740836601915	0.2681870486100403	0	803	0.9458000000000136	0.9016189290161893	104.40543907086054
196	19600	803	1000	2.6563366944227513	0.2734977885174976	0	803	0.9458000000000137	0.9028642590286425	104.59648270209631
197	19700	803	1000	2.869471083336438	0.25843325314056964	0	803	0.9458000000000137	0.9090909090909091	104.79264481862386
198	19800	803	1000	2.658889573804554	0.2733069637191015	0	803	0.9458000000000136	0.9140722291407223	105.01300681829453
199	19900	802	1000	2.336903275499809	0.29967904893803604	0	802	0.9459500000000134	0.912718204488778	105.21241498390833
200	20000	804	1000	2.6928322965182963	0.2707948587166624	0	804	0.9460500000000134	0.904228855721393	105.43928400278091
201	20100	807	1000	3.0337901055223138	0.24790580913741303	0	807	0.9460500000000138	0.9021065675340768	107.71054150263468
202	20200	808	1000	3.469495242467236	0.22373891138722488	0	808	0.9460500000000137	0.8985148514851485	107.95991863409678
203	20300	803	1000	2.423147953348114	0.2921287696670895	0	803	0.9464000000000132	0.8966376089663761	108.2471977353096
204	20400	801	1000	2.5094567083232544	0.28494438971945013	0	801	0.9465000000000132	0.8926342072409488	108.5178284684817
205	20500	798	1000	2.669522393904105	0.2725150285664486	0	798	0.9465000000000133	0.8822055137844611	108.80566573937735
206	20600	794	1000	2.542517521481764	0.2822851246143505	0	794	0.9465000000000128	0.8690176322418136	109.10122123559316
207	20700	795	1000	2.641471410973327	0.2746142663612758	0	795	0.9465000000000123	0.8616352201257862	109.40080951849619
208	20800	795	1000	23.735775467378517	0.04042727511489574	0	795	0.9465000000000124	0.8616352201257862	109.70354478756586
209	20900	792	1000	1.9644366579670196	0.3373322203773414	0	792	0.9465000000000124	0.8623737373737373	110.06355311870576
210	21000	789	1000	2.0121494938538613	0.33198883456496747	0	789	0.9465000000000124	0.8681875792141952	110.46981903314591
211	21100	784	1000	2.04694987810162	0.3281970626386026	0	784	0.9465500000000119	0.8673469387755102	110.83367122014364
212	21200	783	1000	2.2262431273890595	0.3099580411378612	0	783	0.9465500000000117	0.8735632183908046	111.1132895708084
213	21300	788	1000	2.9146702604921546	0.25544935676760666	0	788	0.9466000000000119	0.8730964467005076	111.37263561884562
214	21400	791	1000	2.220776160962366	0.3104841659350834	0	791	0.946600000000012	0.877370417193426	111.6606280207634
215	21500	789	1000	2.0445035714137005	0.3284607741601876	0	789	0.946850000000012	0.8719898605830165	111.9933942715327
216	21600	789	1000	1.8971099056121252	0.3451715787733333	0	789	0.946850000000012	0.8833967046894804	112.28400070269903
217	21700	787	1000	2.1109624999165146	0.3214439261247398	0	787	0.9468500000000118	0.8869123252858958	112.61476820309957
218	21800	787	1000	1.9219239066272806	0.34224026085411663	0	787	0.946850000000012	0.8894536213468869	112.96366573572159
219	21900	787	1000	1.9540164719840178	0.3385221475519959	0	787	0.946850000000012	0.8869123252858958	113.32132836977641
220	22000	791	1000	2.063828683390641	0.3263890064810452	0	791	0.9469500000000118	0.8748419721871049	113.67064655621847
221	22100	788	1000	2.002036295101348	0.33310723179189283	0	788	0.9469500000000117	0.8781725888324873	113.94038645426433
222	22200	785	1000	2.1365453247047816	0.3188221104677077	0	785	0.9469500000000112	0.8840764331210191	114.21873748699824
223	22300	786	1000	3.1267501315769537	0.24232143166319364	0	786	0.9469500000000113	0.8778625954198473	114.52659998337428
224	22400	786	1000	2.547527857953862	0.281886440372248	0	786	0.9469500000000112	0.8854961832061069	114.80888385375341
225	22500	790	1000	2.4719436722142247	0.2880231059054746	0	790	0.9469500000000116	0.889873417721519	115.13663340409597
226	22600	790	1000	2.1445945153157018	0.318006024347341	0	790	0.947000000000012	0.8772151898734177	115.50052457253138
227	22700	797	1000	2.274172405546422	0.30542069144129613	0	797	0.9471000000000122	0.875784190715182	115.82694725195567
228	22800	797	1000	24.219780814257017	0.03965141518734727	0	797	0.9473000000000125	0.8845671267252195	116.13412601947785
229	22900	799	1000	2.043654188211629	0.32855243669701306	0	799	0.9473000000000126	0.8873591989987485	116.44335887034734
230	23000	799	1000	2.0982154945643527	0.32276644466934096	0	799	0.9473000000000126	0.8948685857321652	116.81522953510284
231	23100	795	1000	2.34732375554859	0.29874612467419087	0	795	0.9473000000000127	0.8930817610062893	117.14971753358842
232	23200	795	1000	2.9150498372847338	0.2554245901231096	0	795	0.9473000000000127	0.8855345911949686	117.47213918368021
233	23300	795	1000	1.9309420105035355	0.34118723482632124	0	795	0.9473000000000129	0.8955974842767296	117.72543928623199
234	23400	795	1000	2.0882189103904367	0.32381124169515957	0	795	0.9473000000000129	0.8805031446540881	118.04083585341772
235	23500	796	1000	2.1370328226851347	0.318772565198745	0	796	0.9473000000000129	0.885678391959799	118.38947735230128
236	23600	795	1000	2.1357927414403015	0.3188986270631808	0	795	0.9473000000000128	0.89937106918239	118.68709448575973
237	23700	797	1000	2.2111562976129324	0.31141430292364375	0	797	0.9473000000000134	0.8933500627352572	118.98004876772562
238	23800	795	1000	23.78238197642666	0.04035124633908128	0	795	0.947450000000013	0.8905660377358491	119.23921558856964
239	23900	796	1000	2.7298585889959117	0.2681066791513945	0	796	0.9474500000000132	0.8881909547738693	119.48687193791072
240	24000	793	1000	2.400112005137231	0.29410795835228354	0	793	0.9474500000000129	0.8852459016393442	119.77665308713912
241	24100	786	1000	2.204312407739946	0.31207943319899834	0	786	0.9474500000000128	0.8740458015267175	120.1199006875356
242	24200	791	1000	2.24120953620719	0.308526798045332	0	791	0.9474500000000132	0.8761061946902655	120.46718790133794
243	24300	793	1000	2.9165007107614658	0.2553299677061912	0	793	0.9474500000000132	0.8776796973518285	120.84898728529612
244	24400	795	1000	2.360417413747056	0.29758207891350713	0	795	0.9474500000000133	0.8779874213836478	121.24400200049082
245	24500	796	1000	2.546517961197113	0.2819667095841956	0	796	0.9475000000000137	0.8793969849246231	121.5733356197675
246	24600	798	1000	2.3712788202142603	0.2966233448280749	0	798	0.9475000000000138	0.87468671679198	121.85488740205764
247	24700	797	1000	2.5142025426220638	0.2845595801242198	0	797	0.9475000000000137	0.8820577164366374	122.20491235256195
248	24800	797	1000	2.3331649013584954	0.30001515964374603	0	797	0.9475000000000134	0.8833124215809285	122.54305480321248
249	24900	801	1000	2.4352487255437967	0.29109973684414975	0	801	0.9475000000000134	0.8826466916354557	122.92651271820068
250	25000	802	1000	2.34171971759992	0.29924711959931133	0	802	0.9475000000000132	0.8927680798004988	123.28013962109884
251	25100	800	1000	1.9227524486692367	0.3421432425641493	0	800	0.9476000000000135	0.90375	123.59396153688431
252	25200	798	1000	2.424546218609357	0.2920094915250059	0	798	0.9476000000000139	0.8959899749373433	123.90419617096583
253	25300	800	1000	2.226981606186547	0.3098871087715123	0	800	0.9476000000000137	0.90125	124.195190401872
254	25400	801	1000	2.2229985045616254	0.3102700788053932	0	801	0.9476000000000135	0.9051186017478152	124.5277200182279
255	25500	802	1000	2.17198011858282	0.3152604879650951	0	802	0.9476000000000138	0.9052369077306733	124.93080593744914
256	25600	804	1000	2.1303457509721935	0.31945352991420495	0	804	0.947700000000014	0.8930348258706468	125.30149675210318
257	25700	803	1000	2.457171079247922	0.28925383704689017	0	803	0.947800000000014	0.8953922789539228	125.60713615417481
258	25800	805	1000	2.8141420244186093	0.2621821614396832	0	805	0.947900000000014	0.8795031055900621	125.97285980383555
259	25900	803	1000	2.492088882420802	0.2863615542645568	0	803	0.9480000000000137	0.8704856787048568	126.42204411824544
260	26000	806	1000	2.2344700116917147	0.30916966191842143	0	806	0.9480000000000138	0.858560794044665	126.83492615222931
261	26100	805	1000	2.013986496785568	0.3317864897757522	0	805	0.9480000000000136	0.8559006211180125	127.11837188800176
262	26200	803	1000	2.285884496331142	0.3043320607028491	0	803	0.9480000000000136	0.8767123287671232	127.39555648565292
263	26300	800	1000	2.946153872150459	0.25341130437345294	0	800	0.9481000000000136	0.87	127.68115486701329
264	26400	800	1000	2.5571014993272176	0.28112776657881083	0	800	0.9481500000000135	0.87375	128.0298180182775
265	26500	796	1000	2.561718366128699	0.2807633555504613	0	796	0.948150000000013	0.8768844221105527	128.44966248671213
266	26600	798	1000	2.58653049237415	0.2788209948657197	0	798	0.9481500000000135	0.8759398496240601	128.83192323446275
267	26700	798	1000	2.7154141649402175	0.2691489980945611	0	798	0.9483000000000132	0.8709273182957393	129.21625485420228
268	26800	796	1000	2.5930567539657057	0.2783145573462725	0	796	0.9483000000000134	0.8907035175879398	129.66828617254893
269	26900	800	1000	2.381517554644583	0.2957252132630451	0	800	0.9483000000000131	0.89	130.12434275150298
270	27000	801	1000	3.2319270550868153	0.23629896899994784	0	801	0.9483000000000131	0.8913857677902621	130.49271873633066
271	27100	802	1000	3.3007117188252155	0.23251965381050008	0	802	0.9483000000000132	0.8965087281795511	130.78692450126013
272	27200	800	1000	3.437701491016135	0.22534188070658673	0	800	0.9484000000000133	0.8825	131.10753933588663
273	27300	798	1000	3.215395939447063	0.23722564009756358	0	798	0.9484000000000133	0.8922305764411027	131.37741496960322
274	27400	800	1000	2.3138972506953226	0.301759506813369	0	800	0.9484000000000135	0.89375	131.66194653511047
275	27500	798	1000	2.3693455281404767	0.29679354392361607	0	798	0.9484000000000133	0.893483709273183	131.9407173514366
276	27600	795	1000	2.123299487523981	0.3201742272857597	0	795	0.9484000000000136	0.8981132075471698	132.18691408634186
277	27700	794	1000	2.22969467071498	0.3096267919897899	0	794	0.9484000000000135	0.9042821158690176	132.40820277134577
278	27800	795	1000	2.230381731714755	0.3095609383195647	0	795	0.9484500000000133	0.8930817610062893	132.6332564552625
279	27900	791	1000	2.1759151270347714	0.3148698752959627	0	791	0.9484500000000131	0.9152970922882427	132.84805110295613
280	28000	787	1000	2.3092884889853997	0.30217975958529736	0	787	0.948450000000013	0.9263024142312579	133.0671536008517
281	28100	789	1000	2.389500536787069	0.2950287185816194	0	789	0.9484500000000131	0.926489226869455	133.2711287856102
282	28200	788	1000	3.1401785410320207	0.24153547729628355	0	788	0.9484500000000133	0.9251269035532995	133.4964591026306
283	28300	788	1000	3.381435833139469	0.22823568302344877	0	788	0.9484500000000136	0.916243654822335	133.7143775542577
284	28400	788	1000	3.557851294072901	0.21940162929414025	0	788	0.9484500000000136	0.9200507614213198	133.9162079532941
285	28500	791	1000	3.4641586388355186	0.2240063763192903	0	791	0.9485000000000144	0.9077117572692794	134.1594353556633
286	28600	792	1000	2.9077672483467123	0.2559006042192194	0	792	0.9485000000000144	0.9090909090909091	134.38795648415882
287	28700	788	1000	2.5541293608561793	0.28136285949904283	0	788	0.9485000000000143	0.9124365482233503	134.5988236228625
288	28800	791	1000	2.6650576900006646	0.27284700121591227	0	791	0.9485000000000144	0.900126422250316	134.84954583644867
289	28900	789	1000	3.165683894567637	0.24005662102784003	0	789	0.9485000000000143	0.8960709759188846	135.07209228674571
290	29000	789	1000	2.7134025726809052	0.2692947991572177	0	789	0.9485000000000143	0.8948035487959443	135.3041090687116
291	29100	792	1000	2.7904574155288007	0.2638204022298696	0	792	0.9485000000000147	0.8737373737373737	135.56885755459467
292	29200	789	1000	2.7614019380387296	0.26585831997561526	0	789	0.9485000000000148	0.8859315589353612	135.7858841697375
293	29300	793	1000	3.23534817412211	0.2361080975845101	0	793	0.948500000000015	0.8827238335435057	136.0213122367859
294	29400	790	1000	2.8255459296761893	0.26140059964843876	0	790	0.9485000000000151	0.8734177215189873	136.2608733177185
295	29500	792	1000	2.985406377886055	0.25091544128316007	0	792	0.9485000000000156	0.8699494949494949	136.53441108465194
296	29600	791	1000	2.803800136815134	0.26289499028129415	0	791	0.9485000000000154	0.8621997471554994	136.7958061695099
297	29700	794	1000	3.021293989396703	0.24867617305195475	0	794	0.9486000000000154	0.8501259445843828	137.0566214879354
298	29800	797	1000	2.7955213759903086	0.26346841472842053	0	797	0.9487000000000159	0.8582183186951067	137.30385171969732
299	29900	795	1000	2.949570228575838	0.25319210499532924	0	795	0.9488000000000155	0.8528301886792453	137.56937493483227
300	30000	793	1000	3.0774162298958783	0.245253352519651	0	793	0.9488000000000155	0.8600252206809584	137.82719142039616
301	30100	788	1000	2.9780610273151424	0.25137874787077263	0	788	0.9488000000000152	0.868020304568528	140.44689063628513
302	30200	788	1000	3.2896019519898823	0.23312186333189144	0	788	0.9488000000000152	0.8616751269035533	140.71839320262274
303	30300	787	1000	2.6986813481333236	0.2703666268803305	0	787	0.9489000000000151	0.8640406607369758	140.97462440331776
304	30400	786	1000	3.1787780557343006	0.23930440589630184	0	786	0.9490000000000152	0.8587786259541985	141.2438412865003
305	30500	786	1000	3.2197914027799968	0.2369785386408438	0	786	0.9491000000000155	0.871501272264631	141.5751391530037
306	30600	792	1000	2.8301822719262786	0.26108418059620936	0	792	0.9491000000000156	0.8712121212121212	141.83699447313944
307	30700	792	1000	2.9344082549701866	0.2541678278396093	0	792	0.9491000000000154	0.8737373737373737	142.10701213677723
308	30800	787	1000	24.303428680364245	0.03952033586562961	0	787	0.9491000000000155	0.8792884371029225	142.3684165676435
309	30900	785	1000	2.4629262276524777	0.28877311679778445	0	785	0.9491000000000157	0.8777070063694268	142.6374721844991
310	31000	784	1000	2.3028067864307493	0.30277278226156	0	784	0.9491000000000156	0.8813775510204082	142.93322840531667
311	31100	780	1000	1.854158001719676	0.3503660271777119	0	780	0.9491000000000155	0.8858974358974359	143.20989189942676
312	31200	782	1000	1.9083874673673507	0.3438331416361081	0	782	0.9491500000000156	0.8823529411764706	143.47288930416107
313	31300	777	1000	2.4798506727639444	0.2873686528639831	0	777	0.9491500000000155	0.8815958815958816	143.72415413459143
314	31400	777	1000	2.6786708399344747	0.2718373139407635	0	777	0.9491500000000156	0.888030888030888	143.96929958661397
315	31500	777	1000	2.6167370076421324	0.2764923183209089	0	777	0.9491500000000156	0.8996138996138996	144.21228738625845
316	31600	779	1000	2.5968753259701765	0.2780190886183336	0	779	0.9491500000000158	0.9037227214377407	144.4615829229355
317	31700	779	1000	2.3486640915429056	0.2986265485766437	0	779	0.949150000000016	0.9050064184852374	144.68300847212473
318	31800	779	1000	2.155249547769746	0.3169321427228598	0	779	0.949150000000016	0.8973042362002568	144.92091295321782
319	31900	778	1000	2.000047598620086	0.3333280446816791	0	778	0.9491500000000159	0.9061696658097687	145.1518969853719
320	32000	777	1000	2.0164369237669915	0.3315169603318535	0	777	0.9491500000000159	0.8996138996138996	145.39765801827113
321	32100	781	1000	1.8207878644004656	0.3545108842179954	0	781	0.949150000000016	0.9052496798975672	145.62570723692576
322	32200	779	1000	2.714769155009625	0.26919573149018705	0	779	0.9491500000000158	0.9139922978177151	145.86365377108257
323	32300	781	1000	2.403120073864231	0.29384799192950706	0	781	0.9491500000000159	0.9090909090909091	146.1409681359927
324	32400	783	1000	2.400588266345947	0.2940667677697234	0	783	0.9492500000000159	0.9042145593869731	146.39709258874257
325	32500	786	1000	2.828437366227916	0.2612031762152819	0	786	0.9492500000000155	0.8893129770992366	146.67571821610133
326	32600	790	1000	3.1327705998898576	0.24196842670789687	0	790	0.9492500000000158	0.8810126582278481	146.96003251870474
327	32700	790	1000	2.9731135338357673	0.2516917756021356	0	790	0.949250000000016	0.879746835443038	147.22212425072988
328	32800	789	1000	2.6637605459420897	0.27294360192496225	0	789	0.9492500000000159	0.8783269961977186	147.48252740303676
329	32900	788	1000	2.1461398918290753	0.31784982053631083	0	788	0.9492500000000158	0.8870558375634517	147.70528563658397
330	33000	787	1000	2.1534554760624216	0.3171124525432194	0	787	0.9492500000000157	0.8983481575603558	147.9254084865252
331	33100	788	1000	2.097686504051534	0.32282156334802686	0	788	0.9492500000000159	0.8972081218274112	148.15372590223947
332	33200	789	1000	2.5741508813404583	0.27978673346463695	0	789	0.9492500000000158	0.8948035487959443	148.3946058034897
333	33300	792	1000	2.19193401396919	0.3132896844432237	0	792	0.949250000000016	0.8977272727272727	148.64729441801708
334	33400	791	1000	2.2229544793301854	0.31027431706321407	0	791	0.9492500000000158	0.900126422250316	148.8902659058571
335	33500	791	1000	2.2683420618210373	0.3059655265834768	0	791	0.9492500000000158	0.9039190897597977	149.1391951839129
336	33600	792	1000	2.19704337149174	0.31278900027352463	0	792	0.9492500000000155	0.9179292929292929	149.39146278699238
337	33700	793	1000	2.371847040468348	0.29657335816191127	0	793	0.9492500000000156	0.9230769230769231	149.6340337673823
338	33800	794	1000	2.3850471674201077	0.29541685847826565	0	794	0.9492500000000155	0.929471032745592	149.89014920393626
339	33900	794	1000	2.117065209090451	0.3208145909439593	0	794	0.9492500000000154	0.9118387909319899	150.1668975353241
340	34000	795	1000	2.4287133986202405	0.29165458985356235	0	795	0.9492500000000156	0.9044025157232705	150.4495869199435
341	34100	797	1000	2.4955390289473764	0.28607891135494873	0	797	0.9492500000000152	0.8870765370138017	150.75958516995112
342	34200	799	1000	3.3673331428520945	0.2289726859139828	0	799	0.9492500000000154	0.8873591989987485	151.01323567231495
343	34300	797	1000	3.1626179969877337	0.24023343019312532	0	797	0.9492500000000154	0.890840652446675	151.26664620637894
344	34400	796	1000	3.784024976694993	0.2090290090188539	0	796	0.9492500000000156	0.8907035175879398	151.5764021674792
345	34500	801	1000	4.084953823185218	0.19665861967918508	0	801	0.9492500000000157	0.8813982521847691	151.89177568356197
346	34600	800	1000	3.805766635604052	0.20808334566048003	0	800	0.9492500000000156	0.8875	152.1401698033015
347	34700	801	1000	3.8841938046705127	0.20474208026793478	0	801	0.9492500000000155	0.8913857677902621	152.37315622170766
348	34800	801	1000	3.1851671885110204	0.2389390805569647	0	801	0.949250000000015	0.8913857677902621	152.61781210104624
349	34900	798	1000	2.490043587086164	0.28652937278496843	0	798	0.949250000000015	0.9035087719298246	152.86381988922756
350	35000	802	1000	2.5327201025789425	0.2830679960379493	0	802	0.949250000000015	0.8940149625935162	153.13459696769715
351	35100	804	1000	2.410360333989837	0.29322414703025923	0	804	0.9492500000000149	0.9129353233830846	153.37712057034176
352	35200	803	1000	3.0638126152587946	0.24607433823232946	0	803	0.949250000000015	0.9066002490660025	153.63230258623759
353	35300	805	1000	4.788600065739385	0.17275334081527513	0	805	0.9492500000000145	0.8869565217391304	153.91573382218678
354	35400	804	1000	3.301663111289951	0.23246822778274875	0	804	0.9493000000000145	0.8980099502487562	154.15558220545452
355	35500	810	1000	3.3647254166480773	0.22910948674703968	0	810	0.949300000000015	0.9024691358024691	154.4167181889216
356	35600	812	1000	3.304475201689302	0.23231635754517707	0	812	0.9493000000000152	0.9002463054187192	154.668777235349
357	35700	813	1000	3.661018194034049	0.21454539724388272	0	813	0.9493000000000154	0.8954489544895449	154.92514206965765
358	35800	811	1000	3.4526186643280448	0.22458693981846128	0	811	0.9493000000000155	0.8816276202219482	155.23098590373993
359	35900	810	1000	3.7415164903812554	0.21090298895482532	0	810	0.9493000000000156	0.8790123456790123	155.51463226874668
360	36000	814	1000	3.8096824393815805	0.20791393456915588	0	814	0.9493000000000157	0.8697788697788698	155.79735620419186
361	36100	817	1000	3.24354367097074	0.23565210530076694	0	817	0.9493500000000155	0.8372093023255814	156.1266349196434
362	36200	815	1000	3.504680221884784	0.22199134028243947	0	815	0.9493500000000152	0.8392638036809816	156.40982075532278
363	36300	814	1000	3.4145776501203273	0.2265222359318435	0	814	0.9494000000000147	0.8452088452088452	156.7086704691251
364	36400	814	1000	3.4108399218521837	0.22671418997678877	0	814	0.9494000000000148	0.8452088452088452	156.97012825409573
365	36500	810	1000	3.1417240261230917	0.24144534828798372	0	810	0.9494000000000149	0.8530864197530864	157.2419846892357
366	36600	807	1000	3651205597079.3647	2.7388213931300826e-13	0	807	0.9494000000000146	0.8525402726146221	157.55588347117106
367	36700	808	1000	4403519635620.498	2.2709107322031128e-13	0	808	0.9494000000000146	0.8502475247524752	157.89712681770325
368	36800	810	1000	3.71989575918675	0.21186908589106268	0	810	0.9494000000000146	0.8629629629629629	158.17786526679993
369	36900	811	1000	3.549174494028881	0.21982010171572272	0	811	0.9494000000000147	0.8643649815043156	158.43772940635682
370	37000	808	1000	3.5311371493723516	0.22069515157768263	0	808	0.9494000000000146	0.879950495049505	158.7077862381935
371	37100	812	1000	3.409876910787396	0.22676369890366102	0	812	0.9494000000000149	0.8990147783251231	158.98719823360443
372	37200	815	1000	3.998048568836314	0.20007808772311073	0	815	0.9494000000000149	0.8834355828220859	159.2946513215701
373	37300	814	1000	5.023840701705902	0.1660070459228459	0	814	0.949400000000015	0.8955773955773956	159.61973592042924
374	37400	813	1000	3.6830541957309877	0.2135358589083994	0	813	0.9494000000000149	0.8954489544895449	159.9047539035479
375	37500	812	1000	3.6934797538091364	0.21306153482145515	0	812	0.9494000000000146	0.895320197044335	160.1713391184807
376	37600	809	1000	78.7787679133997	0.012534663371656799	0	809	0.9495000000000146	0.8850432632880099	160.48795455296835
377	37700	809	1000	191.86808807710017	0.005184890927109953	0	809	0.9495000000000147	0.892459826946848	160.75240210294723
378	37800	808	1000	3.2923093513677064	0.23297482034498723	0	808	0.9495000000000148	0.8824257425742574	161.00880685249965
379	37900	806	1000	3.0735644590033306	0.2454852525507029	0	806	0.9495000000000147	0.8821339950372209	161.2473560531934
380	38000	805	1000	3.1660935514750053	0.24003301597630952	0	805	0.9495000000000149	0.8621118012422361	161.52526615063348
381	38100	801	1000	3.4407928762730444	0.2251850126455919	0	801	0.949550000000015	0.8726591760299626	161.77708010276157
382	38200	800	1000	4.096403022088705	0.1962168210924106	0	800	0.9495500000000149	0.8875	162.02655767202378
383	38300	796	1000	3.8947540917959733	0.20430035528773255	0	796	0.9495500000000149	0.8768844221105527	162.28235696554185
384	38400	796	1000	4.257804904492713	0.19019343968915917	0	796	0.9495500000000149	0.8680904522613065	162.5346465667089
385	38500	794	1000	4.251695234049654	0.19041470523964246	0	794	0.9495500000000148	0.8753148614609572	162.77484195232392
386	38600	798	1000	4.097675579765021	0.19616783852810332	0	798	0.9495500000000152	0.8784461152882206	163.03894167343776
387	38700	795	1000	4.390615333047685	0.18550757904564327	0	795	0.9495500000000151	0.8704402515723271	163.29372611840566
388	38800	797	1000	4.2483271084257135	0.19053690430129452	0	797	0.9495500000000149	0.8845671267252195	163.54446635246276
389	38900	797	1000	4.016339445822245	0.19934855103014	0	797	0.9495500000000149	0.8883312421580929	163.77743873993555
390	39000	796	1000	4.034931905820908	0.19861241794430134	0	796	0.9495500000000147	0.9082914572864321	164.01441735426585
391	39100	796	1000	4.027860944373369	0.1988917376720791	0	796	0.9495500000000147	0.9095477386934674	164.24102413654327
392	39200	796	1000	5.082466708468332	0.16440698287879604	0	796	0.949650000000015	0.9032663316582915	164.4971740325292
393	39300	795	1000	4.563280307048564	0.17975006557426562	0	795	0.9496500000000145	0.9081761006289308	164.73604131937026
394	39400	791	1000	5.083376462951408	0.16438239620548495	0	791	0.9496500000000143	0.8975979772439949	164.9915562828382
395	39500	792	1000	4.984280842757173	0.1671044568722587	0	792	0.9496500000000142	0.8800505050505051	165.25204727252324
396	39600	790	1000	4.139090653909691	0.19458695464716605	0	790	0.9496500000000142	0.8962025316455696	165.4788481036822
397	39700	791	1000	4.5350449516145925	0.18066700609329223	0	791	0.9496500000000144	0.8963337547408344	165.71491852204005
398	39800	790	1000	4.090787107591629	0.1964332781680757	0	790	0.9496500000000144	0.8924050632911392	165.94029060204824
399	39900	787	1000	4.037093553379511	0.19852718425868332	0	787	0.9496500000000143	0.8919949174078781	166.15787056684493
400	40000	785	1000	4.00066370463011	0.19997345533835856	0	785	0.9496500000000135	0.889171974522293	166.39477507273355
401	40100	792	1000	3.445374436705544	0.22495292899130845	0	792	0.9496500000000138	0.8787878787878788	166.65069463650386
402	40200	798	1000	4.124085235615776	0.19515678487339355	0	798	0.9496500000000134	0.8671679197994987	166.91366171836853
403	40300	799	1000	4.178837169262276	0.19309353959519251	0	799	0.9496500000000132	0.8610763454317898	167.16503678957622
404	40400	798	1000	4.015159697849586	0.19939544506006115	0	798	0.949650000000013	0.8621553884711779	167.42304428418478
405	40500	802	1000	3.94260909402934	0.20232229192634263	0	802	0.9497000000000131	0.8728179551122195	167.66801525354384
406	40600	799	1000	4.0954858353463806	0.19625214009294212	0	799	0.9497000000000129	0.8685857321652065	167.92281956672667
407	40700	801	1000	4.571648336732045	0.17948009988486333	0	801	0.9497000000000131	0.867665418227216	168.1687658548355
408	40800	800	1000	24.198441664413156	0.039684993751508996	0	800	0.9497000000000132	0.86625	168.43414134979247
409	40900	800	1000	3.5612630399648113	0.21923752066877394	0	800	0.9497000000000134	0.8625	168.6730800350507
410	41000	804	1000	3.856527162191091	0.2059084540461699	0	804	0.9497000000000135	0.8569651741293532	168.92453476985295
