Epoch	Explore_Iteration	MacroPopSize	MicroPopSize	RMSE	Accuracy_Estimate	RuleCount	TreeCount	AveGenerality	ExpRules	Time(min)
1	100	1000	1000	111853433.93469064	8.940270815857227e-09	0	1000	0.8695999999999995	0.0	1.2692232330640156
2	200	1000	1000	5105.346825725901	0.00019583471983571023	0	1000	0.8704999999999994	0.0	3.3155563831329347
3	300	1000	1000	526.6786396337039	0.0018950928176553917	0	1000	0.8706499999999997	0.0	5.325507167975108
4	400	1000	1000	325.7021609866307	0.003060891905275527	0	1000	0.8709999999999999	0.0	7.103725814819336
5	500	998	1000	251.3537728698746	0.003962690902646606	0	998	0.8710500000000001	0.0	8.424579548835755
6	600	998	1000	159.32440825652768	0.0062373534440242325	0	998	0.8714999999999999	0.0	9.687274499734242
7	700	997	1000	249.11378061301986	0.003998180338360549	0	997	0.8716999999999995	0.0	10.948262453079224
8	800	996	1000	131.88877325915243	0.007525090159797431	0	996	0.8724499999999996	0.0	12.184155797958374
9	900	996	1000	125.10910119456615	0.007929641798470676	0	996	0.8726499999999996	0.0	13.418238147099812
10	1000	992	1000	142.46081327585665	0.006970544618878808	0	992	0.8733499999999995	0.0	14.696004331111908
11	1100	992	1000	106.52077360061375	0.00930052832129448	0	992	0.8737499999999996	0.9395161290322581	14.844867479801177
12	1200	992	1000	126.25810867646788	0.007858045435378347	0	992	0.8739499999999996	0.9445564516129032	14.982494163513184
13	1300	989	1000	115.15010506914179	0.00860954881964782	0	989	0.8749499999999992	0.9433771486349848	15.132648249467215
14	1400	987	1000	116.0174285363243	0.008545735558439332	0	987	0.8753499999999992	0.9473150962512664	15.264946766694386
15	1500	984	1000	109.81749639857784	0.00902384580502789	0	984	0.8758499999999992	0.9512195121951219	15.388422330220541
16	1600	981	1000	115.73158247399132	0.008566661899086373	0	981	0.8764999999999992	0.9582059123343527	15.506533932685851
17	1700	981	1000	102.5396928949056	0.009658131795069313	0	981	0.8762999999999992	0.9602446483180428	15.62014141480128
18	1800	979	1000	111.13854541811358	0.008917540318286236	0	979	0.8772499999999993	0.9611848825331971	15.736651786168416
19	1900	979	1000	109.43514046759171	0.009055088767632436	0	979	0.8777999999999995	0.9601634320735445	15.848557297388712
20	2000	978	1000	104.31043569500072	0.00949573509406221	0	978	0.8781999999999993	0.9591002044989775	15.96561533610026
21	2100	977	1000	98.65469652094244	0.01003464999554587	0	977	0.8784499999999995	0.9611054247697032	16.078286198774972
22	2200	977	1000	108.04422295783759	0.009170591278243637	0	977	0.8788999999999996	0.9611054247697032	16.18732301791509
23	2300	977	1000	110.43296298052933	0.008974005296572163	0	977	0.8791499999999995	0.9641760491299898	16.296132798989614
24	2400	976	1000	105.92167671325372	0.009352640462998302	0	976	0.8796499999999996	0.9651639344262295	16.40623604853948
25	2500	973	1000	102.58781080842121	0.009653645464613917	0	973	0.8804999999999995	0.9630010277492291	16.511166548728944
26	2600	970	1000	105.99176371755514	0.009346513836708727	0	970	0.8814499999999997	0.9608247422680413	16.616491933663685
27	2700	967	1000	96.17885835774278	0.010290304052746925	0	967	0.8820999999999998	0.9638055842812823	16.722070717811583
28	2800	962	1000	103.64748792642091	0.009555891114205376	0	962	0.8832	0.9656964656964657	16.824880333741508
29	2900	960	1000	98.93263035033722	0.010006741506695721	0	960	0.8836499999999998	0.9677083333333333	16.921123250325522
30	3000	956	1000	96.09131318314701	0.010299582601315345	0	956	0.8841499999999995	0.9717573221757322	17.02633646329244
31	3100	955	1000	90.99984572658784	0.010869583444431813	0	955	0.8845499999999995	0.9706806282722513	17.114955532550812
32	3200	953	1000	102.70276959468251	0.009642944001480904	0	953	0.8847999999999997	0.9727177334732424	17.203998732566834
33	3300	951	1000	100.07938217201696	0.009893214407446607	0	951	0.8851999999999998	0.9726603575184016	17.295299367109934
34	3400	949	1000	100.9609853094663	0.009807672973783607	0	949	0.8856999999999998	0.9715489989462592	17.38563211361567
35	3500	949	1000	98.21846270148934	0.01007876934163574	0	949	0.8856999999999998	0.9747102212855637	17.470663181940715
36	3600	949	1000	100.71452056877877	0.009831437973733611	0	949	0.8856999999999998	0.9799789251844047	17.55338100194931
37	3700	947	1000	92.7631253361597	0.010665173504133938	0	947	0.8861999999999999	0.9799366420274551	17.636346765359242
38	3800	944	1000	98.33545843766358	0.010066898726073071	0	944	0.8866499999999997	0.9809322033898306	17.721231098969778
39	3900	944	1000	94.39528958747873	0.01048269788083181	0	944	0.887	0.9798728813559322	17.803694800535837
40	4000	941	1000	93.31533153366176	0.010602730051827188	0	941	0.8878499999999999	0.9776833156216791	17.886828835805257
41	4100	938	1000	87.48252090121636	0.011301667152051643	0	938	0.8880999999999998	0.976545842217484	17.969440245628356
42	4200	933	1000	97.77726925529304	0.010123786651921585	0	933	0.8890499999999999	0.9785637727759914	18.05394433339437
43	4300	928	1000	95.36549380264562	0.010377158467614743	0	928	0.8899999999999997	0.9773706896551724	18.13661063114802
44	4400	925	1000	95.48584554914761	0.010364214505335123	0	925	0.8905499999999997	0.9772972972972973	18.21952919960022
45	4500	921	1000	93.10150981214218	0.010626822056270208	0	921	0.89085	0.9750271444082519	18.30115358432134
46	4600	920	1000	94.73340572787232	0.01044567455212611	0	920	0.8911999999999999	0.9739130434782609	18.386425050099692
47	4700	917	1000	87.12575860298772	0.011347420048944658	0	917	0.8915999999999997	0.9738276990185387	18.471386019388834
48	4800	913	1000	92.10137433066288	0.01074098000367166	0	913	0.8923499999999998	0.9748083242059146	18.55522611538569
49	4900	910	1000	88.24119861474722	0.011205586831223363	0	910	0.8931499999999999	0.9714285714285714	18.640379432837168
50	5000	910	1000	87.53438782334001	0.011295046191490958	0	910	0.8935000000000001	0.9703296703296703	18.726838533083598
51	5100	911	1000	81.94028879969552	0.012056866626242939	0	911	0.8936500000000003	0.9681668496158068	18.813728698094685
52	5200	907	1000	91.39379878051021	0.010823237199886001	0	907	0.8941500000000002	0.9658213891951488	18.905284214019776
53	5300	903	1000	89.16554558683315	0.011090710908380836	0	903	0.8951500000000004	0.9623477297895903	18.99901684919993
54	5400	900	1000	89.27968440213151	0.011076689142440001	0	900	0.8957000000000004	0.9611111111111111	19.095116198062897
55	5500	900	1000	86.83438259528978	0.01138506323437886	0	900	0.8963000000000007	0.9588888888888889	19.189147182305653
56	5600	900	1000	88.45906257612894	0.011178297326210054	0	900	0.8963000000000009	0.9544444444444444	19.286013062795003
57	5700	898	1000	80.86655112994987	0.01221500095213077	0	898	0.8971000000000007	0.9498886414253898	19.39289408524831
58	5800	898	1000	86.02136784449644	0.011491430493105536	0	898	0.8974000000000008	0.9487750556792873	19.498079852263132
59	5900	897	1000	82.2451406683265	0.012012713198291041	0	897	0.8978000000000007	0.9531772575250836	19.600661448637645
60	6000	894	1000	82.20330973232112	0.012018752658003225	0	894	0.8980000000000008	0.9552572706935123	19.70314709742864
61	6100	893	1000	76.89214788552876	0.012838264538161306	0	893	0.898600000000001	0.9529675251959686	19.801475449403128
62	6200	891	1000	85.82746007902041	0.011517093775286234	0	891	0.898900000000001	0.957351290684624	19.899433747927347
63	6300	888	1000	83.71493042225228	0.011804294650489704	0	888	0.8996000000000012	0.954954954954955	20.00154683192571
64	6400	887	1000	83.9244395515528	0.011775173380955396	0	887	0.8997000000000012	0.9571589627959414	20.10044501622518
65	6500	886	1000	81.77652241154289	0.012080720122890227	0	886	0.9005500000000013	0.9559819413092551	20.19596868356069
66	6600	884	1000	82.88770952227729	0.011920697390532985	0	884	0.9010500000000015	0.9558823529411765	20.29631152947744
67	6700	884	1000	75.90728045916927	0.013002670150726607	0	884	0.9010500000000015	0.9615384615384616	20.39207611878713
68	6800	884	1000	80.79285952588133	0.012226006106114615	0	884	0.9016500000000016	0.9581447963800905	20.489850668112435
69	6900	882	1000	76.81168657401068	0.0128515399682135	0	882	0.9024000000000018	0.9512471655328798	20.599079914887746
70	7000	877	1000	76.01486684459044	0.012984505991783591	0	877	0.9032500000000021	0.9486887115165337	20.705509332815804
71	7100	871	1000	70.19273393618273	0.01404637727350661	0	871	0.9044500000000024	0.947187141216992	20.81014830271403
72	7200	869	1000	77.56688862911497	0.012728008165381574	0	869	0.9047000000000025	0.9436133486766398	20.91989883184433
73	7300	866	1000	75.76295801465515	0.013027116539843156	0	866	0.9049500000000026	0.9491916859122402	21.029500699043275
74	7400	864	1000	75.7486835850032	0.013029539443402275	0	864	0.9057000000000025	0.9444444444444444	21.139546434084576
75	7500	862	1000	73.54253840831845	0.013415158932773969	0	862	0.9062000000000026	0.9443155452436195	21.24284436305364
76	7600	861	1000	74.79223362788814	0.013193963974061387	0	861	0.9070000000000029	0.943089430894309	21.351438732941947
77	7700	859	1000	67.87058883765799	0.014519986207134133	0	859	0.9078000000000034	0.9324796274738067	21.467242097854616
78	7800	857	1000	71.74454353282599	0.013746735513554358	0	857	0.9083000000000038	0.9323220536756126	21.585486181577046
79	7900	856	1000	68.39182069463662	0.01441092033599417	0	856	0.9084500000000036	0.9415887850467289	21.695864566167195
80	8000	853	1000	68.18866231927258	0.014453235060181946	0	853	0.9090000000000036	0.943728018757327	21.80343683560689
81	8100	846	1000	63.363802954831414	0.01553668295053619	0	846	0.9098000000000036	0.9468085106382979	21.907300599416097
82	8200	844	1000	69.98236514934298	0.014088006195567803	0	844	0.9105000000000035	0.9490521327014217	22.014926234881084
83	8300	839	1000	68.04323857414622	0.014483677484596702	0	839	0.911200000000004	0.9439809296781884	22.12262994845708
84	8400	836	1000	67.56028356946766	0.014585703966448232	0	836	0.911450000000004	0.9425837320574163	22.228263382116953
85	8500	833	1000	65.05675804506457	0.015138496492937031	0	833	0.9121500000000047	0.9399759903961584	22.33650413354238
86	8600	832	1000	66.2469070987625	0.014870572389765748	0	832	0.9123500000000048	0.9459134615384616	22.437000596523283
87	8700	830	1000	60.535907154281354	0.016250674545072098	0	830	0.9125500000000049	0.9530120481927711	22.535243463516235
88	8800	826	1000	64.06817033907126	0.015368497297357283	0	826	0.9131500000000052	0.9552058111380145	22.6312127828598
89	8900	824	1000	60.673412645807346	0.01621444244934258	0	824	0.9138000000000052	0.9514563106796117	22.72738264799118
90	9000	821	1000	60.22867784995055	0.016332216130007578	0	821	0.9139500000000054	0.9488428745432399	22.8281805674235
91	9100	816	1000	55.67278549810453	0.017645153510823037	0	816	0.9146500000000056	0.946078431372549	22.924349331855773
92	9200	812	1000	61.498859972238215	0.016000291852430536	0	812	0.9153500000000057	0.9495073891625616	23.02027844985326
93	9300	810	1000	60.161008031097104	0.01635028643562502	0	810	0.9154500000000059	0.9555555555555556	23.112102599938712
94	9400	807	1000	60.07890645483866	0.016372264305998887	0	807	0.9159000000000059	0.9591078066914498	23.205217031637826
95	9500	807	1000	58.21401254440328	0.016887894554521568	0	807	0.9162000000000063	0.9603469640644362	23.29542804956436
96	9600	804	1000	59.09592424626146	0.01664006357406525	0	804	0.916600000000006	0.9601990049751243	23.3798722187678
97	9700	801	1000	53.89238085923487	0.018217464506857222	0	801	0.916850000000006	0.9588014981273408	23.46925044854482
98	9800	800	1000	57.12819449513309	0.017203355595084364	0	800	0.9171000000000059	0.96125	23.561047581831613
99	9900	796	1000	54.087657877193465	0.01815288648192837	0	796	0.9179000000000059	0.9610552763819096	23.649821734428407
100	10000	795	1000	53.77797112152862	0.01825551365860982	0	795	0.9179500000000059	0.9635220125786164	23.73604536851247
101	10100	793	1000	49.91519573072408	0.019640501929693334	0	793	0.9183500000000062	0.9621689785624212	24.488543101151784
102	10200	789	1000	55.35274089848165	0.017745365780902835	0	789	0.9187000000000063	0.9594423320659062	24.575378517309826
103	10300	786	1000	53.87573583475741	0.01822299026679504	0	786	0.9190000000000063	0.9618320610687023	24.65993933280309
104	10400	784	1000	54.20246841649893	0.018115131962126527	0	784	0.9190000000000064	0.9642857142857143	24.739906481901805
105	10500	780	1000	52.13220517853632	0.01882097678121531	0	780	0.9194500000000064	0.9653846153846154	24.817676512400308
106	10600	779	1000	52.850733401725584	0.018569849226379453	0	779	0.9198500000000064	0.962772785622593	24.89332648118337
107	10700	777	1000	48.163030797684925	0.02034048722738814	0	777	0.9200000000000065	0.9626769626769627	24.973853568236034
108	10800	774	1000	50.721291164944944	0.01933439744980242	0	774	0.9204000000000064	0.9599483204134367	25.057887748877206
109	10900	770	1000	47.88427360037681	0.020456476620167918	0	770	0.9207000000000067	0.9623376623376624	25.14564919869105
110	11000	769	1000	47.77545047621649	0.020502117155998638	0	769	0.9209000000000067	0.9648894668400521	25.227463765939078
111	11100	766	1000	44.40124028484017	0.022025829993325266	0	766	0.9211000000000066	0.9660574412532638	25.313463528951008
112	11200	765	1000	49.496829610960354	0.01980322344401102	0	765	0.9214000000000063	0.9686274509803922	25.401661046346028
113	11300	761	1000	48.14243967289904	0.020349010074717105	0	761	0.9219500000000065	0.9605781865965834	25.490443297227223
114	11400	759	1000	48.00433781587074	0.02040635675473072	0	759	0.9221000000000064	0.9617918313570487	25.582833699385326
115	11500	753	1000	46.38234814846638	0.021104905921222626	0	753	0.9226500000000062	0.9654714475431607	25.67094096740087
116	11600	752	1000	47.07476821091874	0.020800932323015966	0	752	0.9227500000000062	0.9694148936170213	25.75902098417282
117	11700	753	1000	42.980090629422264	0.02273756114843041	0	753	0.9229000000000063	0.9694555112881806	25.846075399716696
118	11800	749	1000	45.381128397769544	0.021560493126081205	0	749	0.9234000000000067	0.9692923898531375	25.92968684832255
119	11900	748	1000	42.965686043084396	0.022745010711763828	0	748	0.9236500000000065	0.9679144385026738	26.011462513605753
120	12000	748	1000	43.04897284276332	0.022702004960923557	0	748	0.9237500000000066	0.9665775401069518	26.093947116533915
121	12100	747	1000	40.17013789788141	0.024289449855145116	0	747	0.9238000000000066	0.9678714859437751	26.199818249543508
122	12200	746	1000	44.75408259200848	0.021855973136147254	0	746	0.9239000000000068	0.967828418230563	26.29322269757589
123	12300	742	1000	43.57571923827652	0.022433737852990483	0	742	0.924300000000007	0.9703504043126685	26.394710918267567
124	12400	739	1000	43.422740456213454	0.022510993012366688	0	739	0.9247500000000072	0.9675236806495264	26.484875265757243
125	12500	735	1000	41.950251635674164	0.023282750668901956	0	735	0.9250000000000071	0.9659863945578231	26.568732500076294
126	12600	731	1000	42.38557896794661	0.02304913346296019	0	731	0.925300000000007	0.9658002735978112	26.65581478277842
127	12700	727	1000	38.33292908397286	0.025423990109281588	0	727	0.925550000000007	0.9697386519944979	26.738518734773
128	12800	724	1000	40.580114750853724	0.024049957677893804	0	724	0.9260500000000069	0.9696132596685083	26.81523468494415
129	12900	723	1000	38.22243301959805	0.025495613683637005	0	723	0.9265500000000071	0.9654218533886584	26.8958699464798
130	13000	719	1000	37.56588586515922	0.025929652011530982	0	719	0.9269500000000069	0.9624478442280946	26.97989548444748
131	13100	719	1000	34.803711359026174	0.027930065405018363	0	719	0.927150000000007	0.96105702364395	27.05300504763921
132	13200	718	1000	38.75374876857249	0.025154860383646498	0	718	0.9277000000000074	0.958217270194986	27.12912091811498
133	13300	716	1000	37.95553603993496	0.025670292380904677	0	716	0.9280000000000072	0.9622905027932961	27.201091066996256
134	13400	712	1000	37.635624753483405	0.025882847925471672	0	712	0.9281500000000069	0.9634831460674157	27.272467132409414
135	13500	709	1000	36.17116444226277	0.026902573944200217	0	709	0.9285500000000066	0.9647390691114246	27.339295383294424
136	13600	701	1000	36.04362739922598	0.026995196480701422	0	701	0.9290500000000067	0.9586305278174037	27.411008779207865
137	13700	696	1000	32.33149452070493	0.030001655022663862	0	696	0.9292500000000065	0.9597701149425287	27.490079100926717
138	13800	692	1000	34.10124646072658	0.028489016796564792	0	692	0.9294500000000067	0.9595375722543352	27.574108250935872
139	13900	691	1000	32.270706178938966	0.03005647053662541	0	691	0.9295500000000064	0.9681620839363242	27.647632551193237
140	14000	689	1000	32.20974374192012	0.030111644575495963	0	689	0.9298500000000062	0.9709724238026125	27.719869899749757
141	14100	686	1000	29.737410136383062	0.032533645338464166	0	686	0.9300500000000063	0.9723032069970845	27.785296165943144
142	14200	682	1000	32.623086828454596	0.029741469160818348	0	682	0.9305500000000061	0.9750733137829912	27.851960515975954
143	14300	681	1000	31.434159629711598	0.030831691383917992	0	681	0.9312000000000061	0.9691629955947136	27.925911502043405
144	14400	680	1000	31.210973007403094	0.031045321101295775	0	680	0.9315500000000062	0.9661764705882353	28.015430982907613
145	14500	675	1000	30.004747820324326	0.03225312477286066	0	675	0.9320000000000064	0.965925925925926	28.102702367305756
146	14600	672	1000	30.208554504124887	0.03204249654907369	0	672	0.9327500000000065	0.9657738095238095	28.189035499095915
147	14700	669	1000	27.006027491820326	0.035706599241612125	0	669	0.9329000000000066	0.9626307922272048	28.272942952315013
148	14800	665	1000	28.53163759748495	0.03386198942401909	0	665	0.9330500000000064	0.9654135338345865	28.348826666673023
149	14900	663	1000	26.974972338664013	0.03574623731148099	0	663	0.9332000000000064	0.9622926093514329	28.4196394999822
150	15000	657	1000	26.56200634291495	0.03628182896260956	0	657	0.9336000000000065	0.9604261796042618	28.49396023352941
151	15100	655	1000	24.287544560233005	0.03954516017235585	0	655	0.9336500000000064	0.9541984732824428	28.568534115950268
152	15200	654	1000	26.70085420534392	0.03609996979107903	0	654	0.9337500000000066	0.9541284403669725	28.63788206577301
153	15300	650	1000	25.639607296900685	0.03753809089056438	0	650	0.9339000000000064	0.96	28.711017481486003
154	15400	647	1000	25.26171361887884	0.03807824632133399	0	647	0.9339500000000058	0.9629057187017002	28.78463881413142
155	15500	644	1000	23.97832054802198	0.040034717229184946	0	644	0.9342500000000059	0.9611801242236024	28.857217248280843
156	15600	643	1000	24.38215810406732	0.03939775317370499	0	643	0.9342500000000058	0.9657853810264385	28.927806015809377
157	15700	641	1000	22.281381964242815	0.04295277666660297	0	641	0.9345500000000057	0.968798751950078	28.997028199831643
158	15800	636	1000	23.431045852733945	0.04093152646955126	0	636	0.9347500000000055	0.9685534591194969	29.06367991367976
159	15900	632	1000	21.78874511941774	0.043881310478474926	0	632	0.9350500000000056	0.9699367088607594	29.12869641383489
160	16000	632	1000	21.685747476435434	0.04408054004121922	0	632	0.9353000000000059	0.9715189873417721	29.189943397045134
161	16100	633	1000	19.750596106732882	0.04819138664047984	0	633	0.9354000000000061	0.9715639810426541	29.251265768210093
162	16200	631	1000	21.78272012578116	0.043892915089993566	0	631	0.9357500000000062	0.9762282091917591	29.30925906896591
163	16300	628	1000	21.134799291157258	0.045177730633387536	0	628	0.9359500000000062	0.9761146496815286	29.365769863128662
164	16400	625	1000	20.955496930884372	0.04554668032101425	0	625	0.936050000000006	0.976	29.421615250905354
165	16500	624	1000	20.193139255129676	0.04718508135872112	0	624	0.9363000000000058	0.9743589743589743	29.47754903634389
166	16600	621	1000	20.204613293748245	0.047159549016384555	0	621	0.9365000000000056	0.9774557165861514	29.532447465260823
167	16700	621	1000	18.425726136433813	0.05147812714833118	0	621	0.9366000000000059	0.9726247987117552	29.589795132478077
168	16800	622	1000	19.385638411445125	0.04905414193153594	0	622	0.9366000000000059	0.9726688102893891	29.645374349753062
169	16900	621	1000	18.467392903170502	0.051367946646679014	0	621	0.9369000000000058	0.9726247987117552	29.70139363606771
170	17000	619	1000	18.27062288192468	0.05189245859499294	0	619	0.936950000000006	0.9725363489499192	29.758746580282846
171	17100	616	1000	16.84871664816537	0.05602643706615107	0	616	0.9370000000000059	0.9805194805194806	29.812588934103648
172	17200	614	1000	18.577015588977908	0.05108030871482842	0	614	0.9370500000000057	0.9804560260586319	29.86530656417211
173	17300	613	1000	17.996965205634314	0.05263998692293281	0	613	0.9372500000000057	0.9787928221859706	29.918219649791716
174	17400	612	1000	17.69552455901631	0.05348873720249422	0	612	0.9377500000000054	0.9754901960784313	29.974581265449523
175	17500	609	1000	16.550502398356493	0.05697842587649482	0	609	0.9379500000000054	0.9786535303776683	30.030023030440013
176	17600	609	1000	16.816769463397673	0.0561268978674487	0	609	0.9379500000000053	0.9786535303776683	30.08359891573588
177	17700	606	1000	15.333976011713393	0.06122208085054623	0	606	0.9382500000000052	0.9834983498349835	30.137139280637104
178	17800	605	1000	16.190897738481386	0.05817031868914708	0	605	0.9385500000000053	0.9801652892561984	30.19137908220291
179	17900	604	1000	15.20920933304303	0.061693323804601984	0	604	0.9386000000000052	0.9801324503311258	30.244995017846424
180	18000	602	1000	15.314431443232106	0.06129542445163426	0	602	0.9386000000000052	0.9833887043189369	30.299241451422372
181	18100	600	1000	14.138820391198596	0.06605534474676639	0	600	0.938700000000005	0.9816666666666667	30.353783265749612
182	18200	597	1000	15.263482084036324	0.06148744745023365	0	597	0.9388500000000052	0.9798994974874372	30.409705050786336
183	18300	595	1000	14.70374404892588	0.06367908168169609	0	595	0.9391500000000049	0.9798319327731092	30.466365798314413
184	18400	592	1000	14.595879435337315	0.06411950054795813	0	592	0.9393500000000051	0.9831081081081081	30.521636283397676
185	18500	592	1000	13.747093268202919	0.06780997324782363	0	592	0.9393500000000051	0.981418918918919	30.574234449863432
186	18600	593	1000	13.937170457876547	0.0669470836407767	0	593	0.9393500000000048	0.9797639123102867	30.626877868175505
187	18700	592	1000	12.74432738910261	0.07275728900294273	0	592	0.9393500000000049	0.9797297297297297	30.679920732975006
188	18800	589	1000	13.381974131875069	0.06953148370526402	0	589	0.9396500000000049	0.9847198641765704	30.732401398817697
189	18900	587	1000	12.595689279943771	0.07355272538297784	0	587	0.9397500000000045	0.9863713798977853	30.78239758014679
190	19000	584	1000	12.468235340981048	0.07424877682061341	0	584	0.9398500000000044	0.9845890410958904	30.83354229927063
191	19100	582	1000	11.129525948811164	0.08244345279610962	0	582	0.9399500000000042	0.9828178694158075	30.885155951976778
192	19200	581	1000	11.944287519734173	0.07725415543153326	0	581	0.940050000000004	0.9810671256454389	30.93708718220393
193	19300	579	1000	11.533001978420074	0.07978934350460073	0	579	0.9402000000000043	0.9827288428324698	30.988894418875375
194	19400	579	1000	11.471159954402323	0.08018500313172551	0	579	0.9402000000000045	0.9844559585492227	31.040501316388447
195	19500	579	1000	11.099925618692025	0.08264513613663832	0	579	0.9402000000000045	0.9879101899827288	31.089056499799092
196	19600	579	1000	11.291595741603146	0.08135640164403697	0	579	0.9403000000000046	0.9879101899827288	31.137911546230317
197	19700	579	1000	10.49014462177073	0.0870311064758288	0	579	0.9404000000000046	0.9861830742659758	31.188434012730916
198	19800	577	1000	10.593259237191736	0.08625702052723462	0	577	0.9405500000000044	0.9844020797227037	31.24090944925944
199	19900	577	1000	9.962398339256465	0.09122091435219877	0	577	0.9405500000000044	0.9844020797227037	31.29244866768519
200	20000	578	1000	10.083411655146518	0.09022492632362489	0	578	0.9405500000000045	0.9844290657439446	31.344383084774016
201	20100	577	1000	9.194922508290617	0.0980880432574931	0	577	0.9408000000000049	0.9844020797227037	31.39633608261744
202	20200	574	1000	9.999848317567874	0.09091034450019629	0	574	0.941000000000005	0.9843205574912892	31.448423433303834
203	20300	574	1000	9.499063445231261	0.09524659082369924	0	574	0.9412500000000048	0.980836236933798	31.50070130030314
204	20400	574	1000	9.306519933475544	0.09702596089219245	0	574	0.9412500000000046	0.9773519163763066	31.556743450959523
205	20500	572	1000	8.79366109086509	0.1021068618489093	0	572	0.9414500000000043	0.9755244755244755	31.611733631292978
206	20600	571	1000	8.740066137971395	0.10266870736139316	0	571	0.9414500000000044	0.9772329246935202	31.66468378305435
207	20700	570	1000	8.119587277963422	0.10965408515979673	0	570	0.9415500000000041	0.9789473684210527	31.7195787191391
208	20800	568	1000	8.299087525687028	0.10753743281130357	0	568	0.9421000000000043	0.9788732394366197	31.77374416589737
209	20900	566	1000	7.678619194479123	0.11522570325889481	0	566	0.9421500000000042	0.9787985865724381	31.833535281817117
210	21000	566	1000	7.678467653450868	0.11522771529860625	0	566	0.9421500000000039	0.980565371024735	31.88720206419627
211	21100	566	1000	6.975405764216744	0.1253854699765497	0	566	0.9421500000000043	0.9823321554770318	31.94262319803238
212	21200	565	1000	7.455727425994673	0.11826303635637438	0	565	0.9423000000000041	0.9823008849557522	32.002780532836915
213	21300	565	1000	7.293144954625983	0.12058151708082612	0	565	0.9425000000000042	0.9805309734513274	32.06881129741669
214	21400	565	1000	7.272407010356337	0.12088380065778757	0	565	0.9426500000000041	0.984070796460177	32.122651700178785
215	21500	564	1000	6.841216809460458	0.12753122688732393	0	564	0.9428000000000041	0.9840425531914894	32.177965315183
216	21600	564	1000	6.656659272913398	0.13060526325595456	0	564	0.9428000000000037	0.9804964539007093	32.23778758446375
217	21700	563	1000	6.218878151560006	0.1385256793375712	0	563	0.9429500000000037	0.9804618117229129	32.28975326617559
218	21800	566	1000	6.663794795908127	0.13048366072300402	0	566	0.942950000000004	0.9770318021201413	32.34329499801
219	21900	562	1000	6.180186897006695	0.13927214073172442	0	562	0.9431000000000037	0.9733096085409253	32.40405774911245
220	22000	560	1000	5.883139151695441	0.1452825488430932	0	560	0.9431500000000037	0.9732142857142857	32.47093818585078
221	22100	559	1000	5.294955442959968	0.15885735952561203	0	559	0.9433000000000036	0.9731663685152058	32.532021534442904
222	22200	560	1000	5.785435895293866	0.14737446723114192	0	560	0.9433000000000035	0.9732142857142857	32.593408183256784
223	22300	560	1000	5.648702519698752	0.15040528539774545	0	560	0.9432500000000034	0.975	32.650344383716586
224	22400	560	1000	5.457585559120597	0.15485663965963486	0	560	0.9433500000000036	0.9732142857142857	32.70720258156459
225	22500	560	1000	4.948232357097973	0.168117171617667	0	560	0.9434500000000036	0.9696428571428571	32.76670698324839
226	22600	558	1000	4.730267439742662	0.17451192470781232	0	558	0.9435000000000034	0.974910394265233	32.824130765597026
227	22700	557	1000	4.374394684641712	0.18606746595252444	0	557	0.9436000000000035	0.9748653500897666	32.881647948424025
228	22800	557	1000	4.4991762242759	0.18184541815291147	0	557	0.9436000000000034	0.9784560143626571	32.93812774817149
229	22900	556	1000	3.9930061183804963	0.20028014712794995	0	556	0.9441500000000038	0.9766187050359713	32.99589494864146
230	23000	556	1000	3.8432656884555056	0.20647225742408015	0	556	0.9441500000000037	0.9766187050359713	33.05135886669159
231	23100	556	1000	3.571222472640632	0.21875986259367852	0	556	0.9441500000000035	0.9784172661870504	33.10787527958552
232	23200	557	1000	4.028339009995375	0.19887282818684093	0	557	0.9443000000000037	0.9784560143626571	33.16218713124593
233	23300	555	1000	3.8155581179943088	0.20766024944508454	0	555	0.9443000000000037	0.9837837837837838	33.21622523466746
234	23400	555	1000	3.718601170095195	0.21192721400944883	0	555	0.9445500000000036	0.9837837837837838	33.27044868469238
235	23500	557	1000	3.3946421083705878	0.227549815284224	0	557	0.9445500000000036	0.9838420107719928	33.32382961511612
236	23600	558	1000	3.500906240260043	0.22217747862755394	0	558	0.9445500000000037	0.982078853046595	33.38507293462753
237	23700	558	1000	3.287275799465905	0.23324834854911286	0	558	0.9445500000000036	0.982078853046595	33.44729566574097
238	23800	557	1000	3.3683981721604046	0.22891686164804137	0	557	0.9448000000000036	0.9820466786355476	33.50972485144933
239	23900	556	1000	3.205815353015698	0.23776602538743635	0	556	0.9449000000000034	0.987410071942446	33.57077829837799
240	24000	556	1000	3.1805911963407283	0.23920061853340266	0	556	0.9449500000000036	0.9838129496402878	33.63666928211848
241	24100	556	1000	2.7086144562237804	0.2696424801779555	0	556	0.9450500000000036	0.9820143884892086	33.69996663331985
242	24200	555	1000	2.785429194773695	0.2641708373202799	0	555	0.9451000000000035	0.9837837837837838	33.76462493340174
243	24300	555	1000	2.4924484148418333	0.2863320745842106	0	555	0.9450500000000036	0.9819819819819819	33.82788806358973
244	24400	554	1000	2.260914085126283	0.3066624798737296	0	554	0.9451500000000033	0.983754512635379	33.89022858142853
245	24500	552	1000	2.0925103731505703	0.3233618902889	0	552	0.9451500000000034	0.9873188405797102	33.94922816356023
246	24600	551	1000	2.164426689085167	0.3160130090702462	0	551	0.9451500000000034	0.9891107078039928	34.00638055006663
247	24700	549	1000	1.8634239158973338	0.3492322580838059	0	549	0.9453500000000035	0.9890710382513661	34.06259266535441
248	24800	547	1000	1.6973221230682665	0.3707380707138074	0	547	0.9453500000000034	0.9908592321755028	34.11854316790899
249	24900	547	1000	1.55182707703028	0.39187608321946416	0	547	0.9453500000000034	0.9908592321755028	34.173858149846396
250	25000	547	1000	1.5821338404741212	0.3872765943907787	0	547	0.9454500000000032	0.9926873857404022	34.227753567695615
251	25100	545	1000	1.3011510397074457	0.43456512968706906	0	545	0.9455000000000033	0.9926605504587156	34.856843916575116
252	25200	545	1000	1.4344755460783207	0.41076608948111754	0	545	0.9455000000000034	0.9926605504587156	34.904730184872946
253	25300	544	1000	1.5049066693146715	0.39921647071728805	0	544	0.9455000000000034	0.9926470588235294	34.951569100221
254	25400	543	1000	1.5512194369778516	0.3919694188221573	0	543	0.9456000000000033	0.992633517495396	34.998837717374165
255	25500	543	1000	1.3384740010298823	0.4276292999450035	0	543	0.9457000000000033	0.990791896869245	35.04831116994222
256	25600	544	1000	1.4785240017016794	0.40346593348034165	0	544	0.9457000000000035	0.9889705882352942	35.10207371711731
257	25700	544	1000	1.4678965424256312	0.40520337170095716	0	544	0.9457000000000035	0.9889705882352942	35.15403793255488
258	25800	545	1000	1.446379293307115	0.4087673578401489	0	545	0.9457000000000034	0.9871559633027523	35.20737361510594
259	25900	545	1000	1.151757580671559	0.46473636667189167	0	545	0.9458500000000035	0.9853211009174312	35.26540268262227
260	26000	549	1000	1.2674876187770439	0.4410167410481139	0	549	0.9458500000000036	0.9799635701275046	35.327333664894105
261	26100	548	1000	1.151097761726712	0.4648789180075609	0	548	0.9461000000000038	0.9799270072992701	35.387976201375324
262	26200	547	1000	1.0439071277524625	0.4892590208340962	0	547	0.946100000000004	0.9817184643510055	35.44875846306483
263	26300	546	1000	0.88933802130041	0.5292859132278042	0	546	0.9460500000000037	0.9816849816849816	35.51029795010884
264	26400	545	1000	0.9113118633752217	0.5232008544299417	0	545	0.9461500000000042	0.9798165137614679	35.57308693329493
265	26500	544	1000	0.6697242640604946	0.5989012806031605	0	544	0.946150000000004	0.9816176470588235	35.637681682904564
266	26600	544	1000	0.6870370362036398	0.5927552143433154	0	544	0.9461500000000042	0.9834558823529411	35.69795193274816
267	26700	545	1000	0.9244581129900938	0.5196267942908184	0	545	0.9461500000000044	0.981651376146789	35.75787943204244
268	26800	543	1000	0.8429825846569364	0.5425987246570461	0	543	0.9462000000000044	0.9815837937384899	35.82162690162659
269	26900	544	1000	0.793060476220999	0.557705673211631	0	544	0.9462000000000043	0.9816176470588235	35.88354869683584
270	27000	544	1000	0.7833033147176156	0.5607571027020432	0	544	0.9461500000000042	0.9852941176470589	35.945566749572755
271	27100	544	1000	0.5770068349559038	0.6341126606645062	0	544	0.9461500000000042	0.9871323529411765	36.00571119785309
272	27200	544	1000	0.5793379580352238	0.6331767022455729	0	544	0.946150000000004	0.9871323529411765	36.07244973182678
273	27300	542	1000	0.4386943392867789	0.6950746747886294	0	542	0.9462500000000038	0.9833948339483395	36.13986663420995
274	27400	542	1000	0.4603558349317711	0.6847646142672623	0	542	0.946200000000004	0.9833948339483395	36.20604230165482
275	27500	543	1000	0.3834876733497049	0.7228109214582278	0	543	0.9462000000000039	0.9797421731123389	36.27671506802241
276	27600	541	1000	0.3827144318365352	0.7232151317548555	0	541	0.9462000000000039	0.9796672828096118	36.348431881268816
277	27700	541	1000	0.45859710756773714	0.6855902804219431	0	541	0.9462000000000039	0.9815157116451017	36.41393531560898
278	27800	539	1000	0.3928573057192984	0.7179486340013709	0	539	0.9463000000000038	0.9814471243042672	36.47513408263524
279	27900	540	1000	0.44788813268207694	0.6906610928204748	0	540	0.9463000000000038	0.9814814814814815	36.53495669762294
280	28000	539	1000	0.3771471318574843	0.7261388248699385	0	539	0.9463500000000037	0.9814471243042672	36.59562026659648
281	28100	543	1000	0.3789948771129604	0.725165855651025	0	543	0.9463500000000044	0.9742173112338858	36.659021667639415
282	28200	542	1000	0.3637838319423233	0.7332540367308679	0	542	0.9465000000000043	0.974169741697417	36.73223474820455
283	28300	541	1000	0.37824923090154006	0.7255581774175055	0	541	0.9465000000000044	0.9796672828096118	36.80369651714961
284	28400	540	1000	0.33770374042076007	0.7475496776928058	0	540	0.9466000000000044	0.9796296296296296	36.87167029778163
285	28500	540	1000	0.3507221783772224	0.7403446956067714	0	540	0.9466000000000044	0.9833333333333333	36.9376275340716
286	28600	539	1000	0.35756824564017314	0.7366112187814479	0	539	0.9466500000000044	0.9833024118738405	36.99846391280492
287	28700	538	1000	0.36006855344454597	0.7352570555854506	0	538	0.9466500000000043	0.983271375464684	37.05511144797007
288	28800	538	1000	0.34406132038468545	0.744013673210824	0	538	0.9466500000000043	0.9851301115241635	37.10878924926122
289	28900	539	1000	0.36912624092759333	0.7303928374950235	0	539	0.9466500000000044	0.9851576994434137	37.16262865066528
290	29000	538	1000	0.3236686646032078	0.7554760694586413	0	538	0.9466500000000043	0.9888475836431226	37.214377915859224
291	29100	538	1000	0.3899868109543028	0.7194312867713074	0	538	0.9466500000000042	0.9962825278810409	37.263043900330864
292	29200	539	1000	0.4524671448770759	0.6884837316472527	0	539	0.9467500000000044	0.9907235621521335	37.31272718111674
293	29300	539	1000	0.6149864258420661	0.6192002508495342	0	539	0.9467500000000044	0.9907235621521335	37.36200648148854
294	29400	538	1000	0.6661897287086491	0.6001717468124307	0	538	0.9467500000000042	0.9907063197026023	37.413557000954945
295	29500	536	1000	0.7895005901181186	0.5588151272607256	0	536	0.9468500000000044	0.9888059701492538	37.46401386658351
296	29600	535	1000	0.7750994940968939	0.5633487042982701	0	535	0.9470000000000046	0.9887850467289719	37.514603332678476
297	29700	535	1000	0.7057066984728899	0.586267264410285	0	535	0.9471000000000046	0.9869158878504672	37.565959215164185
298	29800	535	1000	0.9962375371836387	0.5009423885550388	0	535	0.9471000000000046	0.9850467289719627	37.61758061647415
299	29900	534	1000	0.9796849474718851	0.5051308801822375	0	534	0.9471000000000047	0.9868913857677902	37.669286998112995
300	30000	534	1000	0.9030240559684151	0.525479431993369	0	534	0.9471000000000046	0.9868913857677902	37.72239708105723
301	30100	533	1000	0.9484484319369076	0.5132288766841641	0	533	0.9471000000000044	0.9868667917448405	38.35338109731674
302	30200	531	1000	1.0263747726713208	0.49349212864593855	0	531	0.9471000000000043	0.9905838041431262	38.40808046658834
303	30300	531	1000	0.9610124097442607	0.5099406791262538	0	531	0.9471000000000043	0.992467043314501	38.45954983234405
304	30400	530	1000	1.0906908570218357	0.4783107921677565	0	530	0.947200000000004	0.9943396226415094	38.51205101807912
305	30500	529	1000	1.265433267081725	0.4414166660879732	0	529	0.947200000000004	0.996219281663516	38.56378672917684
306	30600	528	1000	1.3988362058008719	0.4168688122939772	0	528	0.947200000000004	0.9943181818181818	38.61621534824371
307	30700	527	1000	1.2813328918047917	0.438340236794152	0	527	0.9472000000000041	0.9943074003795066	38.668725899855296
308	30800	527	1000	1.2864035784727579	0.4373681048329915	0	527	0.9473000000000041	0.9943074003795066	38.71973214546839
309	30900	526	1000	1.2819817260160145	0.43821560383213265	0	526	0.9473000000000044	0.9942965779467681	38.77375513315201
310	31000	526	1000	1.2869653523155264	0.4372606690291619	0	526	0.9473000000000046	0.9923954372623575	38.82775358359019
311	31100	526	1000	1.2260743459143217	0.4492212948032817	0	526	0.9473000000000046	0.9904942965779467	38.88225821256638
312	31200	524	1000	1.2258462021185332	0.44926733888811016	0	524	0.9473000000000047	0.9885496183206107	38.93968648115794
313	31300	525	1000	1.1140870026653658	0.4730174296229226	0	525	0.9473000000000047	0.9866666666666667	38.99885598421097
314	31400	523	1000	1.0261276270218023	0.49355232447518443	0	523	0.9473000000000045	0.9847036328871893	39.05825789769491
315	31500	523	1000	0.9033859139369456	0.5253795316429601	0	523	0.9473000000000045	0.9847036328871893	39.11617565155029
316	31600	524	1000	0.963590551571107	0.5092711406662048	0	524	0.9473000000000044	0.982824427480916	39.17891533374787
317	31700	524	1000	0.9061176679468692	0.5246265835608811	0	524	0.9473000000000041	0.9847328244274809	39.243975885709126
318	31800	523	1000	1.0738841760188456	0.48218700521629954	0	523	0.9473000000000044	0.9847036328871893	39.308761382102965
319	31900	522	1000	1.0320277947121888	0.49211925279872337	0	522	0.9473500000000045	0.9846743295019157	39.370632735888165
320	32000	521	1000	1.0291153623041631	0.4928256020221785	0	521	0.9473500000000044	0.9865642994241842	39.433726433912916
321	32100	523	1000	0.9822302968765143	0.5044822499059484	0	523	0.9473500000000044	0.9847036328871893	39.4964612642924
322	32200	521	1000	1.1168340080686607	0.4724035971589344	0	521	0.9473500000000045	0.9846449136276392	39.557501117388405
323	32300	522	1000	1.1471743579739813	0.46572836355198205	0	522	0.9473500000000047	0.9846743295019157	39.61790441672007
324	32400	523	1000	1.2885050012463417	0.43696649098664436	0	523	0.9474000000000049	0.9808795411089866	39.68666625022888
325	32500	522	1000	1.4845823522293757	0.4024821310924615	0	522	0.9474000000000049	0.9789272030651341	39.75070844888687
326	32600	521	1000	1.6626344883546869	0.37556788375332983	0	521	0.9474000000000047	0.9788867562380038	39.8161399324735
327	32700	522	1000	1.488384433696106	0.4018671658842747	0	522	0.9474000000000049	0.9770114942528736	39.874153232574464
328	32800	525	1000	1.4273194421269846	0.41197708988963194	0	525	0.9474000000000048	0.9714285714285714	39.93602420091629
329	32900	525	1000	1.123440828307474	0.47093377252102087	0	525	0.9474000000000048	0.9714285714285714	39.99464586575826
330	33000	524	1000	0.9697448470293293	0.5076799675390191	0	524	0.9474000000000049	0.9713740458015268	40.05360116561254
331	33100	521	1000	1.081396829429216	0.48044658561060233	0	521	0.9474000000000046	0.9769673704414588	40.109739883740744
332	33200	521	1000	1.1648040278641516	0.4619355780609039	0	521	0.9474000000000046	0.9788867562380038	40.16618880033493
333	33300	521	1000	1.0966460530839621	0.47695222497335565	0	521	0.9474000000000046	0.980806142034549	40.221807483832045
334	33400	520	1000	1.1512048391084977	0.4648557784085406	0	520	0.9475000000000046	0.9865384615384616	40.27821619908015
335	33500	519	1000	1.2626942980553932	0.4419509965881917	0	519	0.9475000000000046	0.9884393063583815	40.33257254759471
336	33600	518	1000	1.2613448595697825	0.4422147271205014	0	518	0.9475000000000044	0.9903474903474904	40.3850475470225
337	33700	518	1000	1.215011119886967	0.4514650021490774	0	518	0.9475000000000043	0.9903474903474904	40.43763383626938
338	33800	519	1000	1.4245937188367928	0.41244023368985444	0	519	0.9475000000000046	0.9980732177263969	40.48837683200836
339	33900	518	1000	1.332648821632891	0.4286971921045467	0	518	0.9475000000000046	0.9980694980694981	40.537670548756914
340	34000	517	1000	1.1531907817571532	0.4644270300952759	0	517	0.9475000000000044	0.9941972920696325	40.58858033021291
341	34100	518	1000	1.1267461209347838	0.4702018685523512	0	518	0.9475000000000047	0.9903474903474904	40.64106911420822
342	34200	517	1000	1.3749488909709415	0.42106169265443594	0	517	0.9475000000000043	0.9903288201160542	40.69381213585536
343	34300	516	1000	1.438411469721554	0.41010305783797496	0	516	0.9475000000000043	0.9883720930232558	40.7475600639979
344	34400	518	1000	1.5221687398092094	0.3964841781663052	0	518	0.9475000000000044	0.9845559845559846	40.80131289958954
345	34500	519	1000	1.7956301339696463	0.3577011092594188	0	519	0.9475000000000046	0.9826589595375722	40.85835029681524
346	34600	518	1000	1.9235750249450254	0.3420469772342524	0	518	0.9475500000000048	0.9787644787644788	40.91725565195084
347	34700	518	1000	1.8323345343033497	0.353065638217755	0	518	0.9475500000000046	0.9787644787644788	40.97477384805679
348	34800	519	1000	2.226751372038813	0.3099092197389082	0	519	0.9475500000000046	0.976878612716763	41.03266100088755
349	34900	519	1000	2.163033498666285	0.3161522002285644	0	519	0.9475500000000046	0.976878612716763	41.090680583318075
350	35000	518	1000	2.1648847065297856	0.315967276133883	0	518	0.9475500000000043	0.9787644787644788	41.151949036121366
351	35100	518	1000	2.1258944647254356	0.3199084330212138	0	518	0.9475500000000041	0.9826254826254827	41.21169511874517
352	35200	515	1000	2.361772977901945	0.29746208520722056	0	515	0.947600000000004	0.9825242718446602	41.27248361905416
353	35300	514	1000	2.3089951555463886	0.30220654700078514	0	514	0.9476000000000041	0.980544747081712	41.3349760333697
354	35400	513	1000	2.23521740356282	0.3090982383127448	0	513	0.9476000000000039	0.9824561403508771	41.39439343214035
355	35500	511	1000	2.33149285278174	0.30016573475912367	0	511	0.9476000000000039	0.9843444227005871	41.45220719973246
356	35600	511	1000	2.452428936706231	0.2896511465791513	0	511	0.9476000000000041	0.9863013698630136	41.51088558038076
357	35700	510	1000	2.2460480869393793	0.3080669088124557	0	510	0.9476000000000043	0.9862745098039216	41.5683599670728
358	35800	509	1000	2.2746959029637566	0.30537186646703657	0	509	0.9476000000000044	0.9921414538310412	41.62362008492152
359	35900	510	1000	2.091737113367338	0.32344276480572404	0	510	0.9476000000000044	0.9901960784313726	41.67709405024846
360	36000	513	1000	1.983839834481631	0.3351386319211485	0	513	0.9476000000000047	0.98635477582846	41.73219213088353
361	36100	514	1000	1.938144581375809	0.34035084806199095	0	514	0.9476000000000048	0.9844357976653697	41.791551701227824
362	36200	514	1000	2.0909235320266473	0.32352790020150485	0	514	0.9476000000000047	0.9824902723735408	41.850237282117206
363	36300	513	1000	2.108226448966309	0.3217268807208581	0	513	0.9476000000000047	0.9844054580896686	41.90772833426794
364	36400	511	1000	2.0742530856823946	0.32528226275750133	0	511	0.9476000000000045	0.9843444227005871	41.966372851530714
365	36500	513	1000	2.035572893731094	0.329427108163058	0	513	0.9476000000000048	0.9805068226120858	42.02432791392008
366	36600	514	1000	1.9690224684852795	0.3368111931164249	0	514	0.9476000000000049	0.980544747081712	42.08250584602356
367	36700	514	1000	1.810106656766075	0.35585837910893364	0	514	0.9476000000000051	0.9785992217898832	42.142138449350995
368	36800	514	1000	2.1328706872282575	0.3191960664309223	0	514	0.9476000000000051	0.9785992217898832	42.20331904888153
369	36900	516	1000	2.1950429401216627	0.3129848389336268	0	516	0.9476000000000049	0.9767441860465116	42.26708494822184
370	37000	517	1000	2.2509633115143064	0.307601133626512	0	517	0.9476000000000054	0.9729206963249516	42.339098966121675
371	37100	519	1000	2.115670654234595	0.3209581855645981	0	519	0.9476000000000055	0.9749518304431599	42.417307202021284
372	37200	519	1000	2.373245886065242	0.2964503726606365	0	519	0.9476000000000052	0.976878612716763	42.498615896701814
373	37300	516	1000	2.4345711372048733	0.2911571663686143	0	516	0.9476000000000051	0.9767441860465116	42.575384569168094
374	37400	517	1000	2.4691890812015806	0.28825180080805574	0	517	0.9476000000000052	0.9748549323017408	42.65323836406072
375	37500	516	1000	2.475608844434801	0.28771937371526013	0	516	0.9477000000000052	0.9786821705426356	42.72895876566569
376	37600	516	1000	2.4275669759061493	0.29175213993758037	0	516	0.9477000000000052	0.9806201550387597	42.80245464642842
377	37700	517	1000	2.2478082694503345	0.3078999488381874	0	517	0.9477000000000054	0.9806576402321083	42.87363073428472
378	37800	517	1000	2.4380214010882533	0.2908649724179917	0	517	0.9477000000000055	0.9806576402321083	42.93947948217392
379	37900	517	1000	2.400634041658505	0.29406280939077334	0	517	0.9477000000000055	0.9845261121856866	43.00077414909999
380	38000	517	1000	2.5321985978725245	0.28310978907083795	0	517	0.9477000000000055	0.9922630560928434	43.05694944858551
381	38100	517	1000	2.3967887212433756	0.29439570195992515	0	517	0.9477000000000054	0.9961315280464217	43.10816430250804
382	38200	518	1000	2.668460088152473	0.2725939429543105	0	518	0.9477000000000054	0.9942084942084942	43.15856229861577
383	38300	517	1000	2.6938532226461422	0.2707200150426216	0	517	0.9477000000000054	0.9941972920696325	43.20735063552856
384	38400	515	1000	2.7527265746571454	0.26647291778548016	0	515	0.9477000000000052	0.9922330097087378	43.25867536465327
385	38500	514	1000	2.775955441510342	0.26483363362995904	0	514	0.947700000000005	0.9922178988326849	43.30631383657455
386	38600	513	1000	2.7953366374473676	0.2634812390904462	0	513	0.9477000000000048	0.9922027290448343	43.355421733856204
387	38700	514	1000	2.452987524596451	0.28960428987268627	0	514	0.947700000000005	0.9922178988326849	43.40941640138626
388	38800	514	1000	2.6052265354580535	0.27737508036313935	0	514	0.947700000000005	0.9922178988326849	43.46225434939067
389	38900	513	1000	2.6277693262828485	0.27565148444116716	0	513	0.9477500000000051	0.9922027290448343	43.515988850593565
390	39000	513	1000	2.6738354218715337	0.27219509998914915	0	513	0.9477500000000052	0.9922027290448343	43.57177136739095
391	39100	514	1000	2.5374873871976873	0.28268652027397784	0	514	0.9477500000000054	0.9902723735408561	43.62611525058746
392	39200	514	1000	3.002969920479083	0.24981451768698726	0	514	0.9477500000000054	0.9922178988326849	43.6787060658137
393	39300	513	1000	3.0254311600078845	0.24842059403098607	0	513	0.9477500000000052	0.9922027290448343	43.730029884974165
394	39400	514	1000	3.195362594453516	0.23835842015706846	0	514	0.9477500000000051	0.9922178988326849	43.78271328608195
395	39500	514	1000	3.146759964725388	0.24115213046005746	0	514	0.9477500000000052	0.9922178988326849	43.83405516942342
396	39600	511	1000	3.2289607323745213	0.23646471634143304	0	511	0.947750000000005	0.9921722113502935	43.88610966602961
397	39700	511	1000	2.953014842541036	0.25297147616000104	0	511	0.947750000000005	0.9902152641878669	43.93796261548996
398	39800	511	1000	3.0940740972151777	0.2442554717512827	0	511	0.947750000000005	0.9902152641878669	43.989348363876346
399	39900	511	1000	2.9240808033272425	0.25483675034216835	0	511	0.947750000000005	0.9902152641878669	44.04146468242009
400	40000	511	1000	2.9569040120732586	0.2527228350621627	0	511	0.9477500000000051	0.9902152641878669	44.094058465957644
401	40100	511	1000	2.807007271719815	0.26267351980871056	0	511	0.9477500000000051	0.9921722113502935	44.15736688375473
402	40200	510	1000	3.1297486375645502	0.24214548820330462	0	510	0.947750000000005	0.9921568627450981	44.21750709613164
403	40300	509	1000	3.075768811615806	0.24535248347502764	0	509	0.9477500000000049	0.9901768172888016	44.27709078391393
404	40400	508	1000	2.9050430124293234	0.25607912558635326	0	508	0.9478000000000051	0.9940944881889764	44.335717566808064
405	40500	507	1000	2.6982587233635	0.2703975234838405	0	507	0.9478000000000052	0.9940828402366864	44.39653565088908
406	40600	507	1000	2.73513878351732	0.26772766902608	0	507	0.947800000000005	0.9940828402366864	44.45408626794815
407	40700	506	1000	2.4895045103480045	0.286573637327172	0	506	0.947800000000005	0.9960474308300395	44.51261065006256
408	40800	505	1000	2.7277317755268453	0.26825964426012616	0	505	0.9478000000000049	0.998019801980198	44.56834611495336
409	40900	502	1000	2.693139178564005	0.2707723569705347	0	502	0.9478000000000046	0.99800796812749	44.62298738161723
410	41000	501	1000	2.589547026950561	0.2785866830806039	0	501	0.9478000000000049	0.998003992015968	44.67960253556569
411	41100	501	1000	2.3904642170586334	0.29494486181822643	0	501	0.9478000000000049	0.998003992015968	44.73270941575368
412	41200	499	1000	2.718971214309353	0.26889156768741196	0	499	0.947800000000005	0.9979959919839679	44.78612147967021
413	41300	499	1000	2.6057403776437673	0.27733555255397146	0	499	0.9478000000000053	0.9979959919839679	44.83837278286616
414	41400	498	1000	2.6981740414443194	0.2704037151289534	0	498	0.947800000000005	0.9979919678714859	44.88779638210932
415	41500	498	1000	2.6523734771360132	0.2737945629766603	0	498	0.9478000000000052	0.9959839357429718	44.93959121704101
416	41600	499	1000	2.6457550176092766	0.2742916063119774	0	499	0.9478000000000055	0.9939879759519038	44.99319536685944
417	41700	497	1000	2.54755988760805	0.28188389532001734	0	497	0.9478000000000055	0.993963782696177	45.04499881664912
418	41800	498	1000	2.7839431628722506	0.2642745826131641	0	498	0.9478000000000053	0.9919678714859438	45.09981768131256
419	41900	498	1000	2.7328073808030786	0.2678948839264402	0	498	0.9478000000000053	0.9919678714859438	45.15241148074468
420	42000	496	1000	2.5696019362448985	0.2801432814808383	0	496	0.9478000000000052	0.9919354838709677	45.20312076807022
421	42100	495	1000	2.2919658939425855	0.30376985431108505	0	495	0.9478000000000052	0.98989898989899	45.2542516152064
422	42200	494	1000	2.604827741385979	0.2774057657511039	0	494	0.9478000000000051	0.9898785425101214	45.307258582115175
423	42300	495	1000	2.6824217403213195	0.27156042151563614	0	495	0.947800000000005	0.9878787878787879	45.36008165280024
424	42400	495	1000	2.752370073136455	0.26649823458487937	0	495	0.947800000000005	0.9878787878787879	45.41127720276515
425	42500	495	1000	2.696916114336289	0.270495723752588	0	495	0.9478000000000051	0.98989898989899	45.46268819967906
426	42600	494	1000	2.7756719890435746	0.26485351558658904	0	494	0.947800000000005	0.9919028340080972	45.51373230218887
427	42700	494	1000	2.562003578815739	0.28074087458734964	0	494	0.9478000000000049	0.9919028340080972	45.56396600008011
428	42800	493	1000	2.7169977802528265	0.2690343280032793	0	493	0.9478000000000049	0.9939148073022313	45.61487726370493
429	42900	490	1000	2.575044947311712	0.2797167629324379	0	490	0.947850000000005	0.9938775510204082	45.66582534710566
430	43000	489	1000	2.650425230529815	0.27394068823452167	0	489	0.9478500000000051	0.9918200408997955	45.717073599497475
431	43100	488	1000	2.5881262717045597	0.27869699232322287	0	488	0.9478500000000047	0.9938524590163934	45.76852036714554
432	43200	488	1000	2.723281951788446	0.2685802506897601	0	488	0.947850000000005	0.9938524590163934	45.81876765092214
433	43300	487	1000	2.668836688605863	0.2725659616045745	0	487	0.947850000000005	0.997946611909651	45.86773239771525
434	43400	484	1000	2.672903369635862	0.272264173423964	0	484	0.947850000000005	0.9979338842975206	45.91646531422933
435	43500	482	1000	2.701533782539944	0.2701582799857126	0	482	0.9478500000000046	0.9979253112033195	45.96570785045624
436	43600	479	1000	2.635421589110827	0.27507126078452593	0	479	0.9478500000000045	0.9979123173277662	46.0125860174497
437	43700	479	1000	2.358568996648553	0.29774585574924306	0	479	0.9478500000000046	0.9979123173277662	46.059194298585254
438	43800	479	1000	2.547936840533505	0.28185394637679895	0	479	0.9478500000000045	0.9979123173277662	46.10587626695633
439	43900	480	1000	2.482461857928608	0.28715318093815584	0	480	0.9478500000000045	0.9958333333333333	46.153515966733295
440	44000	478	1000	2.5194768508886494	0.2841331374995421	0	478	0.9478500000000046	0.997907949790795	46.19991509914398
441	44100	477	1000	2.454623846774163	0.28946711548169674	0	477	0.9478500000000046	0.9979035639412998	46.24567308425903
442	44200	477	1000	2.689936211951804	0.27100739485982783	0	477	0.947850000000005	0.9979035639412998	46.29144288301468
443	44300	478	1000	2.6609845814645396	0.2731505631198152	0	478	0.947850000000005	0.9916317991631799	46.33959564765294
444	44400	477	1000	2.653884636842015	0.27368132806302325	0	477	0.9478500000000047	0.9916142557651991	46.387106800079344
445	44500	479	1000	2.8284525009586017	0.26120214362059113	0	479	0.9478500000000052	0.9874739039665971	46.43632954756419
446	44600	478	1000	2.9744356860988326	0.2516080467719343	0	478	0.9478500000000051	0.9874476987447699	46.48650869925817
447	44700	478	1000	2.745614180941878	0.2669789123204725	0	478	0.9478500000000051	0.9874476987447699	46.53828738133112
448	44800	478	1000	3.0618948659856704	0.24619051772462291	0	478	0.947850000000005	0.9832635983263598	46.59260271787643
449	44900	477	1000	2.941463705804141	0.2537128525444532	0	477	0.947850000000005	0.9853249475890985	46.64791334867478
450	45000	477	1000	2.802170120651686	0.2630076951497903	0	477	0.9479000000000048	0.9832285115303984	46.706204466025035
451	45100	478	1000	2.7417690746692394	0.2672532644437436	0	478	0.947900000000005	0.9811715481171548	46.76433156728744
452	45200	478	1000	3.114697359370708	0.24303123964211493	0	478	0.947900000000005	0.9811715481171548	46.823360884189604
453	45300	478	1000	3.0982747251009717	0.24400511607365769	0	478	0.947900000000005	0.9874476987447699	46.880050067106886
454	45400	477	1000	3.203163916175259	0.23791601278066907	0	477	0.947900000000005	0.9853249475890985	46.93876416285833
455	45500	477	1000	3.2413851794676103	0.2357720314676826	0	477	0.9479500000000051	0.9874213836477987	47.00622323354085
456	45600	476	1000	3.3037010871812234	0.23235814470910798	0	476	0.9479500000000051	0.9873949579831933	47.0669776002566
457	45700	475	1000	3.0039382805959023	0.24975409956898015	0	475	0.9479500000000051	0.9873684210526316	47.13018920024236
458	45800	477	1000	3.162023657168484	0.24026773569094073	0	477	0.9479500000000053	0.9853249475890985	47.18860326608022
459	45900	476	1000	3.0808868727170244	0.24504477364603036	0	476	0.9479500000000053	0.9852941176470589	47.24508946736653
460	46000	477	1000	3.2779293324303374	0.23375795210527453	0	477	0.9479500000000054	0.9853249475890985	47.29947834809621
461	46100	478	1000	3.138362674498222	0.2416414603201133	0	478	0.9479500000000054	0.9853556485355649	47.351905433336896
462	46200	477	1000	3.651980281441271	0.2149622181309378	0	477	0.9479500000000053	0.9853249475890985	47.40397846698761
463	46300	477	1000	3.6479168675410927	0.2151501475819283	0	477	0.9479500000000053	0.9853249475890985	47.455491232872006
464	46400	481	1000	3.5785722239025652	0.21840869841027555	0	481	0.9479500000000055	0.9792099792099792	47.510519746939345
465	46500	479	1000	3.557756600407106	0.21940618766493108	0	479	0.9479500000000054	0.9812108559498957	47.562407684326175
466	46600	478	1000	3.6448967327944355	0.21529003926818965	0	478	0.9479500000000054	0.9790794979079498	47.61428033113479
467	46700	478	1000	3.3817634727550474	0.2282186170517431	0	478	0.9481000000000055	0.9728033472803347	47.67598813374837
468	46800	478	1000	3.5923453789389854	0.2177536568974348	0	478	0.9481000000000056	0.9790794979079498	47.72965641419093
469	46900	479	1000	3.395972920679765	0.22748092812304369	0	479	0.9481000000000052	0.9749478079331941	47.78292571703593
470	47000	478	1000	3.396612376044484	0.22744784267283386	0	478	0.9481000000000053	0.9769874476987448	47.836670112609866
471	47100	476	1000	3.268260860022401	0.23428746105146714	0	476	0.9481000000000055	0.976890756302521	47.88965768019359
472	47200	475	1000	3.5183641220548436	0.22131903781699294	0	475	0.9481000000000056	0.9768421052631578	47.94187483390172
473	47300	474	1000	3.3603670114117303	0.22933849315501448	0	474	0.9481000000000055	0.9767932489451476	47.99481023152669
474	47400	473	1000	3.4208935973828556	0.2261986130116306	0	473	0.9481000000000053	0.985200845665962	48.04840776522954
475	47500	473	1000	3.2919225805758368	0.23299581509828457	0	473	0.9481000000000054	0.985200845665962	48.0996443827947
476	47600	473	1000	3.374917742241529	0.22857572620042932	0	473	0.9481000000000055	0.9873150105708245	48.151775066057844
477	47700	472	1000	3.066578182732982	0.24590698987322568	0	472	0.9481000000000054	0.9936440677966102	48.20334316889445
478	47800	472	1000	3.1477772360923484	0.24109298621401068	0	472	0.9481000000000055	0.9936440677966102	48.25384649833043
479	47900	473	1000	2.968520970710025	0.2519830454168132	0	473	0.9481000000000055	0.9936575052854123	48.305603881676994
480	48000	474	1000	2.878759641355675	0.257814376879122	0	474	0.9481000000000052	0.9915611814345991	48.35886886517207
481	48100	473	1000	2.606243504963112	0.2772968599108032	0	473	0.9481000000000053	0.9936575052854123	48.41392708222072
482	48200	472	1000	2.9170752657493253	0.2552925160116123	0	472	0.9481000000000053	0.9936440677966102	48.46671869754791
483	48300	471	1000	2.782165099424054	0.26439882282036803	0	471	0.9481000000000052	0.9936305732484076	48.519736766815186
484	48400	471	1000	2.749761677643042	0.26668361511139077	0	471	0.9481000000000049	0.9936305732484076	48.574161330858864
485	48500	472	1000	2.7173373349244136	0.26900975346116485	0	472	0.9481000000000052	0.9915254237288136	48.62846653461456
486	48600	471	1000	2.77985049559704	0.2645607283052201	0	471	0.9481000000000054	0.9893842887473461	48.684132583936055
487	48700	470	1000	2.4680952185490828	0.2883427175388689	0	470	0.9481000000000054	0.9893617021276596	48.740298668543495
488	48800	469	1000	2.705154856408604	0.2698942524009097	0	469	0.9481000000000053	0.9893390191897654	48.795327099164325
489	48900	469	1000	2.6987815462302436	0.2703593027869377	0	469	0.9481000000000053	0.9914712153518124	48.84985248247782
490	49000	468	1000	2.6575854967224353	0.2734044086997011	0	468	0.9481000000000053	0.9914529914529915	48.90239008267721
491	49100	466	1000	2.620778795193429	0.2761836766519668	0	466	0.948100000000005	0.9914163090128756	48.95464353164037
492	49200	467	1000	2.89736566936948	0.25658357075890725	0	467	0.9481000000000054	0.9892933618843683	49.0069628516833
493	49300	468	1000	2.8737854841434607	0.2581454249579108	0	468	0.9481000000000055	0.9871794871794872	49.06078894933065
494	49400	468	1000	2.8747386435088758	0.2580819229382714	0	468	0.9481000000000055	0.9871794871794872	49.11497291723887
495	49500	468	1000	2.771573942456083	0.2651412951879689	0	468	0.9481000000000054	0.9829059829059829	49.17793096701304
496	49600	468	1000	2.614346522960018	0.2766751869660346	0	468	0.9481000000000054	0.9850427350427351	49.243956748644514
497	49700	472	1000	2.4352453243962566	0.29110002505446964	0	472	0.9481000000000055	0.9766949152542372	49.309363917509714
498	49800	471	1000	2.6444614265429194	0.27438896532610163	0	471	0.9481000000000052	0.9745222929936306	49.37882838249207
499	49900	471	1000	2.595190491728245	0.2781493782598679	0	471	0.948150000000005	0.9723991507430998	49.458106100559235
500	50000	470	1000	2.6342735495095093	0.27515815372097197	0	470	0.9481500000000048	0.9744680851063829	49.52865434885025
